0 0
1 0
2 0
3 5
4 1
5 2
6 2
7 8
8 11
9 2
10 5
11 4
12 3
13 5
14 15
15 8
16 7
17 5
18 11
19 2
###
0 44
1 66
2 44
3 14
4 8
5 24
6 2
7 38
8 54
9 15
10 25
11 22
12 5
13 9
14 13
15 38
16 28
17 4
18 11
19 20
###
1 0 2
2 0 0
2 1 2
4 0 1
4 1 3
4 2 1
6 5 1
10 3 1
11 3 1
11 10 0
12 3 3
12 10 4
12 11 4
15 8 0
17 13 1
18 14 5
19 5 1
19 6 2
19 9 3
###
0 5 1 7
0 7 2 22
0 11 0 12
1 8 2 31
1 9 1 6
1 15 2 24
2 10 0 15
2 16 1 19
2 19 2 7
3 13 2 2
3 17 1 1
4 5 0 3
4 6 1 1
4 19 1 2
5 10 1 7
5 12 3 2
7 8 0 8
7 15 0 1
8 14 2 11
9 11 1 7
10 13 1 1
11 17 0 2
13 16 0 3
15 18 3 8
16 7 1 4
19 3 1 7
