0 0
1 0
2 0
3 0
4 0
5 2
6 2
7 3
8 1
9 2
10 6
11 8
12 3
13 3
14 6
15 5
16 2
17 3
18 6
19 8
###
0 20
1 24
2 13
3 8
4 7
5 9
6 7
7 14
8 17
9 13
10 19
11 6
12 13
13 7
14 6
15 18
16 5
17 16
18 15
19 6
###
1 0 0
2 0 2
2 1 2
3 0 2
3 1 2
3 2 1
4 0 1
4 1 1
4 2 1
4 3 2
6 5 3
8 5 2
9 5 3
9 6 1
9 8 1
13 7 2
14 10 4
15 7 4
15 12 1
15 13 2
16 8 2
17 7 1
17 13 2
17 15 2
18 10 1
19 10 2
19 14 6
19 18 3
###
0 5 1 2
0 6 2 3
0 7 1 4
0 9 1 3
1 13 1 4
1 17 2 5
1 18 2 8
2 12 0 5
2 15 0 7
3 8 1 2
3 16 2 3
4 8 1 2
4 9 0 3
5 7 0 1
5 17 1 2
6 13 1 1
7 14 1 5
8 10 0 6
8 12 0 2
9 15 1 3
10 11 3 3
12 18 1 3
15 19 1 5
17 10 2 4
