0 0
1 1
2 0
3 0
4 0
5 1
6 1
7 3
8 3
9 5
10 2
11 7
12 4
13 5
14 3
15 7
16 4
17 7
18 7
19 9
20 10
21 2
###
0 28
1 29
2 17
3 16
4 32
5 9
6 8
7 17
8 15
9 20
10 9
11 22
12 19
13 19
14 15
15 27
16 18
17 20
18 5
19 23
20 8
21 4
###
1 0 2
2 0 1
2 1 2
3 0 2
3 1 2
3 2 2
4 1 3
4 3 1
5 1 2
5 3 0
5 4 1
7 6 1
9 8 1
13 11 2
14 6 2
14 7 1
16 8 2
16 9 1
17 13 1
18 11 2
18 13 4
19 15 3
###
0 8 0 4
0 13 0 9
0 17 1 12
1 12 0 6
1 19 2 15
1 21 2 2
2 10 1 2
2 15 1 12
3 6 1 1
3 7 0 5
3 14 0 6
4 9 0 9
4 11 0 13
4 16 0 8
5 7 1 4
5 14 0 4
6 8 1 4
7 9 2 4
8 13 0 4
9 11 0 3
10 12 1 4
11 19 1 4
12 17 1 5
13 15 1 3
14 16 2 2
15 20 2 6
16 18 1 4
