0 0
1 0
2 0
3 1
4 1
5 0
6 2
7 1
8 3
9 3
10 3
11 2
12 4
13 1
14 5
15 6
16 8
17 5
18 1
19 9
20 8
21 4
###
0 28
1 16
2 20
3 11
4 22
5 18
6 8
7 23
8 19
9 16
10 23
11 15
12 22
13 7
14 28
15 29
16 7
17 29
18 14
19 11
20 8
21 18
###
1 0 2
3 2 2
4 0 1
4 2 1
5 0 1
5 2 2
5 3 1
5 4 1
11 6 1
11 7 1
11 9 0
12 8 2
12 10 1
17 14 2
17 15 2
18 9 1
18 11 1
19 16 0
20 19 4
21 8 1
21 12 2
###
0 7 1 2
0 12 1 9
0 14 0 14
1 10 1 8
1 13 4 3
2 8 0 8
2 21 1 10
3 9 1 6
3 18 0 2
4 6 0 4
4 11 0 3
4 15 1 13
5 9 0 8
5 11 0 4
5 18 0 4
6 8 1 3
7 10 1 5
7 17 2 11
8 15 0 6
10 14 0 6
11 12 1 5
12 17 0 4
14 16 1 6
15 20 2 6
17 19 2 9
18 21 1 6
