0 0
1 0
2 0
3 0
4 1
5 1
6 0
7 3
8 6
9 2
10 9
11 10
12 0
13 13
14 4
15 6
16 9
17 14
18 2
19 17
###
0 42
1 11
2 49
3 64
4 19
5 9
6 3
7 16
8 24
9 11
10 27
11 33
12 10
13 40
14 19
15 23
16 7
17 39
18 13
19 42
###
2 0 2
2 1 0
3 0 3
3 1 2
3 2 2
5 0 1
5 1 2
5 2 1
5 3 2
9 6 2
16 13 4
###
0 4 1 2
0 10 2 16
0 11 1 19
1 6 1 0
1 9 2 5
1 12 2 1
2 14 1 7
2 15 1 10
2 17 1 28
3 13 1 25
3 18 0 2
3 19 1 34
4 7 1 4
4 8 2 9
5 7 0 5
5 9 1 3
6 12 1 1
7 8 1 5
8 10 1 5
10 11 0 2
11 13 3 7
12 18 2 3
13 17 1 2
14 15 1 3
15 16 2 5
17 19 1 6
18 14 1 5
