0 0
1 0
2 0
3 0
4 1
5 0
6 2
7 0
8 2
9 3
10 4
11 4
12 4
13 3
14 1
15 7
16 7
17 9
18 1
19 9
###
0 3
1 43
2 17
3 18
4 25
5 13
6 28
7 20
8 44
9 28
10 27
11 25
12 30
13 5
14 13
15 47
16 45
17 9
18 8
19 10
###
1 0 3
3 0 3
3 1 2
4 0 3
4 1 0
4 3 2
5 2 1
6 5 4
8 7 1
9 5 3
9 6 1
10 8 3
11 10 0
12 7 1
12 8 2
12 10 3
12 11 3
14 13 2
15 13 3
15 14 3
16 15 1
18 13 5
18 14 5
18 15 4
19 17 0
###
0 2 1 0
0 5 2 0
1 6 1 6
1 9 0 10
1 16 1 25
2 12 0 16
3 7 1 2
3 8 0 8
3 14 1 6
4 6 1 3
4 9 0 7
4 12 2 12
5 7 2 1
5 8 1 7
6 10 0 8
6 11 0 9
7 14 2 4
7 18 3 5
8 13 1 4
8 15 2 21
9 10 1 4
9 11 1 5
10 15 1 13
11 16 0 10
15 19 2 8
16 17 1 8
