0 0
1 0
2 0
3 0
4 0
5 0
6 1
7 0
8 2
9 1
10 2
11 3
12 6
13 4
14 4
15 8
16 3
17 4
18 11
19 7
20 4
###
0 19
1 16
2 7
3 4
4 16
5 4
6 7
7 5
8 11
9 11
10 12
11 10
12 18
13 9
14 12
15 19
16 12
17 5
18 5
19 5
20 11
###
1 0 2
2 0 3
3 1 2
3 2 3
4 0 2
4 1 2
4 3 4
5 0 3
5 1 3
5 2 2
5 3 1
5 4 5
9 7 2
10 7 1
12 11 3
14 8 1
15 13 1
16 8 4
17 8 5
17 16 3
19 11 5
20 8 3
20 14 2
20 16 1
###
0 14 0 4
0 15 1 8
0 20 2 4
1 11 3 4
1 12 2 7
2 9 1 2
2 16 0 4
3 7 0 0
3 10 1 3
4 6 1 2
4 8 3 3
4 13 2 5
5 7 1 0
5 9 1 2
6 14 1 3
7 8 1 3
8 11 0 1
9 20 2 3
10 16 2 1
10 17 3 2
11 13 1 1
12 15 3 2
14 12 2 2
15 18 2 3
16 19 1 4
