0 0
1 1
2 0
3 1
4 0
5 0
6 2
7 1
8 3
9 2
10 4
11 0
12 2
13 3
14 5
15 4
16 5
17 11
18 7
19 5
###
0 5
1 18
2 15
3 2
4 14
5 8
6 11
7 19
8 16
9 11
10 14
11 10
12 16
13 7
14 16
15 14
16 9
17 8
18 24
19 5
###
1 0 3
2 0 2
2 1 2
3 1 3
3 2 3
4 1 4
4 2 3
4 3 0
6 5 2
9 6 2
11 7 1
11 8 2
12 10 2
13 10 1
13 12 2
15 8 1
16 12 2
16 13 4
18 14 2
19 10 3
19 13 3
###
0 5 1 1
0 7 0 3
1 6 1 2
1 14 2 7
1 15 1 4
2 8 2 5
2 11 1 1
2 12 2 4
3 9 0 2
4 9 0 3
4 18 0 11
5 7 1 2
5 11 1 1
6 8 2 1
6 15 1 2
7 12 2 1
7 16 3 5
8 10 1 2
8 13 1 1
9 10 1 4
10 18 1 4
11 13 1 4
12 14 1 5
15 19 2 2
18 17 1 6
