3 1 1 2
140 1 1 2
216 1 1 2
349 1 1 2
86 1 1 1
352 1 1 3
282 1 1 2
18 1 1 1
5 1 1 3
147 1 1 1
88 1 1 3
358 1 1 1
83 1 1 2
0 1 2 3
143 1 1 2
77 1 1 2
214 1 1 1
288 1 1 1
87 1 1 1
281 1 1 2
280 1 1 2
229 1 1 1
39 1 1 2
241 1 1 3
35 1 1 3
71 1 1 1
350 1 1 2
306 1 1 3
112 1 1 1
226 1 1 1
303 1 1 2
29 1 4 1
117 1 1 3
15 1 1 1
120 1 1 4
141 1 1 2
91 1 2 2
142 1 1 2
154 1 2 2
153 1 1 2
307 1 1 1
189 1 1 1
79 1 1 1
316 1 1 1
97 1 2 2
163 1 2 3
44 1 1 2
248 1 1 2
27 1 2 3
73 1 1 2
190 1 1 2
228 1 1 2
363 1 1 1
75 1 1 2
113 1 1 1
40 1 2 2
12 1 1 2
162 1 3 4
42 1 1 2
109 1 1 1
100 1 1 2
114 1 1 2
217 1 1 3
128 1 1 4
17 1 1 2
184 1 1 2
53 1 1 1
378 1 1 2
65 1 1 1
246 1 2 2
354 1 1 3
118 1 1 2
59 1 1 1
301 1 1 3
94 1 1 2
148 1 1 2
183 1 1 2
318 1 1 3
257 1 1 2
101 1 1 3
172 1 1 2
236 1 2 1
293 1 1 1
309 1 2 2
353 1 2 2
210 1 1 2
55 1 1 2
32 1 1 1
188 1 2 2
145 1 1 2
14 1 1 1
92 1 1 2
69 1 1 2
196 1 1 2
95 1 1 3
10 1 1 2
381 1 1 2
61 1 1 2
106 1 1 2
107 1 1 2
192 1 1 2
199 1 1 2
164 1 1 2
41 1 1 2
130 1 1 3
166 1 3 2
242 1 2 2
124 1 1 1
93 1 1 1
327 1 2 3
180 1 1 1
104 1 1 2
7 1 2 1
16 1 1 1
330 1 1 2
312 1 1 1
375 1 1 1
2 1 1 3
60 1 1 2
300 1 2 2
267 1 1 3
119 1 2 2
361 1 1 1
231 1 2 2
247 1 1 2
285 1 1 1
355 1 3 4
392 1 1 3
174 1 1 2
395 1 1 2
263 1 1 2
324 1 1 2
110 1 1 1
346 1 2 1
351 1 1 1
102 1 2 3
253 1 1 2
136 1 1 2
182 1 1 1
275 1 2 2
317 1 1 2
194 1 1 2
286 1 1 1
270 1 1 1
337 1 1 2
268 1 1 3
383 1 1 2
23 1 2 3
341 1 2 2
372 1 1 1
96 1 2 2
292 1 1 2
208 1 2 2
304 1 1 1
36 1 1 2
181 1 2 2
274 1 3 2
54 1 2 4
90 1 2 2
58 1 1 4
326 1 2 1
269 1 1 3
289 1 1 1
321 1 3 2
24 1 1 1
89 1 2 1
171 1 1 2
63 1 2 2
132 1 3 3
382 1 1 2
123 1 2 2
278 1 1 2
322 1 1 2
133 1 2 2
391 1 1 2
227 1 1 3
51 1 1 2
38 1 2 2
57 1 2 2
360 1 3 2
84 1 1 2
297 1 2 3
48 1 1 2
43 1 1 3
396 1 1 1
362 1 1 3
339 1 1 4
386 1 2 1
19 1 2 1
137 1 1 3
72 1 2 2
232 1 2 1
158 1 1 2
245 1 1 1
272 1 1 2
340 1 2 4
9 1 2 1
284 1 2 1
11 1 2 2
222 1 1 1
220 1 2 2
260 1 3 2
342 1 2 1
74 1 2 1
33 1 1 2
287 1 2 2
149 1 1 4
343 1 2 1
80 1 3 2
213 1 2 3
8 2 3 2
98 1 1 3
179 1 1 3
81 1 6 3
344 1 2 2
26 1 2 2
276 1 2 1
315 1 1 2
308 1 2 2
45 2 4 3
218 1 3 1
28 1 1 1
347 1 2 1
150 1 2 1
34 1 1 2
219 1 1 2
221 1 3 1
157 1 2 2
224 1 2 1
356 1 3 2
250 1 2 2
379 1 3 2
187 1 1 2
30 1 1 3
359 1 1 3
64 1 1 3
20 1 6 1
225 1 3 2
165 1 2 2
31 1 2 1
186 1 1 3
160 1 2 2
200 1 1 3
207 1 1 2
374 1 1 2
385 1 2 3
223 1 2 1
22 1 4 1
139 1 1 1
273 1 1 2
299 1 2 1
235 1 4 2
239 1 4 2
21 1 4 1
333 1 1 2
233 1 3 3
169 1 2 1
170 1 6 1
244 1 4 1
197 1 1 2
364 1 2 3
329 1 2 3
116 1 2 2
176 1 1 1
331 1 3 1
185 1 2 2
305 1 3 1
368 1 2 2
311 1 3 1
370 1 2 2
367 1 3 3
310 1 2 1
46 1 2 1
249 1 2 1
366 1 3 1
178 1 2 1
125 1 2 3
266 1 2 5
394 1 1 1
126 1 1 1
52 1 1 1
201 1 2 2
62 1 1 1
388 1 1 1
56 1 3 1
191 1 2 1
193 1 2 2
135 1 1 1
203 1 1 2
258 1 3 1
204 1 2 3
377 1 2 3
202 1 1 1
338 1 2 2
198 1 3 2
334 1 3 1
336 1 3 2
277 1 1 1
264 1 2 3
271 1 3 2
138 1 8 1
397 1 4 1
480 1 1 3
483 1 1 3
496 1 1 3
562 1 1 2
500 1 1 2
499 1 2 2
502 1 1 2
409 1 1 2
658 1 1 1
414 1 2 1
484 1 1 1
485 1 1 2
722 1 1 2
501 1 1 2
801 1 1 2
417 1 1 2
732 1 1 1
560 1 1 1
652 1 1 2
906 1 1 3
574 1 2 2
642 1 1 2
803 1 3 3
519 1 1 1
580 1 1 2
643 1 1 1
727 1 1 1
492 1 1 2
510 1 1 1
497 1 1 1
531 1 1 1
649 1 1 3
490 1 2 2
656 1 1 2
720 1 2 3
920 1 1 2
808 1 1 3
904 1 1 1
516 1 1 3
518 1 2 2
734 1 1 2
676 1 1 1
913 1 2 1
901 1 1 2
724 1 1 2
590 1 1 2
908 1 1 2
812 1 1 3
924 1 1 3
757 1 1 2
907 1 2 2
523 1 1 1
482 1 1 1
567 1 1 2
748 1 1 1
538 1 1 1
591 1 1 2
749 1 1 2
435 1 2 2
528 1 1 2
735 1 1 1
429 1 1 2
495 1 1 4
419 1 1 1
433 1 1 2
665 1 1 1
767 1 1 3
810 1 1 1
774 1 1 1
434 1 2 2
763 1 1 2
668 1 2 1
923 1 1 1
921 1 1 1
641 1 1 3
416 1 1 2
805 1 4 3
664 1 1 2
546 1 1 1
448 1 1 1
602 1 1 1
565 1 1 2
916 1 1 2
833 1 1 1
758 1 1 2
837 1 1 2
661 1 1 1
644 1 1 2
784 1 1 2
460 1 1 1
535 1 1 1
401 1 2 1
759 1 1 3
813 1 3 2
404 1 1 2
441 1 1 2
489 1 1 2
614 1 1 2
829 1 1 2
585 1 1 3
682 1 1 2
571 1 4 1
425 1 1 3
747 1 1 1
825 1 2 2
598 1 1 1
570 1 1 2
729 1 1 3
588 1 3 2
765 1 1 2
566 1 3 2
586 1 1 3
445 1 1 3
932 1 2 2
648 1 2 1
557 1 2 3
843 1 1 2
790 1 1 2
508 1 1 2
529 1 1 3
832 1 1 1
449 1 1 1
947 1 1 2
455 1 1 2
836 1 1 1
505 1 2 2
418 1 1 2
430 1 1 2
839 1 1 1
772 1 1 3
786 1 1 1
467 1 1 1
935 1 2 1
539 1 1 2
702 1 1 1
684 1 1 1
471 1 1 2
697 1 1 2
454 1 1 2
955 1 1 3
603 1 1 2
785 1 1 2
848 1 1 2
605 1 1 1
782 1 2 2
572 1 2 1
553 1 1 2
775 1 1 2
453 1 1 1
662 1 1 1
491 1 2 4
559 1 1 3
599 1 1 2
554 1 1 1
793 1 1 2
573 1 2 2
842 1 1 2
620 1 1 1
863 1 1 1
525 1 2 2
549 1 1 1
961 1 1 1
931 1 2 1
612 1 3 2
766 1 1 2
953 1 1 1
660 1 1 2
760 1 1 2
677 1 1 1
847 1 1 1
696 1 1 2
737 1 1 2
859 1 2 3
850 1 1 2
864 1 2 3
432 1 2 2
929 1 1 2
631 1 1 1
830 1 1 1
788 1 1 2
942 1 2 2
853 1 1 1
715 1 1 1
436 1 1 1
797 1 1 3
670 1 1 2
556 1 1 3
596 1 1 2
779 1 1 3
626 1 1 2
606 1 1 2
822 1 1 2
958 1 1 2
949 1 1 2
802 1 1 1
716 1 1 1
750 1 1 1
421 1 2 3
957 1 1 2
551 1 2 1
940 1 1 2
558 1 2 2
424 1 1 1
673 1 1 1
699 1 2 3
977 1 1 3
826 1 4 2
411 1 1 1
675 1 2 3
823 1 1 2
861 1 2 1
928 1 3 2
443 1 1 2
917 1 1 3
636 1 1 2
532 1 1 1
437 1 1 2
513 1 1 1
619 1 1 1
769 1 2 1
615 1 1 2
714 1 1 1
783 1 2 2
851 1 1 1
881 1 2 2
900 1 2 2
681 1 2 3
887 1 1 1
568 1 2 2
938 1 1 3
796 1 1 2
925 1 1 2
968 1 1 1
423 1 2 2
487 1 1 2
634 1 1 1
791 1 1 3
883 1 1 2
988 1 1 1
970 1 1 1
633 1 3 2
795 1 1 2
691 1 1 2
893 1 1 1
698 1 1 1
852 1 1 1
912 1 1 2
728 1 1 2
824 1 2 3
440 1 1 2
978 1 1 2
408 1 1 2
578 1 1 1
814 1 1 2
442 1 2 2
703 1 2 3
979 1 1 1
892 1 1 1
860 1 1 2
515 1 1 2
555 1 3 2
584 1 1 1
866 1 1 1
537 1 2 2
438 1 1 2
709 1 1 1
550 1 1 2
486 1 1 3
456 1 2 1
479 1 2 2
671 1 3 3
705 1 1 1
638 1 1 3
966 1 1 1
909 1 1 2
965 1 1 2
608 1 1 2
840 1 1 2
595 1 2 2
547 1 2 3
645 1 2 1
650 1 1 2
464 1 1 2
762 1 1 3
689 1 1 2
563 1 2 2
834 1 1 1
413 1 1 2
945 1 3 1
708 1 3 4
726 1 2 1
498 1 2 1
415 1 4 1
688 1 1 2
640 1 3 1
885 1 1 3
731 1 1 2
504 1 1 2
969 1 1 2
655 1 3 2
646 1 3 1
569 1 2 2
506 1 1 2
657 1 2 2
422 1 2 3
865 1 1 1
622 1 1 2
899 1 1 1
856 1 1 3
751 1 2 1
811 1 1 2
800 1 1 1
511 1 2 1
936 1 1 1
862 1 1 1
653 1 3 2
987 1 2 1
403 1 6 1
992 1 1 2
738 1 2 2
512 2 4 2
517 1 2 1
624 1 1 2
663 1 1 1
541 1 2 3
428 1 2 1
669 1 1 1
577 1 3 1
905 1 2 2
831 1 2 1
895 1 2 3
739 1 4 1
933 1 1 3
764 1 3 2
806 1 3 2
910 1 2 1
520 1 2 1
746 1 2 2
952 1 1 1
475 1 1 2
870 1 1 2
990 1 1 2
431 1 1 2
914 1 2 1
477 1 2 2
524 1 4 2
807 1 2 1
743 1 3 2
526 1 4 1
742 1 2 1
687 1 1 3
534 1 2 2
667 1 3 1
973 1 1 1
472 1 2 1
919 1 2 2
963 1 2 2
753 2 2 1
632 1 1 2
741 1 8 1
611 1 2 2
672 1 2 1
799 1 2 2
889 1 1 3
896 1 2 3
587 1 1 1
755 1 2 2
635 1 3 4
752 1 3 2
600 1 1 2
809 1 5 1
674 1 3 2
996 1 2 2
427 1 3 2
869 1 1 1
623 1 1 3
817 1 1 2
781 1 1 1
592 1 3 2
686 1 1 3
820 1 1 1
798 1 1 2
444 1 3 2
818 1 2 1
967 1 1 2
926 1 2 3
446 1 2 2
922 1 3 1
451 1 1 2
597 1 2 1
601 1 1 2
545 1 3 2
552 1 1 2
891 1 3 1
771 1 2 2
450 1 3 1
680 1 2 1
819 1 2 2
991 1 1 1
972 1 2 3
604 1 1 2
462 1 2 1
937 1 2 1
777 1 2 1
948 1 2 2
941 1 4 1
778 1 1 2
607 1 1 1
835 1 1 2
962 1 2 1
780 1 2 2
946 1 2 1
458 1 2 1
707 1 2 2
609 1 2 1
890 1 2 1
700 1 6 1
787 1 1 2
613 1 2 1
693 1 4 2
610 1 3 1
846 1 3 2
897 1 1 2
469 1 3 2
794 1 3 1
470 1 1 2
867 1 1 1
474 1 3 1
473 1 1 1
466 1 4 1
857 1 2 2
478 1 3 1
999 1 2 4
625 1 3 1
994 1 1 1
872 1 3 3
712 1 3 2
713 1 3 1
710 1 2 1
630 2 4 2
628 1 2 2
717 1 3 3
