0 1
1 0
2 0
3 4
4 0
5 2
6 3
7 9
8 12
9 0
10 4
11 2
12 3
13 6
14 15
15 10
16 8
17 4
18 12
19 0
###
0 22
1 41
2 23
3 14
4 12
5 16
6 6
7 25
8 33
9 6
10 16
11 14
12 4
13 12
14 7
15 24
16 22
17 8
18 4
19 9
###
1 0 1
2 0 3
2 1 2
4 0 1
4 1 2
4 2 2
6 5 2
10 3 0
11 3 1
11 10 1
12 3 2
12 10 2
12 11 3
15 8 1
17 13 1
18 14 1
19 5 1
19 6 3
19 9 1
###
0 5 2 2
0 7 0 15
0 11 1 2
1 8 1 21
1 9 1 0
1 15 0 18
2 10 1 7
2 16 2 13
2 19 0 0
3 13 0 5
3 17 1 1
4 5 1 3
4 6 1 5
4 19 2 0
5 10 0 4
5 12 2 2
7 8 0 4
7 15 1 1
8 14 1 6
9 11 1 4
10 13 0 4
11 17 2 4
13 16 1 2
15 18 1 3
16 7 1 3
19 3 1 6
