0 0
1 1
2 10
3 0
4 0
5 0
6 1
7 1
8 12
9 1
10 2
11 10
12 11
13 3
14 15
15 7
16 13
17 17
18 9
19 3
###
0 13
1 57
2 22
3 10
4 10
5 32
6 5
7 36
8 41
9 9
10 31
11 32
12 33
13 27
14 10
15 35
16 50
17 12
18 32
19 35
###
1 0 4
3 0 2
3 1 2
5 0 3
5 1 1
5 3 1
6 4 2
7 4 2
11 8 2
12 8 2
12 11 0
13 9 0
15 10 1
16 14 4
19 9 3
19 13 3
###
0 4 0 0
0 6 2 3
0 13 1 7
1 15 3 16
1 16 1 30
1 19 2 5
2 8 4 5
2 11 2 2
2 12 2 3
3 7 2 1
3 9 1 1
3 10 0 5
4 9 1 1
4 13 1 7
5 7 3 1
5 12 1 27
7 18 2 21
7 19 0 6
8 14 1 9
9 10 1 4
10 11 0 21
11 16 1 6
13 15 0 11
15 18 1 4
16 17 1 11
18 2 2 2
19 8 0 22
