0 1
1 1
2 1
3 0
4 0
5 1
6 2
7 5
8 2
9 1
10 6
11 9
12 2
13 3
14 6
15 5
16 1
17 3
18 5
19 6
###
0 14
1 17
2 9
3 9
4 8
5 11
6 7
7 14
8 18
9 11
10 19
11 7
12 10
13 6
14 3
15 16
16 4
17 15
18 14
19 4
###
1 0 1
2 0 2
2 1 1
3 0 2
3 1 1
3 2 0
4 0 1
4 1 2
4 2 1
4 3 1
6 5 3
8 5 2
9 5 1
9 6 2
9 8 1
13 7 2
14 10 4
15 7 2
15 12 1
15 13 0
16 8 4
17 7 3
17 13 1
17 15 1
18 10 0
19 10 1
19 14 5
19 18 1
###
0 5 0 1
0 6 3 2
0 7 0 6
0 9 1 1
1 13 1 3
1 17 2 3
1 18 2 6
2 12 1 2
2 15 0 6
3 8 2 3
3 16 2 2
4 8 1 4
4 9 0 3
5 7 0 5
5 17 3 2
6 13 1 1
7 14 1 2
8 10 1 6
8 12 1 0
9 15 1 5
10 11 2 5
12 18 2 4
15 19 2 2
17 10 0 5
