0 0
1 1
2 0
3 0
4 0
5 1
6 0
7 3
8 2
9 6
10 0
11 8
12 3
13 3
14 5
15 3
16 8
17 3
18 11
19 10
20 4
21 3
###
0 23
1 41
2 14
3 24
4 58
5 16
6 7
7 23
8 16
9 29
10 10
11 36
12 14
13 14
14 34
15 16
16 41
17 11
18 10
19 36
20 4
21 9
###
1 0 1
2 0 1
2 1 0
3 0 1
3 1 0
3 2 0
4 1 1
4 3 1
5 1 2
5 3 2
5 4 1
7 6 2
9 8 2
13 11 2
14 6 1
14 7 1
16 8 2
16 9 0
17 13 0
18 11 3
18 13 3
19 15 1
###
0 8 0 5
0 13 2 7
0 17 2 7
1 12 0 5
1 19 2 25
1 21 3 6
2 10 1 2
2 15 1 10
3 6 0 0
3 7 2 8
3 14 1 13
4 9 0 15
4 11 0 21
4 16 0 22
5 7 0 5
5 14 1 10
6 8 1 6
7 9 1 7
8 13 2 2
9 11 0 6
10 12 1 6
11 19 3 6
12 17 1 1
13 15 0 1
14 16 0 9
15 20 2 2
16 18 3 7
