0 0
1 0
2 0
3 1
4 0
5 1
6 1
7 2
8 3
9 2
10 1
11 1
12 7
13 4
14 0
15 11
16 2
17 5
18 3
19 13
###
0 31
1 28
2 24
3 33
4 14
5 10
6 9
7 14
8 5
9 21
10 6
11 17
12 38
13 18
14 6
15 47
16 15
17 33
18 13
19 8
###
1 0 1
2 0 2
2 1 1
3 0 1
3 1 0
3 2 1
5 0 2
5 1 1
5 2 2
5 3 1
6 4 0
9 7 1
10 7 0
10 9 1
11 8 1
13 12 1
16 7 1
16 9 2
16 10 1
17 8 3
17 11 2
18 8 1
18 11 0
18 17 2
###
0 11 3 5
0 14 4 2
0 17 1 16
1 4 1 1
1 6 1 2
1 12 2 21
2 7 1 4
2 13 0 10
2 18 1 8
3 10 2 1
3 15 2 28
4 9 0 5
4 16 2 5
5 9 2 4
5 16 0 4
6 7 1 3
6 10 1 1
7 8 1 4
9 17 1 9
10 11 0 1
11 13 1 7
12 15 0 9
15 19 1 7
16 18 1 3
17 12 0 6
