0 1
1 1
2 0
3 1
4 3
5 0
6 2
7 0
8 5
9 1
10 4
11 6
12 6
13 8
14 7
15 8
16 5
17 9
18 3
19 11
20 9
###
0 41
1 30
2 44
3 36
4 11
5 21
6 16
7 15
8 32
9 29
10 27
11 11
12 29
13 24
14 41
15 28
16 25
17 4
18 6
19 40
20 32
###
1 0 2
2 0 2
2 1 0
3 0 1
3 1 1
3 2 1
5 0 3
5 1 1
5 2 1
5 3 2
9 7 3
10 7 4
10 9 1
12 8 0
14 13 2
16 8 2
16 12 2
19 15 1
20 13 2
20 14 0
###
0 9 2 0
0 10 1 9
0 19 2 27
1 8 1 9
1 12 1 13
1 18 1 5
2 7 1 0
2 14 3 18
2 15 1 21
3 6 1 4
3 13 0 18
3 16 2 11
4 11 1 10
5 7 0 1
5 9 3 2
5 10 4 11
6 12 1 10
7 8 2 11
8 14 2 7
9 20 1 21
10 16 0 2
12 13 0 4
13 15 0 2
14 19 1 10
15 17 2 2
16 20 0 10
