0 1
1 0
2 2
3 0
4 0
5 3
6 7
7 3
8 4
9 3
10 18
11 4
12 3
13 8
14 6
15 13
16 15
17 17
18 6
19 6
20 10
21 19
###
0 99
1 75
2 66
3 27
4 27
5 17
6 22
7 54
8 42
9 24
10 67
11 36
12 21
13 43
14 25
15 62
16 55
17 70
18 30
19 38
20 12
21 4
###
1 0 1
2 0 1
2 1 2
3 0 1
3 1 2
3 2 2
4 2 3
4 3 1
9 5 1
11 7 2
12 7 3
12 11 1
14 8 1
18 7 2
18 11 2
18 12 1
19 13 1
20 15 4
###
0 6 3 19
0 10 1 57
0 19 1 18
1 8 1 16
1 17 1 57
2 7 2 5
2 9 2 5
2 14 2 13
2 15 1 36
3 5 1 10
3 11 0 16
4 12 0 8
4 18 1 18
5 7 1 2
5 12 2 1
7 8 1 4
7 16 1 38
8 13 0 13
8 19 1 6
9 11 2 4
9 18 2 9
10 21 1 3
11 13 1 13
12 14 1 9
13 15 2 14
15 16 2 7
16 17 0 7
17 10 1 4
19 20 1 11
