0 0
1 0
2 0
3 0
4 3
5 1
6 0
7 3
8 4
9 1
10 6
11 11
12 2
13 13
14 6
15 7
16 9
17 15
18 4
19 17
###
0 58
1 12
2 82
3 107
4 14
5 9
6 9
7 12
8 16
9 5
10 42
11 55
12 23
13 55
14 27
15 30
16 10
17 59
18 29
19 62
###
2 0 2
2 1 3
3 0 2
3 1 1
3 2 2
5 0 1
5 1 2
5 2 1
5 3 1
9 6 0
16 13 4
###
0 4 0 8
0 10 0 18
0 11 0 32
1 6 1 0
1 9 1 3
1 12 0 7
2 14 0 18
2 15 0 19
2 17 1 44
3 13 0 40
3 18 1 12
3 19 2 52
4 7 1 1
4 8 2 2
5 7 0 8
5 9 1 0
6 12 1 7
7 8 1 1
8 10 2 8
10 11 0 14
11 13 2 7
12 18 2 6
13 17 1 5
14 15 0 1
15 16 2 8
17 19 1 7
18 14 1 7
