0 1
1 0
2 0
3 1
4 0
5 2
6 3
7 5
8 16
9 10
10 0
11 7
12 14
13 4
14 14
15 1
16 19
17 10
###
0 52
1 165
2 81
3 16
4 26
5 32
6 31
7 66
8 88
9 38
10 9
11 50
12 73
13 18
14 67
15 4
16 15
17 51
###
1 0 2
2 0 1
2 1 1
4 0 1
4 1 1
4 2 0
5 3 1
6 3 0
6 5 1
10 5 0
10 6 1
13 7 1
15 7 1
15 13 2
###
0 3 1 3
0 5 2 7
0 17 2 37
1 6 1 12
1 8 1 65
1 11 0 30
1 12 0 56
2 7 1 21
2 10 1 1
2 14 0 57
3 13 2 10
4 5 1 10
4 6 0 12
4 10 1 2
5 7 0 12
6 13 2 4
7 9 2 20
7 11 2 8
8 16 2 13
9 12 0 14
10 15 1 3
11 17 0 10
12 14 1 2
14 8 0 7
17 9 0 2
