0 0
1 0
2 4
3 0
4 0
5 7
6 3
7 10
8 14
9 0
10 11
11 0
12 0
13 1
14 14
15 17
16 19
17 2
18 5
19 2
20 11
21 1
###
0 63
1 64
2 17
3 9
4 23
5 48
6 9
7 48
8 55
9 17
10 29
11 7
12 17
13 4
14 34
15 35
16 18
17 40
18 25
19 5
20 30
21 15
###
1 0 2
3 0 2
3 1 2
4 0 3
4 1 1
4 3 1
10 8 1
11 6 3
11 9 2
12 9 1
12 11 1
17 13 1
18 5 3
19 13 0
19 17 1
20 14 0
21 17 1
###
0 9 2 2
0 10 0 24
0 17 3 5
0 20 2 25
1 7 1 23
1 8 1 32
1 12 1 2
1 21 0 4
2 5 2 6
2 18 1 1
3 6 3 6
3 11 0 0
4 5 0 16
4 11 1 2
4 12 2 2
5 15 3 21
7 8 0 9
7 10 1 1
8 14 1 0
8 16 2 10
9 13 2 2
9 17 1 3
9 19 2 3
10 20 2 1
11 21 2 2
12 18 1 9
14 15 0 5
15 16 1 5
17 14 1 27
18 7 1 12
21 2 1 6
