0 0
1 1
2 1
3 1
4 0
5 2
6 2
7 3
8 5
9 2
10 3
11 3
12 4
13 7
14 5
15 6
16 7
17 9
18 3
19 9
###
0 10
1 28
2 11
3 37
4 27
5 18
6 20
7 23
8 42
9 22
10 22
11 20
12 20
13 11
14 23
15 29
16 40
17 10
18 4
19 9
###
1 0 0
3 0 2
3 1 2
4 0 2
4 1 2
4 3 2
5 2 1
6 5 1
8 7 3
9 5 2
9 6 1
10 8 2
11 10 1
12 7 0
12 8 3
12 10 1
12 11 0
14 13 3
15 13 1
15 14 2
16 15 2
18 13 2
18 14 1
18 15 3
19 17 1
###
0 2 1 3
0 5 0 6
1 6 1 4
1 9 2 3
1 16 0 18
2 12 0 7
3 7 3 6
3 8 0 13
3 14 2 13
4 6 1 7
4 9 0 6
4 12 1 12
5 7 1 1
5 8 2 8
6 10 1 3
6 11 0 3
7 14 1 7
7 18 2 2
8 13 5 6
8 15 4 4
9 10 2 4
9 11 1 4
10 15 2 10
11 16 1 11
15 19 1 8
16 17 2 8
