0 0
1 0
2 1
3 0
4 3
5 1
6 5
7 3
8 5
9 4
10 9
11 6
12 3
13 11
14 6
15 14
16 15
17 2
18 9
19 10
###
0 51
1 25
2 84
3 92
4 20
5 39
6 9
7 13
8 44
9 27
10 58
11 39
12 33
13 52
14 35
15 65
16 8
17 10
18 40
19 34
###
1 0 3
2 0 1
2 1 2
3 0 2
3 1 3
3 2 1
5 0 2
5 1 1
5 2 1
7 6 1
9 8 0
11 10 2
18 13 0
19 15 0
###
0 8 1 18
0 11 0 21
0 12 2 9
1 4 1 9
1 9 2 13
2 13 0 36
2 14 2 19
2 18 0 27
3 10 0 33
3 15 1 48
3 17 3 7
4 6 1 8
4 7 0 1
5 12 2 6
5 19 1 30
7 8 1 7
7 9 1 3
8 10 3 14
9 11 1 7
10 13 1 7
11 18 1 9
12 14 1 13
13 15 0 8
15 16 2 6
18 19 0 3
