0 0
1 0
2 0
3 0
4 1
5 1
6 3
7 2
8 5
9 3
10 2
11 7
12 6
13 9
14 6
15 8
16 4
17 5
18 11
19 7
20 4
###
0 38
1 31
2 14
3 12
4 33
5 7
6 12
7 18
8 23
9 12
10 22
11 27
12 20
13 24
14 19
15 29
16 24
17 9
18 8
19 8
20 12
###
1 0 1
2 0 2
3 1 1
3 2 2
4 0 2
4 1 1
4 3 2
5 0 2
5 1 1
5 2 0
5 3 2
5 4 2
9 7 1
10 7 0
12 11 1
14 8 2
15 13 1
16 8 1
17 8 2
17 16 3
19 11 2
20 8 1
20 14 1
20 16 0
###
0 14 0 12
0 15 1 16
0 20 1 8
1 11 0 16
1 12 1 14
2 9 0 5
2 16 1 8
3 7 1 5
3 10 1 5
4 6 1 5
4 8 0 8
4 13 2 17
5 7 1 2
5 9 0 4
6 14 1 5
7 8 3 6
8 11 1 5
9 20 1 2
10 16 2 5
10 17 3 6
11 13 1 4
12 15 1 3
14 12 0 1
15 18 1 7
16 19 2 6
