0 0
1 0
2 1
3 0
4 1
5 4
6 0
7 4
8 7
9 9
10 10
11 11
12 13
13 4
14 7
15 16
16 9
17 17
18 10
19 12
###
0 91
1 63
2 85
3 44
4 44
5 23
6 5
7 26
8 48
9 35
10 46
11 50
12 43
13 16
14 43
15 67
16 10
17 6
18 40
19 61
###
1 0 1
2 0 2
2 1 1
4 0 1
4 1 2
4 2 1
5 3 2
10 8 2
11 9 3
13 8 1
13 10 1
14 6 3
14 7 1
16 9 2
16 11 3
18 12 2
###
0 10 0 29
0 13 1 12
0 15 0 49
1 3 1 0
1 14 1 21
1 19 1 39
2 8 0 18
2 12 1 37
2 18 1 28
3 6 3 2
3 11 2 36
4 5 3 7
4 7 2 8
4 9 0 24
5 7 1 1
5 14 2 9
7 8 3 8
7 13 2 1
8 9 1 8
8 16 1 9
9 18 0 2
10 11 2 5
11 12 1 4
14 10 0 10
15 17 3 3
18 19 1 8
19 15 0 12
