0 1
1 1
2 1
3 0
4 1
5 1
6 1
7 3
8 1
9 5
10 7
11 3
12 5
13 3
14 9
15 1
16 4
17 11
18 9
19 4
###
0 13
1 48
2 40
3 25
4 65
5 20
6 9
7 41
8 50
9 60
10 51
11 24
12 56
13 16
14 59
15 23
16 5
17 14
18 63
19 14
###
1 0 2
2 0 1
2 1 3
3 1 4
3 2 1
4 1 2
4 2 1
4 3 2
6 5 2
9 6 3
11 7 0
11 8 2
12 10 3
13 10 0
13 12 3
15 8 1
16 12 1
16 13 4
18 14 3
19 10 2
19 13 2
###
0 5 1 0
0 7 1 11
1 6 1 0
1 14 1 41
1 15 2 3
2 8 0 2
2 11 2 10
2 12 2 24
3 9 0 25
4 9 2 21
4 18 2 40
5 7 0 11
5 11 0 8
6 8 2 2
6 15 1 3
7 12 2 11
7 16 3 2
8 10 1 31
8 13 1 11
9 10 0 12
10 18 0 7
11 13 1 3
12 14 0 17
15 19 2 12
18 17 1 13
