0 0
1 0
2 0
3 1
4 0
5 3
6 3
7 0
8 10
9 0
10 0
11 1
12 1
13 5
14 13
15 5
16 4
17 1
18 7
19 5
###
0 17
1 12
2 29
3 23
4 6
5 13
6 5
7 13
8 28
9 6
10 5
11 8
12 9
13 11
14 26
15 18
16 18
17 4
18 24
19 3
###
1 0 3
2 0 2
2 1 1
3 0 2
3 1 3
3 2 2
6 4 2
7 0 1
7 2 1
7 3 3
9 4 0
9 6 2
10 9 1
11 5 2
12 5 1
12 11 1
13 9 4
13 10 3
16 15 0
17 5 3
17 11 1
17 12 2
19 18 1
###
0 4 1 0
0 6 1 4
0 9 1 0
0 15 3 7
1 18 0 12
2 5 0 4
2 10 0 0
2 11 2 2
2 14 1 20
3 8 0 15
3 16 3 5
4 5 1 4
5 15 1 3
7 9 0 0
7 10 1 0
7 12 0 1
7 13 4 7
8 14 1 4
9 12 0 1
9 17 2 2
10 11 2 2
12 16 2 5
15 18 0 4
16 19 1 2
18 8 3 5
