0 0
1 1
2 1
3 1
4 18
5 1
6 0
7 5
8 19
9 7
10 19
11 12
12 2
13 21
14 3
15 5
16 14
17 9
18 4
###
0 213
1 117
2 103
3 60
4 109
5 5
6 30
7 39
8 109
9 63
10 104
11 87
12 24
13 24
14 43
15 53
16 101
17 19
18 31
###
1 0 1
2 0 0
2 1 1
3 0 1
3 1 0
3 2 1
6 0 1
6 1 0
6 2 1
6 3 0
14 12 2
17 7 2
18 15 2
###
0 5 3 2
0 8 0 88
0 11 0 54
0 16 2 64
1 4 1 82
1 7 1 20
1 18 0 13
2 10 0 90
2 14 1 12
3 9 1 31
3 12 0 4
3 15 2 22
4 8 0 3
6 12 0 10
6 14 2 18
7 9 0 10
8 10 0 4
8 13 1 13
9 11 0 21
10 13 1 9
11 16 2 10
12 18 0 10
14 15 0 10
15 17 3 16
16 4 2 21
18 7 1 7
