192 1 1 2
160 1 1 3
318 1 1 4
620 1 1 2
850 1 1 1
140 1 1 3
484 1 1 2
46 2 3 3
724 1 1 3
53 1 1 3
288 1 1 2
602 1 1 1
59 1 1 2
904 1 1 1
887 1 1 2
859 1 2 2
477 2 3 2
147 1 1 2
460 1 1 1
196 1 1 1
3 1 1 2
468 1 2 2
591 1 1 3
142 2 2 1
151 1 1 2
605 1 1 2
41 2 3 2
434 2 3 2
141 1 2 3
892 1 1 2
42 1 1 1
702 1 1 1
759 1 1 2
14 1 1 2
493 1 1 1
429 1 1 3
465 1 2 1
180 1 1 1
748 1 1 1
767 1 2 4
575 1 1 3
61 1 1 2
216 1 1 3
730 2 2 1
316 1 1 1
565 1 1 2
716 1 1 3
322 2 4 2
282 1 2 3
184 1 3 2
346 2 4 2
482 1 1 3
312 1 1 2
631 1 1 1
345 1 1 3
17 2 2 1
598 1 1 1
340 1 2 3
636 1 2 3
603 1 1 1
496 1 1 2
174 2 2 2
762 1 2 4
333 1 2 2
875 1 1 2
727 1 1 1
436 1 1 1
590 1 1 3
614 1 1 3
199 1 1 2
0 1 1 1
350 1 1 2
190 1 1 2
481 1 1 3
774 1 1 2
570 1 4 1
853 2 2 2
864 1 1 2
143 1 1 2
164 1 2 2
479 2 2 2
188 1 3 3
358 1 1 3
197 2 2 1
421 2 3 2
708 2 4 2
57 2 2 1
35 1 3 2
560 1 1 3
455 1 2 2
330 1 2 2
619 1 3 2
751 1 1 2
321 2 2 1
747 1 2 3
784 1 1 3
422 1 3 2
766 1 2 2
715 1 1 2
908 1 2 3
587 1 2 3
425 1 2 2
480 1 2 1
309 1 4 3
51 1 1 2
775 1 1 2
29 1 2 2
207 1 5 2
862 1 2 2
914 1 3 2
157 2 4 3
438 1 1 1
462 2 3 2
285 1 2 3
183 1 1 2
307 1 1 1
445 1 2 2
757 1 1 2
145 1 1 2
443 2 3 2
82 1 2 2
656 1 1 2
83 1 1 1
924 1 1 2
485 1 1 4
714 1 2 2
906 1 1 2
77 1 1 1
519 2 4 4
209 1 3 2
578 1 1 2
16 1 2 3
448 1 1 2
901 1 2 1
300 2 3 3
508 1 3 1
942 2 2 3
229 1 1 2
433 1 1 2
495 1 1 2
502 1 1 2
310 2 4 1
71 2 3 1
18 1 2 4
501 1 1 1
649 1 1 2
313 1 2 3
88 1 1 2
567 1 1 1
324 1 1 3
290 1 1 1
454 1 2 2
643 1 1 3
227 1 1 2
758 1 1 3
351 2 2 3
464 1 1 2
72 2 3 1
86 1 1 2
907 2 2 2
938 1 2 2
596 1 1 2
189 1 2 2
47 1 3 2
492 2 2 2
788 1 1 1
280 1 2 3
334 1 4 1
4 2 4 4
69 1 3 3
638 2 2 1
760 1 2 2
852 1 1 1
303 1 1 1
446 1 2 2
241 1 2 2
653 1 2 2
518 2 3 2
735 1 1 2
150 1 1 2
515 1 3 1
722 1 3 2
888 2 2 3
213 1 2 3
291 1 2 1
378 1 1 2
899 2 2 3
101 1 1 2
910 2 3 2
5 1 1 1
954 1 2 2
870 1 2 2
179 2 2 1
893 1 3 2
172 2 3 2
304 1 2 2
9 2 3 2
947 1 1 1
624 1 1 3
348 2 2 3
573 1 2 1
381 1 2 2
865 2 2 3
39 1 2 3
49 2 2 2
471 1 2 1
317 2 2 1
756 2 2 2
146 1 2 2
945 2 4 1
961 1 1 2
529 1 2 3
109 1 1 1
533 1 2 2
99 1 2 2
424 2 2 2
719 2 2 4
606 1 1 3
375 1 1 2
500 1 1 2
173 1 2 3
75 1 2 1
707 1 1 1
231 1 2 2
113 1 1 3
161 2 5 4
52 1 1 2
608 1 2 4
920 1 1 1
440 1 2 1
152 2 4 3
106 1 1 2
798 1 2 2
442 2 2 3
658 1 2 3
896 2 3 3
919 2 2 1
449 2 2 2
664 1 3 1
913 2 2 2
854 2 2 1
861 1 1 1
491 2 2 1
516 1 2 3
931 2 4 2
230 1 2 1
580 1 2 3
11 1 2 2
623 2 2 2
120 1 1 2
963 1 3 3
103 1 1 3
749 1 1 2
720 1 1 1
155 1 2 2
475 1 2 2
208 1 2 1
957 2 2 3
60 1 1 1
372 2 3 1
84 2 3 3
968 1 2 1
723 1 1 3
2 1 1 2
681 1 1 1
44 2 3 1
657 1 2 1
24 1 2 2
553 1 2 1
396 1 1 2
600 2 4 2
368 1 2 1
117 1 1 1
23 2 3 3
965 1 1 3
112 1 1 3
240 1 2 1
352 1 1 3
781 1 1 1
793 1 1 1
949 1 1 2
67 1 2 2
544 1 1 3
675 1 3 3
634 1 2 2
895 1 1 2
169 1 2 2
574 1 3 1
682 1 1 2
293 1 2 3
63 1 2 2
298 2 2 2
755 1 1 1
551 2 3 3
661 1 2 2
104 1 3 2
933 1 3 2
79 1 1 2
386 2 3 2
566 1 2 3
677 1 1 1
483 1 1 2
248 2 2 2
597 2 2 3
932 2 2 2
163 2 2 2
779 1 2 2
339 1 2 2
802 1 1 3
467 1 1 3
162 2 4 2
486 2 3 3
383 1 1 1
392 1 2 1
281 1 1 2
559 1 1 1
474 2 3 3
374 2 4 1
948 2 2 2
48 2 2 2
389 1 1 2
100 1 2 2
562 1 1 3
923 1 1 1
441 1 2 2
785 1 2 1
709 1 2 1
204 1 2 3
267 1 1 1
531 1 1 2
934 2 2 2
356 2 3 1
363 1 2 2
327 1 2 3
202 2 3 2
292 2 2 1
958 1 2 2
220 2 2 2
801 1 2 4
390 1 1 1
607 2 3 2
200 2 2 3
37 1 3 2
618 2 4 2
223 2 2 2
668 1 1 2
10 2 2 2
955 1 2 2
214 1 1 2
903 2 4 1
187 2 3 2
786 1 2 2
243 1 2 4
210 1 2 3
563 2 2 2
890 2 4 2
765 1 2 2
177 1 2 2
885 1 2 1
937 2 2 2
789 1 2 1
379 2 5 3
232 2 3 3
794 2 2 2
268 1 1 1
555 2 3 2
824 2 3 2
245 1 2 2
558 1 3 3
93 2 2 3
453 2 2 1
672 2 2 3
355 2 2 2
277 2 4 2
539 2 3 2
978 1 1 1
222 1 1 1
535 1 1 2
247 1 1 2
76 1 1 2
891 1 2 1
977 1 2 2
251 2 2 1
238 1 2 2
275 1 3 3
270 1 1 1
54 2 2 3
193 1 2 3
557 1 1 1
790 1 2 3
403 1 2 2
733 1 2 2
536 1 1 2
510 2 2 1
262 1 1 2
336 2 3 2
812 1 1 3
660 2 3 2
772 1 3 1
344 2 2 2
750 2 2 3
652 1 2 2
952 1 2 1
423 2 2 1
158 2 3 1
825 2 2 1
639 2 4 2
343 1 2 3
833 1 1 3
679 1 2 2
226 1 1 2
969 1 1 2
107 1 2 2
263 2 2 2
691 1 3 2
970 1 2 2
830 1 1 1
198 1 3 3
153 2 2 3
912 2 2 1
568 2 4 3
66 1 2 1
154 2 3 1
165 2 4 2
768 1 1 2
250 1 2 2
586 1 1 1
257 1 2 1
409 1 1 1
171 2 3 2
123 1 2 2
416 1 1 3
988 1 1 2
470 1 3 3
90 2 3 2
816 2 4 2
710 2 3 3
881 2 2 2
490 2 3 3
175 1 2 3
181 1 2 2
384 1 1 3
866 1 1 2
513 1 2 2
953 1 2 2
966 1 2 2
843 1 1 2
276 2 2 2
217 2 2 3
259 1 2 4
935 1 2 3
844 1 1 3
246 2 2 1
463 2 2 1
697 1 1 2
799 2 3 2
832 1 2 2
820 1 3 1
633 1 1 1
848 1 1 2
547 2 2 3
488 2 2 2
370 1 2 2
306 1 2 1
689 1 2 2
97 1 3 2
731 1 2 1
829 1 2 3
836 1 2 1
414 1 2 2
203 1 2 3
808 1 2 2
807 2 2 1
556 1 1 1
880 1 1 1
542 2 2 2
431 2 2 2
235 1 2 2
357 2 2 1
27 2 3 2
809 2 4 3
194 1 2 3
996 2 3 1
783 1 2 1
272 1 2 1
410 1 3 3
637 1 2 2
40 1 1 2
252 2 2 1
308 2 2 2
341 1 2 1
528 1 1 2
837 1 1 1
110 1 1 1
546 1 1 2
360 1 2 3
435 1 2 4
523 2 4 2
917 2 3 2
629 2 3 3
489 2 3 3
228 1 2 4
928 2 3 3
418 2 5 3
806 2 3 2
561 1 2 2
191 1 2 1
417 1 2 2
265 2 4 2
22 1 2 2
803 2 2 2
221 2 3 2
532 2 2 4
690 1 2 3
382 1 2 2
415 1 2 3
644 1 2 2
543 2 2 3
499 1 2 1
503 2 3 1
137 1 5 1
373 1 2 1
805 2 3 3
278 1 2 1
119 1 2 1
725 2 3 2
569 2 3 2
696 1 1 3
283 1 2 3
795 2 2 1
842 1 1 2
676 1 1 1
522 2 2 2
732 1 1 2
96 1 2 2
121 1 3 1
728 1 1 2
337 1 2 1
236 2 2 1
36 2 3 1
26 2 2 1
74 2 2 1
769 1 2 1
388 2 3 2
648 1 2 1
58 2 2 2
975 2 4 3
845 1 3 4
604 2 2 2
773 2 3 2
721 1 2 2
92 2 4 3
301 1 2 2
28 2 2 2
472 1 2 1
7 2 2 1
19 2 2 1
43 2 2 1
869 2 3 3
936 2 2 2
168 2 2 1
185 2 2 1
45 3 5 1
20 2 3 1
347 2 2 2
800 1 1 4
170 2 2 2
38 2 3 1
326 1 2 2
205 2 3 1
432 1 2 1
466 2 2 1
450 2 4 2
331 1 1 1
622 1 1 1
447 2 7 1
593 1 1 1
764 2 2 1
616 1 1 3
738 2 2 1
742 2 2 1
287 2 3 2
577 1 3 2
426 2 19 1
739 2 3 1
900 2 2 3
517 1 2 1
879 2 3 1
627 1 3 2
972 1 2 3
124 1 2 2
743 1 3 2
763 1 3 1
621 3 8 1
601 2 4 1
712 2 5 1
289 1 2 4
817 1 2 2
325 1 2 1
746 2 3 2
473 1 3 2
62 1 2 1
703 1 2 3
294 1 1 3
612 2 2 1
611 2 2 1
700 2 6 1
613 2 2 1
867 1 1 1
311 2 3 1
687 2 2 2
930 1 1 3
883 1 1 1
615 2 2 1
186 1 2 1
860 1 3 1
916 2 2 3
872 2 4 2
13 2 3 3
858 2 4 3
284 2 4 3
894 2 9 1
589 2 2 1
159 2 4 2
430 1 2 3
855 2 4 2
592 1 2 2
897 1 2 1
630 3 6 1
6 2 2 1
625 2 3 3
718 2 6 1
297 2 2 2
717 1 2 2
871 2 4 1
335 2 3 1
394 1 2 1
581 2 3 1
201 2 4 1
261 2 3 3
338 2 2 2
56 2 3 2
626 1 3 3
752 2 3 1
918 2 3 2
810 1 2 2
419 1 1 2
922 2 3 2
478 2 3 1
87 1 2 3
564 1 2 2
777 2 3 1
451 2 3 1
915 2 4 2
296 2 4 1
33 1 4 1
857 1 3 1
136 2 2 2
673 1 2 1
822 1 1 1
133 2 2 3
12 2 3 1
753 2 4 1
838 1 1 3
70 2 3 1
91 2 3 3
726 2 3 2
148 1 9 1
941 1 2 1
572 2 3 2
662 1 2 3
846 2 3 4
771 2 3 2
50 2 4 3
925 1 3 2
776 1 2 2
494 2 5 1
398 1 2 2
111 1 2 3
354 2 3 1
271 2 3 2
782 1 3 3
987 2 2 4
78 2 7 1
669 1 3 1
704 1 3 1
125 2 4 2
8 2 10 1
242 1 2 4
30 1 4 2
253 2 3 2
167 2 7 1
498 1 2 1
359 2 2 1
640 1 2 2
80 2 3 2
507 2 4 1
744 2 5 1
224 2 2 1
780 2 3 1
787 2 3 1
811 2 3 2
645 2 3 1
514 2 10 1
367 2 3 1
525 1 3 3
651 2 2 1
814 2 2 2
369 2 3 3
939 2 5 3
361 1 2 1
976 1 2 1
796 1 2 1
364 2 2 1
85 1 3 1
511 2 3 2
506 2 2 2
255 2 2 3
698 1 2 1
412 2 3 2
995 1 3 2
943 2 4 1
521 2 9 1
813 1 2 1
376 2 4 2
237 2 5 1
647 2 4 1
526 2 3 2
239 2 3 4
94 1 2 3
401 1 2 1
655 1 3 2
797 1 2 1
659 2 9 1
628 1 5 2
665 1 1 3
380 2 3 1
999 1 2 2
530 1 2 2
98 2 2 1
264 2 3 2
663 2 2 2
118 2 2 2
950 2 2 1
520 1 3 1
385 2 4 1
534 2 2 1
95 1 3 1
524 2 4 1
666 1 2 2
244 2 3 2
550 1 1 1
105 2 3 1
992 1 2 3
686 2 2 1
667 1 2 2
834 2 2 1
249 2 4 1
699 1 2 1
962 1 1 2
967 1 4 2
823 2 2 1
132 1 3 1
254 2 4 1
674 2 2 1
114 1 2 1
960 2 6 1
116 1 6 2
537 2 4 1
400 2 3 2
258 2 2 1
971 2 2 2
552 2 2 2
973 1 2 2
974 1 3 1
138 1 2 2
983 2 2 1
260 2 4 1
126 2 2 2
129 2 3 1
685 3 4 1
122 2 5 1
979 2 2 3
818 2 2 1
982 2 3 2
980 2 2 2
134 2 2 2
408 2 2 2
692 1 2 1
819 2 3 2
821 1 5 1
128 1 4 1
411 1 2 2
407 2 4 1
989 2 2 1
694 2 3 3
274 2 3 2
826 1 2 1
990 2 2 1
991 2 3 1
827 2 4 1
831 2 2 1
993 2 7 2
997 2 2 2
