1 0 4 0 3 0 13 0
3 1 2 2 4 3 12 0
1 0 2 0 2 0 7 0
1 0 3 0 4 0 19 0
1 0 2 0 4 0 9 0
5 2 1 2 0 6 1 0
6 1 0 2 0 7 0 1
1 0 2 0 2 0 4 0
1 0 4 0 4 0 17 0
2 1 2 0 1 1 8 0
7 2 1 2 1 10 2 0
3 2 1 1 2 3 6 0
9 2 0 3 0 14 0 0
4 1 3 1 2 4 8 0
4 2 2 2 3 4 5 0
5 2 2 2 0 6 2 0
2 2 1 0 0 2 1 0
5 2 2 1 1 6 5 0
5 1 0 1 0 5 0 1
2 2 1 0 2 2 13 0
5 2 1 2 0 6 1 0
6 2 1 2 1 8 3 0
3 2 0 2 0 4 0 0
6 1 0 2 0 7 0 1
8 2 1 2 0 11 1 0
2 1 0 0 0 1 0 1
6 2 0 3 0 11 0 0
6 1 0 2 0 7 0 1
4 2 1 1 1 4 2 0
6 1 0 2 0 7 0 1
####
2 0 0 8 0 23 7 0 6 0
3 0 0 8 0 23 7 0 9 0
3 2 0 8 0 23 7 0 11 0
4 0 0 8 0 23 7 0 3 0
4 2 0 8 0 23 7 0 5 0
4 3 0 8 0 23 7 0 8 0
7 0 0 8 0 23 7 0 5 0
7 2 0 8 0 23 7 0 7 0
7 3 0 8 0 23 7 0 10 0
7 4 0 8 0 23 7 0 4 0
8 0 0 8 0 23 7 0 9 0
8 2 0 8 0 23 7 0 11 0
8 3 0 8 0 23 7 0 14 0
8 4 0 8 0 23 7 0 8 0
8 7 0 8 0 23 7 0 10 0
19 9 0 7 0 19 5 0 6 0
19 16 1 0 0 0 10 0 0 0
11 1 0 3 0 8 9 0 3 0
22 1 2 0 4 0 9 2 0 0
14 13 0 2 0 5 9 0 1 0
28 13 3 0 7 0 9 4 0 0
15 5 4 0 10 0 11 2 0 0
17 15 4 0 10 0 11 3 0 0
17 5 4 0 10 0 11 6 0 0
18 15 4 0 10 0 11 3 0 0
18 17 4 0 10 0 11 6 0 0
18 5 4 0 10 0 11 6 0 0
20 15 4 0 10 0 11 4 0 0
20 17 4 0 10 0 11 3 0 0
20 18 4 0 10 0 11 3 0 0
20 5 4 0 10 0 11 2 0 0
21 6 5 0 15 0 12 8 0 0
23 21 5 0 15 0 12 2 0 0
23 6 5 0 15 0 12 8 0 0
26 21 5 0 15 0 12 7 0 0
26 23 5 0 15 0 12 7 0 0
26 6 5 0 15 0 12 4 0 0
27 21 5 0 15 0 12 5 0 0
27 23 5 0 15 0 12 5 0 0
27 26 5 0 15 0 12 6 0 0
27 6 5 0 15 0 12 4 0 0
29 21 5 0 15 0 12 5 0 0
29 23 5 0 15 0 12 5 0 0
29 26 5 0 15 0 12 6 0 0
29 27 5 0 15 0 12 6 0 0
29 6 5 0 15 0 12 4 0 0
####
15 27 0 11 1 6 2
3 15 10 11 4 0 19
7 21 15 12 5 0 4
5 6 0 11 1 6 1
13 26 5 9 2 4 8
13 17 0 8 1 4 8
8 19 0 10 1 0 17
2 22 4 9 2 0 7
0 10 21 7 6 0 13
11 14 0 6 1 3 6
8 28 7 9 3 0 17
28 5 0 8 1 4 2
20 26 0 11 1 6 1
4 9 0 10 1 0 9
7 24 22 7 7 0 4
8 20 10 11 4 0 17
16 22 0 7 1 2 1
0 11 4 9 2 0 13
9 11 0 7 1 1 8
1 28 0 6 1 3 12
17 23 0 11 1 6 5
3 16 0 10 1 0 19
8 16 0 10 1 0 17
0 25 0 10 1 0 13
1 13 0 6 1 3 12
4 14 7 9 3 0 9
10 24 0 2 1 10 2
15 29 0 11 1 6 2
0 5 10 11 4 0 13
3 19 0 10 1 0 19
14 15 0 8 1 4 5
14 20 0 8 1 4 5
2 17 10 11 4 0 7
17 21 0 11 1 6 5
13 18 0 8 1 4 8
21 10 0 7 1 8 3
24 12 0 2 1 11 1
19 1 0 7 1 2 13
9 12 19 5 7 1 8
