1 0 1 0 1 0 3 0
1 0 3 0 4 0 16 0
2 1 1 0 0 1 1 0
1 0 1 0 0 0 1 0
1 0 2 0 1 0 5 0
1 0 2 0 2 0 7 0
1 0 4 0 5 0 12 0
6 2 1 2 2 8 3 0
1 0 3 0 4 0 6 0
3 2 1 2 1 3 2 0
1 0 1 0 1 0 4 0
2 1 3 0 4 1 12 0
2 1 0 0 0 1 0 1
2 1 3 0 1 1 5 0
8 2 0 2 0 12 0 0
4 2 1 3 0 6 1 0
3 2 2 1 2 3 7 0
4 2 1 2 1 4 5 0
4 2 1 2 2 5 3 0
3 2 0 1 0 2 0 0
3 2 1 1 0 3 1 0
8 2 0 3 0 13 0 0
5 1 0 2 0 5 0 1
3 2 1 1 1 3 2 0
2 2 1 0 1 2 3 0
4 2 1 2 0 4 1 0
7 2 2 3 0 10 2 0
5 1 0 2 0 7 0 1
3 1 0 1 0 2 0 1
4 1 0 2 0 4 0 1
5 2 1 2 1 6 4 0
####
3 1 0 7 0 21 10 0 7 0
4 1 0 7 0 21 10 0 10 0
4 3 0 7 0 21 10 0 3 0
5 1 0 7 0 21 10 0 10 0
5 3 0 7 0 21 10 0 3 0
5 4 0 7 0 21 10 0 6 0
6 1 0 7 0 21 10 0 13 0
6 3 0 7 0 21 10 0 6 0
6 4 0 7 0 21 10 0 9 0
6 5 0 7 0 21 10 0 9 0
8 0 0 4 0 16 11 0 5 0
8 1 0 7 0 21 10 0 8 0
8 4 0 7 0 21 10 0 4 0
8 5 0 7 0 21 10 0 4 0
8 6 0 7 0 21 10 0 7 0
10 1 0 4 0 16 11 0 5 0
10 6 0 4 0 16 11 0 6 0
11 2 1 0 0 0 13 0 0 0
12 2 1 0 0 0 13 0 0 0
12 11 1 0 0 0 13 0 0 0
13 11 0 6 0 16 7 0 6 0
24 11 0 3 0 11 8 0 3 0
16 9 2 0 5 0 14 1 0 0
20 16 2 0 5 0 14 2 0 0
23 19 2 0 5 0 14 2 0 0
28 16 2 0 5 0 14 2 0 0
28 20 2 0 5 0 14 2 0 0
17 15 3 0 11 0 13 3 0 0
18 17 3 4 11 5 15 4 4 1
18 15 3 0 11 0 13 3 0 0
29 17 3 0 11 0 13 4 0 0
29 18 3 0 11 0 13 4 0 0
29 15 3 0 11 0 13 3 0 0
30 27 4 0 16 0 11 5 0 0
21 14 7 0 21 0 10 14 0 0
####
11 16 0 11 1 1 12
15 27 0 8 1 6 1
4 7 19 9 5 0 5
26 14 0 3 1 10 2
6 9 5 14 2 0 12
8 13 0 13 1 0 6
4 18 11 13 3 0 5
18 26 4 6 3 5 3
20 29 0 11 1 3 1
8 19 5 14 2 0 6
6 24 0 13 1 0 12
6 17 11 13 3 0 12
1 11 0 13 1 0 16
13 21 16 7 6 1 5
3 14 21 10 7 0 1
1 2 0 13 1 0 16
24 9 0 11 1 2 3
16 17 0 11 1 3 7
5 30 16 11 4 0 7
9 15 0 11 1 3 2
25 22 0 8 1 4 1
16 18 0 11 1 3 7
23 25 0 11 1 3 2
8 25 11 13 3 0 6
26 21 0 3 1 10 2
10 24 0 13 1 0 4
13 19 0 11 1 1 5
0 23 5 14 2 0 3
13 23 0 11 1 1 5
2 28 0 11 1 1 1
1 12 0 13 1 0 16
7 26 0 2 1 8 3
17 30 0 8 1 4 5
5 20 5 14 2 0 7
11 20 0 11 1 1 12
11 15 6 10 2 1 12
30 7 0 4 1 6 4
6 16 5 14 2 0 12
