1 0 2 0 3 0 10 0
1 0 3 0 1 0 6 0
1 0 3 0 3 0 9 0
1 0 4 0 2 0 6 0
7 2 1 2 1 10 3 0
3 1 0 1 0 2 0 1
8 2 1 4 1 12 2 0
1 0 3 0 3 0 9 0
1 0 4 0 7 0 12 0
1 0 2 0 1 0 11 0
5 2 1 2 0 4 1 0
10 1 0 2 0 17 0 1
3 2 1 2 2 4 8 0
2 1 3 0 4 1 11 0
6 2 0 2 0 6 0 0
5 2 0 2 0 6 0 0
3 2 2 1 2 2 5 0
3 2 1 1 0 3 1 0
4 2 2 2 2 5 7 0
3 2 1 1 1 3 2 0
2 2 0 0 0 2 0 0
5 2 1 2 1 6 3 0
2 1 1 0 0 1 1 0
9 2 1 4 0 16 1 0
4 2 1 2 1 3 2 0
2 2 1 0 1 2 9 0
4 2 1 2 0 4 1 0
5 2 1 2 1 7 5 0
6 2 1 2 1 8 4 0
4 1 0 2 0 4 0 1
2 1 0 0 0 1 0 1
####
1 0 0 9 0 23 8 0 12 0
2 0 0 9 0 23 8 0 17 0
2 1 0 9 0 23 8 0 11 0
7 0 0 9 0 23 8 0 14 0
7 1 0 9 0 23 8 0 8 0
7 2 0 9 0 23 8 0 13 0
7 3 0 4 0 14 11 0 2 0
8 0 0 9 0 23 8 0 12 0
8 1 0 9 0 23 8 0 6 0
8 2 0 9 0 23 8 0 11 0
8 3 0 5 0 18 9 0 4 0
8 7 0 9 0 23 8 0 8 0
9 0 0 9 0 23 8 0 18 0
9 1 0 9 0 23 8 0 12 0
9 2 0 9 0 23 8 0 17 0
9 7 0 9 0 23 8 0 14 0
9 8 0 9 0 23 8 0 12 0
25 13 0 8 0 18 6 0 10 0
25 20 1 0 0 0 12 0 0 0
30 20 1 0 0 0 12 0 0 0
16 12 0 7 0 13 6 0 8 0
17 16 2 0 5 0 12 2 0 0
17 5 2 0 5 0 12 1 0 0
19 16 2 0 5 0 12 2 0 0
19 17 2 0 5 0 12 2 0 0
26 24 3 0 10 0 11 4 0 0
29 24 3 0 10 0 11 4 0 0
29 26 3 0 10 0 11 4 0 0
15 10 4 0 14 0 11 6 0 0
27 21 4 5 14 5 12 6 6 1
27 15 4 0 14 0 11 2 0 0
####
3 15 14 11 4 0 6
28 4 0 3 1 8 4
8 13 0 12 1 0 12
17 29 0 9 1 3 1
19 26 0 9 1 3 2
25 12 0 10 1 2 9
13 17 0 10 1 1 11
2 12 5 12 2 0 9
21 6 3 5 3 6 3
3 17 5 12 2 0 6
16 24 0 9 1 2 5
9 25 0 12 1 0 11
3 14 18 9 5 0 6
1 20 0 12 1 0 6
26 15 0 8 1 4 1
8 24 10 11 3 0 12
23 11 0 2 1 16 1
18 27 0 8 1 5 7
8 10 14 11 4 0 12
13 16 0 10 1 1 11
7 19 5 12 2 0 9
8 16 5 12 2 0 12
27 28 0 6 1 7 5
24 10 0 8 1 3 2
9 20 0 12 1 0 11
0 25 0 12 1 0 10
7 27 14 11 4 0 9
0 18 10 11 3 0 10
1 4 20 8 6 0 6
16 23 12 6 6 2 5
12 18 0 9 1 4 8
6 23 0 2 1 12 2
13 19 0 10 1 1 11
18 21 0 8 1 5 7
2 28 18 9 5 0 9
3 22 0 12 1 0 6
4 6 0 2 1 10 3
7 26 10 11 3 0 9
2 21 14 11 4 0 9
22 5 0 10 1 1 1
10 14 0 6 1 4 1
1 30 0 12 1 0 6
