1 0 4 0 2 0 20 0
1 0 4 0 5 0 13 0
1 0 3 0 5 0 19 0
1 0 1 0 1 0 2 0
2 1 1 0 2 1 17 0
1 0 2 0 1 0 3 0
3 1 2 1 2 2 15 0
1 0 4 0 3 0 19 0
4 2 1 1 2 4 14 0
3 2 1 1 1 3 2 0
3 2 1 1 1 3 3 0
10 2 1 3 0 14 1 0
11 2 0 2 0 15 0 0
12 2 0 2 0 18 0 0
8 2 1 2 2 12 6 0
3 2 2 1 3 3 16 0
2 1 0 0 0 1 0 1
4 2 1 2 0 5 1 0
7 2 1 2 0 13 1 0
8 1 0 2 0 11 0 1
2 1 0 0 0 1 0 1
8 1 0 2 0 14 0 1
10 2 1 2 1 15 2 0
2 1 3 0 4 1 18 0
11 2 1 4 0 17 1 0
5 2 2 3 2 8 13 0
9 2 2 2 2 13 5 0
6 2 1 2 2 9 9 0
7 2 2 2 1 10 8 0
5 2 0 2 0 6 0 0
6 2 1 4 1 11 2 0
####
1 0 0 11 0 24 7 0 14 0
2 0 0 11 0 24 7 0 21 0
2 1 0 11 0 24 7 0 15 0
3 0 0 7 0 16 9 0 6 0
3 1 0 7 0 16 9 0 4 0
3 2 0 7 0 16 9 0 8 0
5 0 0 11 0 24 7 0 12 0
5 1 0 11 0 24 7 0 6 0
5 2 0 11 0 24 7 0 13 0
7 0 0 11 0 24 7 0 19 0
7 1 0 11 0 24 7 0 13 0
7 2 0 11 0 24 7 0 20 0
7 3 0 7 0 16 9 0 6 0
7 5 0 11 0 24 7 0 11 0
20 4 1 0 0 0 10 0 0 0
23 4 0 10 0 20 5 0 18 0
15 6 0 9 0 16 5 0 15 0
15 9 2 9 4 16 11 1 8 1
15 10 0 5 0 8 7 0 5 0
9 6 2 9 4 16 11 2 9 1
10 6 2 5 4 8 13 2 6 1
10 9 2 0 4 0 10 2 0 0
17 8 3 0 8 0 8 1 0 0
29 25 4 0 10 0 8 5 0 0
30 27 5 0 12 0 8 6 0 0
28 18 6 0 14 0 8 8 0 0
19 14 7 0 16 0 9 10 0 0
21 14 7 0 16 0 9 10 0 0
21 19 7 0 16 0 9 10 0 0
22 11 9 0 20 0 8 14 0 0
24 12 10 0 22 0 8 17 0 0
####
0 20 0 10 1 0 20
1 26 19 7 8 0 13
17 29 0 4 1 5 1
5 13 24 7 11 0 3
1 17 8 8 3 0 13
14 26 0 4 1 12 6
25 27 0 4 1 8 13
2 12 22 8 10 0 19
24 13 0 3 1 17 1
7 16 0 10 1 0 19
26 11 0 3 1 13 5
30 18 0 4 1 11 2
28 19 0 5 1 10 8
10 30 4 6 3 3 3
25 30 0 4 1 8 13
7 15 4 10 2 0 19
1 14 16 9 7 0 13
2 23 0 10 1 0 19
0 4 0 10 1 0 20
1 10 4 10 2 0 13
5 22 20 8 9 0 3
23 6 0 8 1 1 18
9 24 14 6 8 3 2
27 28 0 4 1 9 9
0 29 10 8 4 0 20
8 25 0 4 1 4 14
22 24 0 4 1 15 2
23 10 0 8 1 1 18
15 25 2 6 2 3 16
6 11 12 6 7 2 15
7 27 12 8 5 0 19
28 14 0 5 1 10 8
18 21 0 5 1 13 1
11 12 0 4 1 14 1
15 17 0 6 1 3 16
6 8 0 6 1 2 15
2 28 14 8 6 0 19
4 15 0 8 1 1 17
26 22 0 3 1 13 5
23 9 0 8 1 1 18
3 18 14 8 6 0 2
0 9 4 10 2 0 20
7 8 8 8 3 0 19
