1 0 3 0 5 0 16 0
2 1 2 0 2 1 10 0
1 0 3 0 4 0 11 0
1 0 3 0 4 0 15 0
1 0 3 0 3 0 12 0
8 1 0 2 0 16 0 1
5 2 1 2 2 6 3 0
1 0 4 0 3 0 12 0
1 0 3 0 4 0 13 0
3 2 1 2 0 4 1 0
2 1 2 0 1 1 6 0
3 2 1 2 1 4 3 0
2 1 2 0 3 1 8 0
3 2 1 2 1 4 5 0
2 2 1 0 1 2 4 0
3 2 1 3 2 5 3 0
3 2 2 1 1 3 3 0
4 2 1 2 1 6 4 0
7 2 1 4 0 15 1 0
3 2 0 2 0 4 0 0
2 2 1 0 1 2 4 0
7 2 0 4 0 16 0 0
4 1 0 2 0 4 0 1
6 2 2 4 0 13 2 0
2 2 2 0 1 2 3 0
5 2 1 2 1 8 3 0
3 2 1 1 1 3 5 0
6 2 1 4 1 13 2 0
2 1 0 0 0 1 0 1
7 2 0 3 0 14 0 0
4 2 1 2 1 5 4 0
####
2 0 0 7 0 24 7 0 12 0
3 0 0 7 0 24 7 0 15 0
3 2 0 7 0 24 7 0 11 0
4 0 0 7 0 24 7 0 11 0
4 2 0 7 0 24 7 0 7 0
4 3 0 7 0 24 7 0 10 0
7 0 0 7 0 24 7 0 12 0
7 2 0 7 0 24 7 0 8 0
7 3 0 7 0 24 7 0 11 0
7 4 0 7 0 24 7 0 7 0
8 0 0 7 0 24 7 0 12 0
8 2 0 7 0 24 7 0 8 0
8 3 0 7 0 24 7 0 11 0
8 4 0 7 0 24 7 0 7 0
8 7 0 7 0 24 7 0 8 0
10 1 0 5 0 14 10 0 6 0
12 1 0 6 0 17 8 0 11 0
14 1 0 5 0 14 10 0 4 0
14 10 0 5 0 14 10 0 6 0
20 1 1 6 0 17 14 0 8 1
20 12 0 6 0 17 8 0 9 0
20 14 1 0 0 0 13 0 0 0
24 1 1 5 0 14 16 0 3 1
24 10 0 5 0 14 10 0 5 0
24 14 1 5 0 14 16 0 3 1
24 20 1 0 0 0 13 0 0 0
28 10 1 0 0 0 13 0 0 0
13 11 2 5 7 10 14 2 6 1
13 9 2 0 7 0 13 2 0 0
15 13 2 0 7 0 13 2 0 0
15 11 2 0 7 0 13 2 0 0
15 9 2 4 7 7 16 2 1 1
16 13 2 5 7 10 14 2 5 1
16 15 2 0 7 0 13 1 0 0
16 11 0 5 0 10 8 0 3 0
11 9 2 0 7 0 13 2 0 0
19 13 2 0 7 0 13 2 0 0
19 15 2 0 7 0 13 2 0 0
19 11 2 0 7 0 13 2 0 0
19 9 2 0 7 0 13 2 0 0
26 13 2 0 7 0 13 1 0 0
26 15 0 4 0 7 10 0 4 0
26 16 2 0 7 0 13 1 0 0
26 11 2 0 7 0 13 1 0 0
26 9 0 4 0 7 10 0 3 0
22 17 3 0 14 0 9 4 0 0
30 17 3 0 14 0 9 3 0 0
30 22 3 0 14 0 9 3 0 0
25 6 4 0 17 0 8 5 0 0
27 23 5 0 19 0 8 8 0 0
21 18 6 0 21 0 9 12 0 0
29 18 6 0 21 0 9 10 0 0
29 21 6 0 21 0 9 8 0 0
####
0 20 0 13 1 0 16
1 15 0 14 1 1 10
13 17 0 10 1 4 5
25 27 0 4 1 8 3
17 25 0 5 1 6 4
12 16 0 14 1 1 8
10 26 0 14 1 1 6
24 9 0 14 1 2 3
8 14 0 13 1 0 13
8 24 0 13 1 0 13
15 23 5 9 3 5 3
12 13 0 14 1 1 8
9 21 7 10 4 4 1
18 5 0 4 1 15 1
0 24 0 13 1 0 16
8 20 0 13 1 0 13
7 19 7 13 2 0 12
16 22 0 10 1 3 3
23 21 0 5 1 13 2
11 27 5 9 3 4 3
3 6 17 8 4 0 15
16 18 7 10 4 3 3
2 16 7 13 2 0 11
4 10 0 13 1 0 12
4 28 0 13 1 0 12
24 19 0 14 1 2 3
1 13 0 14 1 1 10
23 29 0 5 1 13 2
26 30 0 10 1 3 5
6 23 0 4 1 6 3
14 15 0 14 1 2 4
3 26 7 13 2 0 15
2 14 0 13 1 0 11
4 11 7 13 2 0 12
7 9 7 13 2 0 12
0 1 0 13 1 0 16
30 6 0 5 1 5 4
3 12 0 13 1 0 15
27 18 0 5 1 13 2
20 11 0 14 1 2 4
7 30 14 9 3 0 12
2 25 17 8 4 0 11
7 17 14 9 3 0 12
10 29 14 10 5 1 6
