1 0 4 0 3 0 8 0
1 0 4 0 3 0 8 0
1 0 3 0 3 0 19 0
1 0 4 0 4 0 18 0
1 0 1 0 1 0 3 0
10 2 1 2 1 14 2 0
1 0 4 0 4 0 13 0
11 2 1 4 0 16 1 0
6 2 1 2 1 7 2 0
2 1 2 0 3 1 18 0
7 2 1 2 1 9 5 0
3 2 1 1 1 2 5 0
3 2 2 1 1 3 11 0
4 2 1 2 2 4 9 0
2 1 0 0 0 1 0 1
5 2 2 2 2 6 8 0
2 1 0 0 0 1 0 1
7 2 1 2 0 9 1 0
4 2 1 2 1 4 4 0
5 2 1 2 1 6 3 0
8 2 1 2 1 10 4 0
8 2 0 2 0 10 0 0
4 2 0 2 0 4 0 0
9 2 1 2 1 12 3 0
2 1 0 0 0 1 0 1
12 1 0 2 0 17 0 1
6 2 1 2 1 8 6 0
6 2 1 2 1 8 2 0
####
1 0 0 11 0 21 7 0 10 0
2 0 0 11 0 21 7 0 17 0
2 1 0 11 0 21 7 0 15 0
3 0 0 11 0 21 7 0 16 0
3 1 0 11 0 21 7 0 14 0
3 2 0 11 0 21 7 0 21 0
4 0 0 11 0 21 7 0 8 0
4 1 0 11 0 21 7 0 6 0
4 2 0 11 0 21 7 0 13 0
4 3 0 11 0 21 7 0 12 0
6 0 0 11 0 21 7 0 14 0
6 1 0 11 0 21 7 0 12 0
6 2 0 11 0 21 7 0 19 0
6 3 0 11 0 21 7 0 18 0
6 4 0 11 0 21 7 0 10 0
12 11 2 0 4 0 8 2 0 0
18 13 3 0 6 0 9 4 0 0
22 13 3 0 6 0 9 4 0 0
22 18 3 0 6 0 9 4 0 0
19 15 4 0 9 0 8 6 0 0
26 8 5 0 11 0 9 8 0 0
27 8 5 0 11 0 9 8 0 0
27 26 5 6 11 7 10 8 6 1
17 10 6 0 14 0 8 10 0 0
21 20 7 0 16 0 8 12 0 0
####
19 8 0 5 1 6 3
15 27 0 5 1 6 8
0 20 16 8 7 0 8
1 17 14 8 6 0 8
6 21 16 8 7 0 13
7 25 0 2 1 16 1
0 16 0 10 1 0 8
2 22 6 9 3 0 19
0 10 14 8 6 0 8
18 19 0 5 1 4 4
15 26 0 5 1 6 8
3 24 0 10 1 0 18
2 9 0 10 1 0 19
12 13 0 5 1 3 11
1 14 0 10 1 0 8
9 11 0 6 1 1 18
11 18 0 5 1 2 5
6 15 9 8 4 0 13
3 13 6 9 3 0 18
4 5 19 7 9 0 3
1 23 18 7 8 0 8
13 15 0 5 1 4 9
8 17 0 5 1 7 2
12 22 0 5 1 3 11
6 19 9 8 4 0 13
20 23 0 3 1 10 4
23 5 0 2 1 12 3
3 12 4 8 2 0 18
6 8 11 9 5 0 13
0 26 11 9 5 0 8
5 7 0 2 1 14 2
2 11 4 8 2 0 19
1 27 11 9 5 0 8
17 21 0 4 1 9 1
27 7 6 4 5 8 2
3 18 6 9 3 0 18
10 20 0 4 1 9 5
26 10 0 5 1 8 6
9 12 0 6 1 1 18
