1 0 3 0 4 0 19 0
1 0 3 0 2 0 5 0
5 2 1 2 0 7 1 0
1 0 2 0 3 0 14 0
1 0 3 0 3 0 18 0
1 0 1 0 1 0 5 0
1 0 2 0 1 0 3 0
1 0 4 0 5 0 24 0
2 1 0 0 0 1 0 1
1 0 4 0 3 0 12 0
1 0 2 0 3 0 8 0
1 0 3 0 5 0 11 0
2 1 2 0 2 1 21 0
3 2 1 1 1 2 3 0
8 2 1 2 1 13 2 0
9 2 1 2 0 15 1 0
5 2 1 2 0 6 1 0
2 1 2 0 2 1 9 0
10 2 0 4 0 22 0 0
4 2 1 2 1 3 2 0
3 2 1 1 2 3 18 0
2 1 1 0 1 1 4 0
8 2 0 2 0 12 0 0
7 2 1 2 0 11 1 0
3 2 1 1 2 3 4 0
7 2 1 2 0 9 1 0
4 2 2 2 4 5 17 0
5 2 2 2 2 7 8 0
5 1 0 2 0 5 0 1
7 1 0 2 0 10 0 1
5 2 2 2 3 7 7 0
2 1 0 0 0 1 0 1
3 2 1 1 1 3 3 0
6 2 2 2 2 8 6 0
8 2 0 2 0 12 0 0
6 1 0 2 0 8 0 1
6 2 1 2 1 8 2 0
8 2 0 2 0 11 0 0
6 1 0 2 0 7 0 1
4 2 1 2 1 5 2 0
4 2 2 2 1 4 3 0
7 2 1 4 0 11 1 0
6 2 2 2 1 9 3 0
7 2 1 3 1 11 3 0
####
1 0 0 9 0 33 11 0 8 0
3 0 0 9 0 33 11 0 12 0
3 1 0 9 0 33 11 0 6 0
4 0 0 9 0 33 11 0 13 0
4 1 0 9 0 33 11 0 7 0
4 3 0 9 0 33 11 0 11 0
5 0 0 9 0 33 11 0 11 0
5 1 0 9 0 33 11 0 5 0
5 3 0 9 0 33 11 0 9 0
5 4 0 9 0 33 11 0 10 0
6 0 0 7 0 28 14 0 5 0
6 4 0 7 0 28 14 0 4 0
7 0 0 9 0 33 11 0 17 0
7 1 0 9 0 33 11 0 11 0
7 3 0 9 0 33 11 0 15 0
7 4 0 9 0 33 11 0 16 0
7 5 0 9 0 33 11 0 14 0
7 6 0 7 0 28 14 0 6 0
9 0 0 9 0 33 11 0 9 0
9 1 0 9 0 33 11 0 3 0
9 3 0 9 0 33 11 0 7 0
9 4 0 9 0 33 11 0 8 0
9 5 0 9 0 33 11 0 6 0
9 6 0 7 0 28 14 0 3 0
9 7 0 9 0 33 11 0 12 0
10 0 0 9 0 33 11 0 10 0
10 1 0 9 0 33 11 0 4 0
10 3 0 9 0 33 11 0 8 0
10 4 0 9 0 33 11 0 9 0
10 5 0 9 0 33 11 0 7 0
10 6 0 7 0 28 14 0 3 0
10 7 0 9 0 33 11 0 13 0
10 9 0 9 0 33 11 0 5 0
11 0 0 9 0 33 11 0 12 0
11 1 0 9 0 33 11 0 6 0
11 3 0 9 0 33 11 0 10 0
11 4 0 9 0 33 11 0 11 0
11 5 0 9 0 33 11 0 9 0
11 7 0 9 0 33 11 0 15 0
11 9 0 9 0 33 11 0 7 0
11 10 0 9 0 33 11 0 8 0
17 12 0 8 0 28 6 0 10 0
21 12 0 8 0 28 6 0 10 0
21 17 0 8 0 28 6 0 6 0
20 13 2 5 5 19 18 2 6 1
32 20 0 7 0 24 5 0 8 0
32 24 2 0 5 0 14 2 0 0
26 19 3 4 9 15 18 4 4 1
39 19 3 0 9 0 14 2 0 0
39 26 3 6 9 20 15 2 6 1
40 39 3 0 9 0 14 4 0 0
27 2 4 5 13 15 16 4 4 1
27 16 4 0 13 0 15 2 0 0
30 27 4 0 13 0 15 4 0 0
30 2 4 0 13 0 15 4 0 0
16 2 4 0 13 0 15 0 0 0
28 27 4 0 13 0 15 2 0 0
28 2 4 0 13 0 15 6 0 0
28 16 4 0 13 0 15 4 0 0
35 33 5 0 18 0 15 6 0 0
36 33 5 0 18 0 15 6 0 0
36 35 5 0 18 0 15 6 0 0
38 33 5 0 18 0 15 4 0 0
38 35 5 0 18 0 15 4 0 0
42 33 5 0 18 0 15 6 0 0
42 35 5 0 18 0 15 6 0 0
42 36 5 0 18 0 15 6 0 0
25 23 6 0 23 0 15 8 0 0
41 25 6 0 23 0 15 8 0 0
41 23 6 0 23 0 15 8 0 0
41 29 6 0 23 0 15 8 0 0
29 25 6 0 23 0 15 8 0 0
29 23 6 0 23 0 15 8 0 0
43 25 6 0 23 0 15 8 0 0
43 41 6 0 23 0 15 8 0 0
43 23 6 0 23 0 15 8 0 0
43 29 6 0 23 0 15 8 0 0
37 22 7 0 28 0 14 10 0 0
37 34 7 0 28 0 14 10 0 0
37 14 7 0 28 0 14 10 0 0
22 14 7 0 28 0 14 10 0 0
34 22 7 0 28 0 14 10 0 0
34 14 7 0 28 0 14 10 0 0
####
19 41 10 9 3 3 2
10 42 18 15 5 0 8
7 12 0 15 1 0 24
9 34 28 14 7 0 12
0 20 5 14 2 0 19
11 40 9 14 3 0 11
2 18 15 6 5 7 1
33 41 0 10 1 8 6
4 22 28 14 7 0 18
0 36 18 15 5 0 19
42 29 0 10 1 9 3
1 2 13 15 4 0 5
20 26 0 8 1 3 18
3 24 5 14 2 0 14
27 33 0 10 1 7 8
12 20 0 9 1 1 21
12 13 0 9 1 1 21
1 16 13 15 4 0 5
41 22 0 9 1 11 1
7 19 9 14 3 0 24
17 24 0 9 1 1 9
30 42 0 10 1 7 7
43 14 0 9 1 11 3
40 28 0 9 1 4 3
15 18 0 2 1 15 1
3 27 13 15 4 0 14
6 37 28 14 7 0 3
39 2 0 9 1 5 2
0 33 18 15 5 0 19
9 14 28 14 7 0 12
17 32 0 9 1 1 9
32 39 0 8 1 3 3
23 34 0 9 1 11 1
26 30 0 9 1 5 17
4 25 23 15 6 0 18
6 23 23 15 6 0 3
5 21 0 15 1 0 5
13 19 0 8 1 2 3
9 31 0 15 1 0 12
10 32 5 14 2 0 8
14 15 0 5 1 13 2
40 16 0 9 1 4 3
33 43 0 10 1 8 6
27 35 0 10 1 7 8
16 38 0 10 1 6 1
11 15 32 11 8 0 11
11 17 0 15 1 0 11
26 27 0 9 1 5 17
24 40 0 8 1 3 4
25 37 0 9 1 9 1
7 13 5 14 2 0 24
7 39 9 14 3 0 24
4 26 9 14 3 0 18
1 8 0 15 1 0 5
36 25 0 10 1 8 2
9 30 13 15 4 0 12
21 43 18 10 5 1 4
42 23 0 10 1 9 3
30 36 0 10 1 7 7
