1 0 4 0 5 0 14 0
1 0 4 0 5 0 20 0
1 0 3 0 4 0 14 0
1 0 3 0 2 0 8 0
1 0 2 0 4 0 16 0
7 2 1 2 1 10 2 0
1 0 2 0 1 0 8 0
2 1 2 0 4 1 16 0
4 2 1 2 1 5 6 0
2 1 2 0 0 1 2 0
7 2 1 2 1 13 2 0
3 1 0 1 0 2 0 1
3 2 0 1 0 3 0 0
2 1 0 0 0 1 0 1
5 2 1 2 1 7 4 0
9 1 0 2 0 13 0 1
2 1 2 0 1 1 9 0
3 2 2 1 2 3 9 0
5 2 1 4 2 11 5 0
8 2 1 2 0 15 1 0
3 2 2 1 1 3 7 0
4 2 1 2 1 4 6 0
4 2 0 2 0 4 0 0
6 2 2 2 1 12 4 0
8 2 1 4 0 12 1 0
7 1 0 2 0 13 0 1
3 1 0 1 0 2 0 1
6 2 1 2 1 9 3 0
9 1 0 2 0 16 0 1
4 2 1 2 1 5 5 0
3 2 1 1 1 3 7 0
####
1 0 0 8 0 23 8 0 13 0
2 0 0 8 0 23 8 0 13 0
2 1 0 8 0 23 8 0 14 0
3 0 0 8 0 23 8 0 7 0
3 1 0 8 0 23 8 0 8 0
3 2 0 8 0 23 8 0 8 0
4 0 0 8 0 23 8 0 12 0
4 1 0 8 0 23 8 0 13 0
4 2 0 8 0 23 8 0 13 0
4 3 0 8 0 23 8 0 7 0
6 0 0 8 0 23 8 0 11 0
6 1 0 8 0 23 8 0 12 0
6 2 0 8 0 23 8 0 12 0
6 3 0 8 0 23 8 0 6 0
6 4 0 8 0 23 8 0 11 0
9 7 1 0 0 0 10 0 0 0
16 7 0 7 0 19 6 0 12 0
12 11 2 0 4 0 12 2 0 0
17 11 2 0 4 0 12 2 0 0
17 12 2 0 4 0 12 2 0 0
20 11 2 0 4 0 12 2 0 0
20 12 2 0 4 0 12 2 0 0
20 17 2 6 4 13 14 2 6 1
30 17 0 6 0 13 8 0 10 0
30 26 2 0 4 0 12 2 0 0
21 8 0 5 0 9 6 0 8 0
22 21 3 0 10 0 10 4 0 0
29 21 3 0 10 0 10 4 0 0
29 22 3 0 10 0 10 4 0 0
29 8 3 0 10 0 10 1 0 0
18 14 4 0 14 0 8 3 0 0
27 23 5 0 16 0 8 5 0 0
10 5 6 0 18 0 9 7 0 0
25 5 6 0 18 0 9 7 0 0
25 10 6 0 18 0 9 8 0 0
24 19 7 0 21 0 8 9 0 0
28 15 8 0 23 0 8 11 0 0
####
1 21 10 10 3 0 20
30 8 0 10 1 3 7
20 29 0 10 1 3 7
3 14 14 8 4 0 8
7 20 0 10 1 1 16
18 23 0 4 1 11 5
14 27 0 4 1 7 4
17 24 11 8 5 3 9
9 11 0 10 1 1 2
27 5 0 5 1 9 3
0 29 10 10 3 0 14
2 27 16 8 5 0 14
23 25 0 5 1 12 4
2 16 0 10 1 0 14
19 28 0 4 1 15 1
20 22 0 10 1 3 7
23 10 0 5 1 12 4
3 13 0 10 1 0 8
16 30 0 10 1 1 9
10 19 0 5 1 13 2
24 15 0 4 1 12 1
2 10 18 9 6 0 14
5 24 0 5 1 10 2
0 5 18 9 6 0 14
1 9 0 10 1 0 20
3 19 21 8 7 0 8
16 26 0 10 1 1 9
0 30 4 12 2 0 14
6 12 4 12 2 0 8
4 20 4 12 2 0 16
21 18 0 6 1 4 6
0 23 16 8 5 0 14
1 22 10 10 3 0 20
6 8 10 10 3 0 8
4 17 4 12 2 0 16
17 21 0 10 1 3 9
8 18 0 6 1 5 6
1 7 0 10 1 0 20
29 14 0 6 1 5 5
7 17 0 10 1 1 16
9 12 0 10 1 1 2
