1 0 3 0 3 0 9 0
1 0 3 0 5 0 20 0
1 0 2 0 4 0 14 0
1 0 2 0 3 0 11 0
1 0 2 0 2 0 9 0
1 0 2 0 2 0 9 0
1 0 1 0 1 0 2 0
5 2 1 2 0 7 1 0
1 0 2 0 2 0 6 0
1 0 4 0 2 0 6 0
1 0 3 0 4 0 21 0
2 1 2 0 1 1 8 0
4 2 1 2 2 5 6 0
9 2 1 2 0 13 1 0
6 2 0 3 0 9 0 0
2 1 3 0 4 1 19 0
3 2 1 1 1 3 7 0
8 2 0 2 0 19 0 0
2 1 2 0 2 1 7 0
2 1 2 0 1 1 5 0
3 1 0 1 0 2 0 1
7 2 1 2 1 9 3 0
10 2 0 4 0 14 0 0
3 2 1 1 1 3 3 0
3 2 1 1 2 3 6 0
5 2 2 4 2 10 5 0
4 2 1 2 2 5 6 0
2 1 0 0 0 1 0 1
6 2 1 2 0 12 1 0
6 2 1 2 1 12 2 0
4 2 1 2 1 5 2 0
5 2 2 2 1 6 5 0
4 1 0 2 0 4 0 1
3 2 1 1 0 3 1 0
3 2 1 1 1 3 3 0
7 2 0 2 0 13 0 0
6 2 1 2 1 8 4 0
4 1 0 2 0 4 0 1
8 2 1 2 1 11 2 0
3 2 2 1 1 3 8 0
4 2 1 3 1 6 2 0
7 2 1 4 0 18 1 0
####
1 0 0 9 0 31 11 0 14 0
2 1 0 7 0 28 12 0 13 0
3 1 0 7 0 28 12 0 13 0
3 2 0 7 0 28 12 0 14 0
4 0 0 9 0 31 11 0 10 0
4 1 0 9 0 31 11 0 12 0
4 2 0 7 0 28 12 0 10 0
4 3 0 7 0 28 12 0 10 0
5 0 0 9 0 31 11 0 7 0
5 1 0 9 0 31 11 0 9 0
5 2 0 7 0 28 12 0 11 0
5 3 0 7 0 28 12 0 11 0
5 4 0 9 0 31 11 0 5 0
6 2 0 5 0 21 14 0 6 0
8 1 0 7 0 28 12 0 8 0
8 2 0 7 0 28 12 0 9 0
8 3 0 7 0 28 12 0 9 0
8 4 0 7 0 28 12 0 5 0
8 5 0 7 0 28 12 0 6 0
8 6 0 5 0 21 14 0 3 0
9 0 0 9 0 31 11 0 8 0
9 1 0 9 0 31 11 0 10 0
9 2 0 6 0 25 13 0 5 0
9 3 0 6 0 25 13 0 4 0
9 4 0 9 0 31 11 0 6 0
9 5 0 9 0 31 11 0 3 0
10 0 0 9 0 31 11 0 13 0
10 1 0 9 0 31 11 0 15 0
10 2 0 7 0 28 12 0 12 0
10 3 0 7 0 28 12 0 12 0
10 4 0 9 0 31 11 0 11 0
10 5 0 9 0 31 11 0 8 0
10 6 0 5 0 21 14 0 4 0
10 8 0 7 0 28 12 0 7 0
10 9 0 9 0 31 11 0 9 0
15 11 0 6 0 23 7 0 9 0
18 11 1 6 0 23 17 0 6 1
18 15 0 6 0 23 7 0 7 0
19 11 0 6 0 23 7 0 7 0
19 15 0 6 0 23 7 0 8 0
19 18 0 6 0 23 7 0 5 0
23 16 2 0 5 0 17 0 0 0
24 23 2 0 5 0 17 2 0 0
33 16 2 0 5 0 17 2 0 0
34 20 2 0 5 0 17 2 0 0
34 24 0 5 0 16 9 0 5 0
39 16 2 0 5 0 17 2 0 0
39 23 2 0 5 0 17 0 0 0
39 24 0 5 0 16 9 0 7 0
39 33 2 0 5 0 17 2 0 0
39 34 0 5 0 16 9 0 6 0
26 12 3 0 12 0 16 4 0 0
30 26 3 0 12 0 16 2 0 0
30 12 3 0 12 0 16 2 0 0
32 26 3 0 12 0 16 1 0 0
32 12 3 0 12 0 16 4 0 0
37 26 3 0 12 0 16 4 0 0
37 30 3 0 12 0 16 2 0 0
37 32 3 0 12 0 16 4 0 0
37 12 3 0 12 0 16 4 0 0
40 30 3 0 12 0 16 3 0 0
40 12 3 4 12 10 18 2 4 1
31 7 4 0 18 0 13 4 0 0
31 25 4 0 18 0 13 6 0 0
25 7 4 0 18 0 13 5 0 0
36 14 5 0 21 0 14 6 0 0
36 28 5 0 21 0 14 8 0 0
36 29 5 0 21 0 14 8 0 0
28 14 5 0 21 0 14 8 0 0
29 14 5 0 21 0 14 8 0 0
29 28 5 0 21 0 14 8 0 0
35 21 6 0 25 0 13 10 0 0
41 21 6 0 25 0 13 10 0 0
41 35 6 0 25 0 13 10 0 0
38 17 7 0 28 0 12 12 0 0
####
13 22 0 2 1 13 1
2 18 0 15 1 0 14
4 36 21 14 5 0 9
5 13 30 11 8 0 9
1 17 28 12 7 0 20
1 15 0 15 1 0 20
40 41 7 9 3 6 2
39 37 0 13 1 3 8
38 13 0 3 1 11 2
11 14 16 9 4 1 8
36 21 0 7 1 8 4
11 24 0 12 1 1 8
33 32 0 13 1 3 1
18 23 0 12 1 1 7
23 30 0 13 1 3 3
0 21 25 13 6 0 9
6 7 18 13 4 0 2
31 36 0 7 1 6 5
39 12 0 13 1 3 8
30 7 0 9 1 5 2
28 35 0 7 1 12 1
9 28 21 14 5 0 6
31 22 10 4 5 6 5
8 29 21 14 5 0 6
15 39 0 12 1 1 19
21 38 0 5 1 9 3
4 34 5 17 2 0 9
0 33 5 17 2 0 9
25 29 0 7 1 10 5
7 14 0 7 1 7 1
10 39 5 17 2 0 21
34 40 0 13 1 3 3
12 25 0 9 1 5 6
5 24 5 17 2 0 9
8 30 12 16 3 0 6
9 38 28 12 7 0 6
41 17 0 5 1 18 1
3 19 0 15 1 0 11
16 26 0 13 1 3 7
10 23 5 17 2 0 21
19 20 0 12 1 1 5
25 28 0 7 1 10 5
1 31 18 13 4 0 20
9 27 0 15 1 0 6
3 12 12 16 3 0 11
0 26 12 16 3 0 9
29 41 0 7 1 12 2
10 16 5 17 2 0 21
9 35 25 13 6 0 6
2 11 0 15 1 0 14
15 33 0 12 1 1 19
24 25 6 10 2 3 6
26 31 0 9 1 5 6
19 34 0 12 1 1 5
18 40 7 11 2 1 7
15 16 0 12 1 1 19
