1 0 4 0 5 0 14 0
6 2 1 2 1 8 3 0
2 1 0 0 0 1 0 1
1 0 3 0 4 0 19 0
1 0 4 0 5 0 15 0
1 0 2 0 3 0 12 0
7 2 1 4 1 12 2 0
1 0 3 0 3 0 12 0
2 1 3 0 5 1 17 0
3 2 2 1 2 3 5 0
8 2 1 4 0 15 1 0
2 1 2 0 2 1 5 0
8 2 0 2 0 14 0 0
5 2 1 4 0 8 1 0
3 2 2 1 3 3 11 0
3 2 1 1 2 3 10 0
6 2 1 4 1 12 2 0
4 2 2 2 2 5 9 0
3 2 1 1 1 3 2 0
5 2 1 2 1 7 4 0
9 1 0 2 0 16 0 1
7 2 1 2 0 13 1 0
6 2 0 2 0 9 0 0
4 2 2 2 2 5 6 0
4 2 1 2 1 4 3 0
4 1 0 2 0 3 0 1
3 2 1 1 0 2 1 0
5 2 1 4 1 10 3 0
####
3 0 0 8 0 22 6 0 15 0
4 0 0 8 0 22 6 0 13 0
4 3 0 8 0 22 6 0 18 0
5 0 0 8 0 22 6 0 9 0
5 3 0 8 0 22 6 0 14 0
5 4 0 8 0 22 6 0 12 0
7 0 0 8 0 22 6 0 9 0
7 3 0 8 0 22 6 0 14 0
7 4 0 8 0 22 6 0 12 0
7 5 0 8 0 22 6 0 8 0
11 8 0 7 0 19 4 0 10 0
14 9 2 5 3 12 12 2 6 1
15 9 2 5 3 12 12 2 6 1
15 14 2 6 3 14 11 2 8 1
18 9 2 0 3 0 10 1 0 0
18 14 2 6 3 14 11 1 4 1
18 15 2 6 3 14 11 1 6 1
26 15 2 0 3 0 10 1 0 0
26 18 2 0 3 0 10 2 0 0
23 17 3 4 8 8 11 4 6 1
24 17 3 5 8 10 10 4 6 1
24 23 3 0 8 0 9 4 0 0
25 17 3 0 8 0 9 3 0 0
19 13 4 0 12 0 8 2 0 0
27 19 4 0 12 0 8 2 0 0
27 13 4 0 12 0 8 2 0 0
22 1 5 0 15 0 8 4 0 0
22 16 5 0 15 0 8 5 0 0
16 1 5 0 15 0 8 5 0 0
21 6 6 0 18 0 7 7 0 0
12 10 7 0 20 0 7 9 0 0
####
13 22 0 6 1 8 1
7 12 20 7 7 0 12
5 19 12 8 4 0 12
8 9 0 8 1 1 17
16 21 0 5 1 12 2
1 6 0 5 1 8 3
23 13 0 7 1 5 6
5 23 8 9 3 0 12
26 25 0 9 1 2 1
8 14 0 8 1 1 17
6 10 0 4 1 12 2
7 24 8 9 3 0 12
27 16 0 6 1 10 3
0 17 8 9 3 0 14
11 18 0 8 1 1 5
21 12 0 4 1 13 1
14 23 0 9 1 3 11
8 15 0 8 1 1 17
7 14 3 10 2 0 12
17 19 0 7 1 5 9
24 6 6 6 3 4 3
4 21 18 7 6 0 15
14 24 0 9 1 3 11
9 16 7 8 3 3 5
11 26 0 8 1 1 5
17 27 0 7 1 5 9
4 11 0 8 1 0 15
15 17 0 9 1 3 10
0 1 15 8 5 0 14
18 10 12 7 5 3 2
9 13 4 8 2 3 5
3 22 15 8 5 0 19
4 15 3 10 2 0 15
3 8 0 8 1 0 19
4 26 3 10 2 0 15
3 18 3 10 2 0 19
10 20 0 3 1 15 1
0 9 3 10 2 0 14
23 27 0 7 1 5 6
19 1 0 6 1 7 4
0 2 0 8 1 0 14
