1 0 3 0 5 0 15 0
2 1 3 0 2 1 7 0
1 0 2 0 2 0 5 0
3 1 0 1 0 2 0 1
1 0 2 0 2 0 9 0
1 0 3 0 3 0 13 0
4 2 1 3 1 5 4 0
1 0 4 0 4 0 12 0
2 1 0 0 0 1 0 1
5 1 0 2 0 7 0 1
2 2 2 0 1 2 6 0
2 1 3 0 3 1 10 0
6 1 0 2 0 11 0 1
3 2 1 1 1 3 3 0
3 2 1 2 2 4 4 0
4 2 2 2 1 6 3 0
5 2 1 2 1 7 3 0
6 2 1 4 1 10 2 0
7 2 1 2 0 11 1 0
3 2 1 1 1 3 2 0
8 2 0 2 0 12 0 0
5 2 1 3 0 10 1 0
2 1 0 0 0 1 0 1
3 2 1 2 1 4 5 0
3 2 0 2 0 4 0 0
####
2 0 0 5 0 16 7 0 7 0
4 0 0 7 0 19 6 0 9 0
4 2 0 5 0 16 7 0 6 0
5 0 0 7 0 19 6 0 13 0
5 2 0 5 0 16 7 0 6 0
5 4 0 7 0 19 6 0 10 0
7 0 0 7 0 19 6 0 9 0
7 2 0 5 0 16 7 0 7 0
7 4 0 7 0 19 6 0 6 0
7 5 0 7 0 19 6 0 10 0
10 1 1 0 0 0 10 0 0 0
11 1 0 6 0 14 6 0 11 0
11 8 1 0 0 0 10 0 0 0
11 10 0 4 0 11 7 0 5 0
22 10 1 0 0 0 10 0 0 0
14 3 2 0 5 0 11 2 0 0
14 13 2 0 5 0 11 0 0 0
19 13 2 0 5 0 11 2 0 0
19 14 0 3 0 5 8 0 3 0
23 3 2 0 5 0 11 2 0 0
23 13 2 5 5 8 12 2 6 1
23 14 2 0 5 0 11 2 0 0
23 19 2 0 5 0 11 2 0 0
24 3 2 0 5 0 11 2 0 0
24 13 2 0 5 0 11 1 0 0
24 14 2 0 5 0 11 2 0 0
24 19 2 0 5 0 11 1 0 0
24 23 2 0 5 0 11 2 0 0
15 6 3 0 11 0 7 4 0 0
21 9 4 0 13 0 8 6 0 0
21 16 4 0 13 0 8 6 0 0
16 9 4 0 13 0 8 6 0 0
17 12 5 0 16 0 7 8 0 0
####
1 3 0 11 1 1 7
0 20 19 6 7 0 15
13 17 5 8 3 3 3
11 23 0 11 1 1 10
7 16 13 8 4 0 12
0 10 0 10 1 0 15
1 6 6 7 2 1 7
11 19 0 11 1 1 10
5 8 0 10 1 0 13
16 17 0 5 1 7 3
2 19 5 11 2 0 5
4 13 5 11 2 0 9
7 10 0 10 1 0 12
21 12 0 5 1 10 1
23 6 0 8 1 4 5
18 20 0 2 1 11 1
11 13 0 11 1 1 10
19 21 2 9 2 3 2
5 11 0 10 1 0 13
1 23 0 11 1 1 7
4 14 5 11 2 0 9
7 18 18 6 6 0 12
5 24 5 11 2 0 13
10 24 0 11 1 2 6
14 15 0 8 1 4 4
7 22 0 10 1 0 12
0 1 0 10 1 0 15
17 18 0 3 1 10 2
15 21 0 5 1 6 3
10 14 0 11 1 2 6
15 9 0 5 1 6 3
2 15 11 7 3 0 5
6 16 0 5 1 5 4
