1 0 4 0 3 0 16 0
1 0 4 0 4 0 16 0
1 0 3 0 3 0 14 0
4 2 0 2 0 5 0 0
1 0 3 0 1 0 8 0
1 0 2 0 2 0 4 0
1 0 4 0 5 0 16 0
8 2 1 2 1 13 6 0
10 2 1 2 1 16 4 0
2 1 0 0 0 1 0 1
2 1 2 0 3 1 14 0
2 1 2 0 2 1 14 0
5 2 1 2 2 7 10 0
11 2 1 4 1 17 3 0
2 1 0 0 0 1 0 1
2 1 2 0 4 1 13 0
3 2 1 1 0 3 1 0
6 2 2 3 1 10 9 0
7 2 0 2 0 11 0 0
12 2 1 2 1 18 2 0
13 2 1 2 0 19 1 0
2 1 0 0 0 1 0 1
14 2 0 2 0 20 0 0
2 1 0 0 0 1 0 1
3 2 2 1 2 3 12 0
3 2 1 1 1 2 6 0
3 2 2 1 0 3 2 0
9 2 1 4 1 15 5 0
7 2 1 2 1 11 7 0
4 1 0 2 0 4 0 1
4 1 0 2 0 4 0 1
4 2 1 3 1 6 11 0
####
1 0 0 13 0 25 7 0 24 0
2 0 0 13 0 25 7 0 22 0
2 1 0 13 0 25 7 0 24 0
4 0 0 13 0 25 7 0 17 0
4 1 0 13 0 25 7 0 19 0
4 2 0 13 0 25 7 0 17 0
5 2 0 3 0 11 10 0 1 0
6 0 0 13 0 25 7 0 20 0
6 1 0 13 0 25 7 0 22 0
6 2 0 13 0 25 7 0 20 0
6 4 0 13 0 25 7 0 15 0
6 5 0 3 0 11 10 0 3 0
11 10 0 12 0 18 8 0 22 0
15 10 0 12 0 18 8 0 20 0
15 11 0 12 0 18 8 0 18 0
21 11 1 0 0 0 13 0 0 0
23 10 1 0 0 0 13 0 0 0
25 24 2 11 7 14 11 2 15 1
26 16 2 0 7 0 10 1 0 0
29 3 3 0 11 0 10 2 0 0
30 3 3 0 11 0 10 3 0 0
30 29 3 0 11 0 10 3 0 0
31 3 3 0 11 0 10 1 0 0
31 30 3 0 11 0 10 3 0 0
28 18 6 0 17 0 8 8 0 0
####
11 16 0 11 1 1 14
4 7 19 7 7 0 8
8 13 0 2 1 16 4
0 20 24 7 12 0 16
25 27 9 5 6 2 6
24 13 11 5 8 3 12
4 22 25 7 13 0 8
5 26 7 10 2 0 4
15 26 0 11 1 1 13
24 31 0 8 1 3 12
4 9 0 13 1 0 8
1 25 7 10 2 0 16
0 21 0 13 1 0 16
17 28 0 3 1 10 9
11 31 4 11 2 1 14
26 29 0 8 1 3 2
26 3 0 8 1 3 2
31 12 0 5 1 6 11
0 11 0 13 1 0 16
12 17 0 2 1 7 10
1 10 0 13 1 0 16
6 15 0 13 1 0 16
20 22 0 2 1 19 1
1 23 0 13 1 0 16
7 27 0 2 1 13 6
16 30 0 8 1 3 1
0 18 17 8 6 0 16
10 24 0 11 1 1 14
2 3 11 10 3 0 14
13 19 0 2 1 17 3
2 24 7 10 2 0 14
28 7 0 3 1 11 7
19 20 0 2 1 18 2
15 17 9 8 4 1 13
17 18 0 3 1 10 9
6 19 23 7 11 0 16
2 28 17 8 6 0 14
1 12 15 7 4 0 16
6 8 21 7 9 0 16
10 25 0 11 1 1 14
5 14 0 13 1 0 4
27 8 0 2 1 15 5
6 16 7 10 2 0 16
