1 0 3 0 1 0 5 0
1 0 3 0 2 0 7 0
1 0 3 0 2 0 11 0
2 1 0 0 0 1 0 1
1 0 3 0 2 0 5 0
1 0 3 0 3 0 9 0
1 0 1 0 1 0 3 0
1 0 3 0 3 0 5 0
1 0 2 0 2 0 10 0
2 1 1 0 1 1 2 0
2 2 1 0 1 2 4 0
2 1 1 0 0 1 1 0
3 2 1 1 0 3 1 0
2 1 2 0 1 1 3 0
4 2 0 2 0 5 0 0
2 1 0 0 0 1 0 1
3 2 1 1 0 2 1 0
3 1 0 1 0 2 0 1
2 1 0 0 0 1 0 1
3 2 1 2 1 4 3 0
6 2 0 2 0 10 0 0
3 2 1 2 1 4 3 0
4 2 1 2 1 6 2 0
5 2 1 2 0 8 1 0
6 1 0 2 0 9 0 1
5 2 1 2 0 8 1 0
4 1 0 2 0 3 0 1
3 2 0 1 0 3 0 0
2 2 1 0 1 2 4 0
4 2 1 2 1 6 2 0
####
1 0 0 5 0 20 10 0 3 0
2 0 0 5 0 20 10 0 4 0
2 1 0 5 0 20 10 0 5 0
4 0 0 5 0 20 10 0 1 0
4 1 0 5 0 20 10 0 4 0
4 2 0 5 0 20 10 0 5 0
5 0 0 5 0 20 10 0 2 0
5 1 0 5 0 20 10 0 4 0
5 2 0 5 0 20 10 0 7 0
5 4 0 5 0 20 10 0 3 0
6 1 0 5 0 20 10 0 3 0
6 2 0 5 0 20 10 0 6 0
6 5 0 5 0 20 10 0 5 0
8 0 0 5 0 20 10 0 4 0
8 1 0 5 0 20 10 0 5 0
8 2 0 5 0 20 10 0 8 0
8 4 0 5 0 20 10 0 5 0
8 5 0 5 0 20 10 0 7 0
8 6 0 5 0 20 10 0 6 0
15 9 1 0 0 0 16 0 0 0
18 13 1 0 0 0 16 0 0 0
28 10 1 0 0 0 16 0 0 0
17 16 2 0 8 0 14 2 0 0
21 12 2 0 8 0 14 0 0 0
21 19 2 0 8 0 14 2 0 0
27 21 2 0 8 0 14 1 0 0
27 19 2 0 8 0 14 1 0 0
22 14 3 0 14 0 12 1 0 0
29 14 3 0 14 0 12 2 0 0
29 22 3 0 14 0 12 4 0 0
25 23 4 0 18 0 10 2 0 0
24 20 5 0 20 0 10 4 0 0
####
1 3 0 16 1 0 7
0 20 20 10 5 0 5
13 17 0 14 1 1 3
10 21 0 14 1 2 4
29 23 0 6 1 6 2
7 16 8 14 2 0 5
19 22 0 10 1 4 3
8 28 0 16 1 0 10
28 19 0 14 1 2 4
0 15 0 16 1 0 5
6 29 14 12 3 0 3
5 12 8 14 2 0 9
8 10 0 16 1 0 10
13 16 0 14 1 1 3
11 27 0 14 1 1 1
5 22 14 12 3 0 9
2 27 8 14 2 0 11
12 14 0 10 1 3 1
1 23 18 10 4 0 7
4 14 14 12 3 0 5
7 18 0 16 1 0 5
2 10 0 16 1 0 11
1 19 8 14 2 0 7
4 25 18 10 4 0 5
5 21 8 14 2 0 9
16 26 0 10 1 2 1
23 24 0 4 1 8 1
4 11 0 16 1 0 5
22 25 0 6 1 6 2
2 28 0 16 1 0 11
7 13 0 16 1 0 5
21 29 0 10 1 4 3
25 20 0 4 1 8 1
0 9 0 16 1 0 5
9 12 0 14 1 1 2
