1 0 3 0 5 0 17 0
1 0 3 0 3 0 11 0
1 0 3 0 3 0 10 0
6 2 1 2 2 7 8 0
1 0 3 0 4 0 22 0
2 1 2 0 4 1 19 0
1 0 4 0 2 0 8 0
9 2 1 2 1 11 2 0
4 2 1 2 2 5 3 0
3 1 3 1 5 2 14 0
2 1 3 0 4 1 10 0
3 2 1 1 0 3 1 0
11 2 0 2 0 15 0 0
2 1 0 0 0 1 0 1
4 1 0 2 0 4 0 1
4 2 2 1 1 4 11 0
4 2 1 1 0 4 1 0
5 2 2 2 0 7 2 0
7 2 2 3 2 8 7 0
8 2 1 2 1 9 2 0
5 2 1 2 1 6 9 0
10 2 1 3 0 14 1 0
3 2 2 1 1 3 5 0
5 1 0 2 0 5 0 1
6 1 0 2 0 8 0 1
9 2 1 2 0 11 1 0
10 2 0 3 0 15 0 0
6 2 0 2 0 8 0 0
5 1 0 2 0 5 0 1
8 2 1 2 1 10 3 0
####
1 0 0 10 0 24 6 0 9 0
2 0 0 10 0 24 6 0 13 0
2 1 0 10 0 24 6 0 8 0
4 0 0 10 0 24 6 0 16 0
4 1 0 10 0 24 6 0 11 0
4 2 0 10 0 24 6 0 15 0
6 0 0 10 0 24 6 0 10 0
6 1 0 10 0 24 6 0 5 0
6 2 0 10 0 24 6 0 9 0
6 4 0 10 0 24 6 0 12 0
10 5 0 9 0 21 4 0 9 0
11 9 0 7 0 16 5 0 6 0
22 9 2 0 3 0 8 1 0 0
22 11 2 0 3 0 8 2 0 0
15 8 3 0 6 0 9 4 0 0
15 14 3 0 6 0 9 3 0 0
16 15 3 0 6 0 9 0 0 0
16 8 3 0 6 0 9 4 0 0
16 14 3 0 6 0 9 3 0 0
14 8 3 0 6 0 9 4 0 0
20 17 4 0 10 0 9 1 0 0
23 20 4 0 10 0 9 2 0 0
23 17 4 0 10 0 9 1 0 0
28 20 4 0 10 0 9 2 0 0
28 17 4 0 10 0 9 1 0 0
28 23 4 0 10 0 9 2 0 0
24 3 5 0 14 0 8 3 0 0
27 3 5 0 14 0 8 3 0 0
27 24 5 0 14 0 8 2 0 0
29 19 7 0 18 0 7 8 0 0
25 7 8 0 20 0 7 10 0 0
26 21 9 0 22 0 7 12 0 0
####
5 9 0 6 1 1 19
4 7 20 7 8 0 22
7 21 0 4 1 11 2
10 11 0 6 1 1 10
20 3 0 7 1 6 9
15 20 0 8 1 4 11
16 28 0 8 1 4 1
10 21 19 5 8 1 10
0 16 6 9 3 0 17
18 19 0 3 1 8 7
4 22 3 8 2 0 22
9 18 11 4 4 2 14
5 8 3 7 2 1 19
2 19 18 7 7 0 10
15 23 0 8 1 4 11
0 15 6 9 3 0 17
9 15 0 7 1 2 14
6 29 18 7 7 0 8
22 14 0 7 1 3 5
25 26 0 4 1 11 1
0 17 10 9 4 0 17
17 24 0 7 1 7 2
19 25 0 4 1 9 2
6 25 20 7 8 0 8
1 10 0 8 1 0 11
21 12 0 3 1 14 1
10 22 0 6 1 1 10
29 7 0 4 1 10 3
6 11 3 8 2 0 8
4 5 0 8 1 0 22
2 20 10 9 4 0 10
9 16 0 7 1 2 14
11 26 16 5 7 3 1
2 3 14 8 5 0 10
8 17 0 8 1 5 3
17 27 0 7 1 7 2
1 12 24 6 10 0 11
1 27 14 8 5 0 11
18 29 0 3 1 8 7
3 18 0 4 1 7 8
22 8 0 7 1 3 5
6 13 0 8 1 0 8
