1 0 3 0 2 0 9 0
1 0 3 0 3 0 10 0
1 0 3 0 2 0 5 0
1 0 1 0 1 0 7 0
4 2 1 2 1 5 3 0
2 1 1 0 1 1 7 0
1 0 3 0 4 0 15 0
1 0 4 0 3 0 12 0
2 2 1 0 0 2 1 0
2 1 2 0 2 1 10 0
2 2 1 0 1 2 6 0
3 2 1 2 1 4 5 0
2 1 0 0 0 1 0 1
4 2 1 3 1 6 6 0
7 2 1 2 1 14 3 0
2 2 1 0 1 2 6 0
5 2 1 4 1 10 5 0
3 2 2 1 2 3 8 0
3 2 0 1 0 3 0 0
8 2 1 4 1 17 2 0
10 2 0 2 0 19 0 0
2 1 0 0 0 1 0 1
3 1 0 2 0 3 0 1
9 2 1 2 0 18 1 0
6 2 1 4 1 13 4 0
####
1 0 0 9 0 18 7 0 16 0
2 0 0 9 0 18 7 0 11 0
2 1 0 9 0 18 7 0 11 0
3 0 0 9 0 18 7 0 14 0
3 1 0 9 0 18 7 0 14 0
3 2 0 9 0 18 7 0 9 0
6 0 0 9 0 18 7 0 19 0
6 1 0 9 0 18 7 0 19 0
6 2 0 9 0 18 7 0 14 0
6 3 0 9 0 18 7 0 17 0
7 0 0 9 0 18 7 0 16 0
7 1 0 9 0 18 7 0 16 0
7 2 0 9 0 18 7 0 11 0
7 3 0 9 0 18 7 0 14 0
7 6 0 9 0 18 7 0 19 0
9 5 0 8 0 11 8 0 14 0
9 8 1 0 0 0 13 0 0 0
10 5 0 8 0 11 8 0 11 0
10 8 1 0 0 0 13 0 0 0
10 9 1 8 0 11 14 0 13 1
12 8 1 0 0 0 13 0 0 0
12 10 1 0 0 0 13 0 0 0
15 5 0 8 0 11 8 0 11 0
15 8 1 0 0 0 13 0 0 0
15 9 0 8 0 11 8 0 13 0
15 10 1 8 0 11 14 0 10 1
15 12 1 0 0 0 13 0 0 0
17 11 2 7 7 7 11 2 11 1
18 11 2 0 7 0 10 2 0 0
18 17 2 0 7 0 10 2 0 0
22 11 2 0 7 0 10 2 0 0
22 17 2 0 7 0 10 2 0 0
22 18 2 0 7 0 10 2 0 0
13 4 3 6 11 5 9 2 7 1
####
1 21 0 13 1 0 10
6 9 0 13 1 0 15
3 15 0 13 1 0 7
10 11 0 11 1 2 6
0 20 18 7 9 0 9
7 12 0 13 1 0 12
2 18 7 10 2 0 5
1 17 7 10 2 0 10
5 13 4 9 2 1 7
15 16 6 8 3 2 6
9 18 0 11 1 1 10
11 24 3 5 3 4 5
16 24 0 2 1 10 5
7 15 0 13 1 0 12
4 19 3 3 4 5 3
6 10 0 13 1 0 15
1 14 15 7 6 0 10
13 16 0 3 1 6 6
2 23 17 7 8 0 5
24 14 0 2 1 13 4
0 11 7 10 2 0 9
9 17 0 11 1 1 10
7 10 0 13 1 0 12
14 19 0 2 1 14 3
23 20 0 2 1 18 1
0 5 0 13 1 0 9
17 13 0 6 1 3 8
17 4 0 6 1 3 8
6 8 0 13 1 0 15
8 22 0 11 1 2 1
19 23 0 2 1 17 2
7 8 0 13 1 0 12
2 4 11 8 3 0 5
