1 0 3 0 3 0 17 0
12 2 1 2 0 16 1 0
1 0 2 0 1 0 4 0
1 0 2 0 5 0 24 0
1 0 4 0 5 0 15 0
1 0 4 0 3 0 22 0
9 1 2 2 3 12 10 0
1 0 4 0 4 0 16 0
6 2 0 2 0 8 0 0
14 2 0 4 0 17 0 0
9 2 1 2 1 12 5 0
10 2 1 2 2 14 4 0
6 2 1 2 1 8 14 0
2 1 0 0 0 1 0 1
4 2 1 2 2 5 16 0
2 1 3 0 2 1 23 0
4 2 1 2 1 5 2 0
10 1 2 1 1 13 5 0
7 2 1 2 2 9 13 0
12 2 1 2 1 15 2 0
13 2 0 3 0 18 0 0
13 2 1 2 0 16 1 0
2 1 0 0 0 1 0 1
11 2 2 2 1 15 3 0
12 1 0 2 0 16 0 1
3 1 0 1 0 2 0 1
5 2 1 2 0 7 1 0
8 2 2 2 2 11 12 0
11 2 1 1 1 14 3 0
3 2 1 1 1 3 17 0
3 2 1 1 1 3 3 0
5 2 2 2 1 6 15 0
####
3 0 0 13 0 25 7 0 22 0
3 2 0 5 0 10 8 0 7 0
4 0 0 13 0 25 7 0 18 0
4 3 0 13 0 25 7 0 20 0
5 0 0 13 0 25 7 0 21 0
5 2 0 5 0 10 8 0 5 0
5 3 0 13 0 25 7 0 23 0
5 4 0 13 0 25 7 0 19 0
7 0 0 13 0 25 7 0 16 0
7 2 0 5 0 10 8 0 4 0
7 3 0 13 0 25 7 0 18 0
7 4 0 13 0 25 7 0 14 0
7 5 0 13 0 25 7 0 17 0
29 25 2 0 3 0 9 2 0 0
30 25 2 0 3 0 9 2 0 0
30 29 2 0 3 0 9 2 0 0
16 14 3 0 6 0 8 4 0 0
31 26 4 0 8 0 8 6 0 0
12 8 5 0 10 0 8 8 0 0
10 6 8 4 14 7 10 10 7 1
17 11 9 3 16 5 10 13 2 1
28 23 10 0 18 0 8 15 0 0
24 1 11 0 20 0 9 18 0 0
24 19 11 0 20 0 9 17 0 0
19 1 11 0 20 0 9 17 0 0
21 20 12 0 23 0 8 20 0 0
####
3 15 0 9 1 0 24
10 11 0 4 1 12 5
31 9 15 3 9 6 15
0 14 6 8 3 0 17
2 8 10 8 5 0 4
5 13 0 9 1 0 22
27 6 0 3 1 11 12
17 20 5 4 3 13 5
11 23 0 4 1 14 4
21 9 0 3 1 16 1
4 12 10 8 5 0 15
6 17 0 4 1 12 10
28 19 0 5 1 14 3
1 20 0 5 1 16 1
14 31 0 4 1 5 16
17 28 0 4 1 13 5
15 30 0 6 1 1 23
2 30 3 9 2 0 4
18 27 0 2 1 9 13
31 12 0 4 1 6 15
7 19 20 9 11 0 16
4 23 18 8 10 0 15
26 8 0 4 1 7 1
27 10 0 3 1 11 12
3 31 8 8 4 0 24
5 29 3 9 2 0 22
19 21 0 5 1 15 2
4 28 18 8 10 0 15
15 25 0 6 1 1 23
6 11 0 4 1 12 10
7 27 13 7 7 0 16
4 21 23 8 12 0 15
0 18 12 7 6 0 17
12 18 0 3 1 8 14
15 29 0 6 1 1 23
30 16 0 5 1 3 3
16 26 0 4 1 5 2
23 1 0 5 1 15 3
7 22 0 9 1 0 16
23 24 0 5 1 15 3
0 1 20 9 11 0 17
5 10 14 8 8 0 22
5 16 6 8 3 0 22
7 26 8 8 4 0 16
29 14 0 5 1 3 17
