1 0 3 0 1 0 4 0
4 1 0 1 0 4 0 1
5 1 2 2 3 6 7 0
1 0 3 0 3 0 6 0
1 0 4 0 5 0 16 0
1 0 2 0 3 0 10 0
1 0 2 0 2 0 11 0
1 0 4 0 3 0 10 0
1 0 4 0 5 0 21 0
2 2 1 0 2 2 5 0
4 2 1 2 0 6 1 0
6 2 2 3 2 10 4 0
7 2 1 2 0 11 1 0
2 2 1 0 1 2 3 0
4 2 0 2 0 6 0 0
7 2 0 4 0 13 0 0
2 2 2 0 2 2 12 0
7 2 1 2 0 12 1 0
2 2 2 0 1 2 3 0
2 1 0 0 0 1 0 1
2 1 0 0 0 1 0 1
3 2 1 2 1 3 9 0
8 1 0 2 0 12 0 1
2 2 1 0 0 2 1 0
8 1 0 2 0 13 0 1
3 2 1 2 0 4 1 0
3 1 0 2 0 3 0 1
4 2 1 2 2 5 8 0
3 2 0 2 0 3 0 0
6 2 1 1 0 8 1 0
3 2 1 2 1 4 2 0
3 1 1 2 0 3 1 0
####
3 0 0 3 0 13 11 0 1 0
4 0 0 6 0 20 10 0 9 0
4 3 0 7 0 23 9 0 7 0
5 3 0 7 0 23 9 0 4 0
5 4 0 7 0 23 9 0 9 0
6 0 0 6 0 20 10 0 6 0
6 3 0 7 0 23 9 0 5 0
6 4 0 7 0 23 9 0 10 0
6 5 0 7 0 23 9 0 7 0
7 0 0 6 0 20 10 0 2 0
7 3 0 7 0 23 9 0 4 0
7 4 0 7 0 23 9 0 9 0
7 5 0 7 0 23 9 0 6 0
7 6 0 7 0 23 9 0 7 0
8 0 0 6 0 20 10 0 9 0
8 3 0 7 0 23 9 0 7 0
8 4 0 7 0 23 9 0 12 0
8 5 0 7 0 23 9 0 9 0
8 6 0 7 0 23 9 0 10 0
8 7 0 7 0 23 9 0 9 0
16 9 0 6 0 16 9 0 7 0
16 13 1 5 0 13 17 0 6 1
18 9 1 0 0 0 14 0 0 0
18 13 1 0 0 0 14 0 0 0
18 16 1 0 0 0 14 0 0 0
20 13 1 0 0 0 14 0 0 0
20 16 1 0 0 0 14 0 0 0
20 18 1 0 0 0 14 0 0 0
23 9 1 0 0 0 14 0 0 0
25 21 2 0 7 0 13 2 0 0
26 21 2 0 7 0 13 2 0 0
26 25 2 0 7 0 13 2 0 0
28 25 2 0 7 0 13 1 0 0
30 21 2 4 7 7 16 2 4 1
30 25 2 0 7 0 13 2 0 0
30 26 2 0 7 0 13 2 0 0
31 21 2 0 7 0 13 2 0 0
31 25 2 0 7 0 13 2 0 0
31 26 2 0 7 0 13 2 0 0
31 30 2 0 7 0 13 2 0 0
14 10 3 0 13 0 11 0 0 0
14 1 3 0 13 0 11 4 0 0
27 14 3 0 13 0 11 4 0 0
27 10 3 3 13 3 14 4 2 1
27 1 3 0 13 0 11 4 0 0
10 1 3 0 13 0 11 4 0 0
29 11 5 0 18 0 9 8 0 0
17 12 6 0 20 0 10 10 0 0
17 15 6 0 20 0 10 13 0 0
15 12 6 0 20 0 10 13 0 0
24 22 7 0 23 0 9 12 0 0
####
5 9 0 14 1 0 10
2 29 0 3 1 6 7
3 25 7 13 2 0 6
8 13 0 14 1 0 21
0 14 13 11 3 0 4
18 26 0 13 1 2 3
10 15 3 7 3 6 1
4 12 20 10 6 0 16
16 21 0 13 1 2 12
0 10 13 11 3 0 4
13 30 0 13 1 2 3
27 2 0 5 1 5 8
7 29 18 9 5 0 10
3 17 20 10 6 0 6
31 1 0 10 1 3 1
21 27 0 10 1 3 9
5 18 0 14 1 0 10
8 20 0 14 1 0 21
4 13 0 14 1 0 16
17 24 0 5 1 12 1
9 11 11 9 4 2 5
7 28 7 13 2 0 10
18 31 0 13 1 2 3
16 25 0 13 1 2 12
8 16 0 14 1 0 21
7 23 0 14 1 0 10
3 23 0 14 1 0 6
4 16 0 14 1 0 16
6 30 7 13 2 0 11
30 10 0 10 1 4 2
25 14 0 10 1 4 1
29 15 0 5 1 8 1
11 12 0 5 1 10 4
12 22 0 5 1 11 1
7 9 0 14 1 0 10
6 27 13 11 3 0 11
11 17 0 5 1 10 4
23 28 0 13 1 2 1
0 19 0 14 1 0 4
2 11 0 3 1 6 7
8 18 0 14 1 0 21
4 21 7 13 2 0 16
