1 0 3 0 3 0 17 0
4 2 1 2 3 4 13 0
7 2 2 4 3 11 7 0
1 0 2 0 3 0 16 0
1 0 2 0 5 0 14 0
9 2 1 4 0 15 1 0
1 0 1 0 2 0 9 0
1 0 4 0 3 0 12 0
5 1 3 2 4 5 12 0
1 0 3 0 2 0 6 0
2 1 0 0 0 1 0 1
2 1 3 0 4 1 13 0
7 1 0 2 0 10 0 1
6 2 1 1 2 7 4 0
2 1 2 0 2 1 15 0
4 2 1 2 1 4 2 0
8 2 1 3 1 12 2 0
10 1 0 2 0 17 0 1
8 2 2 4 1 14 3 0
10 2 0 4 0 19 0 0
2 2 1 0 1 2 2 0
4 2 0 2 0 5 0 0
3 2 2 1 2 2 5 0
3 2 2 1 2 3 9 0
9 2 1 4 0 16 1 0
2 1 0 0 0 1 0 1
4 2 1 2 0 4 1 0
3 2 1 1 1 2 14 0
6 2 1 3 0 9 1 0
9 2 0 3 0 15 0 0
6 2 2 1 3 7 8 0
####
3 0 0 9 0 23 8 0 17 0
4 0 0 9 0 23 8 0 15 0
4 3 0 9 0 23 8 0 16 0
6 0 0 9 0 23 8 0 12 0
6 3 0 9 0 23 8 0 13 0
6 4 0 9 0 23 8 0 11 0
7 0 0 9 0 23 8 0 11 0
7 3 0 9 0 23 8 0 12 0
7 4 0 9 0 23 8 0 10 0
7 6 0 9 0 23 8 0 7 0
9 0 0 9 0 23 8 0 9 0
9 3 0 9 0 23 8 0 10 0
9 4 0 9 0 23 8 0 8 0
9 6 0 9 0 23 8 0 5 0
9 7 0 9 0 23 8 0 4 0
14 11 0 8 0 18 7 0 14 0
20 10 1 0 0 0 11 0 0 0
20 14 0 5 0 11 7 0 5 0
23 22 2 7 5 15 11 2 4 1
27 22 0 7 0 15 5 0 8 0
27 23 0 7 0 15 5 0 10 0
15 1 0 6 0 11 6 0 6 0
21 15 3 0 8 0 10 4 0 0
21 1 3 0 8 0 10 1 0 0
26 15 3 0 8 0 10 4 0 0
26 21 3 0 8 0 10 0 0 0
26 1 0 6 0 11 6 0 6 0
28 13 5 0 13 0 9 4 0 0
30 13 5 4 13 7 11 4 5 1
30 28 5 0 13 0 9 4 0 0
12 2 6 0 16 0 8 7 0 0
18 16 7 0 18 0 8 11 0 0
24 5 8 0 20 0 9 13 0 0
29 5 8 0 20 0 9 14 0 0
29 24 8 0 20 0 9 13 0 0
19 17 9 0 23 0 8 15 0 0
####
9 26 8 10 3 0 6
8 13 0 4 1 5 12
2 18 0 4 1 11 7
24 17 0 5 1 16 1
22 26 0 7 1 2 5
5 19 0 5 1 15 1
11 23 0 8 1 1 13
4 22 5 9 2 0 14
8 28 0 4 1 5 12
28 12 0 5 1 9 1
16 24 0 5 1 12 2
3 14 0 11 1 0 16
7 20 0 11 1 0 12
7 15 8 10 3 0 12
9 21 8 10 3 0 6
18 5 0 5 1 14 3
23 2 8 5 4 3 9
11 22 0 8 1 1 13
14 27 0 8 1 1 15
23 21 0 7 1 3 9
30 5 4 6 3 7 8
7 10 0 11 1 0 12
3 27 5 9 2 0 16
2 16 0 4 1 11 7
27 1 0 7 1 2 14
9 20 0 11 1 0 6
0 25 0 11 1 0 17
22 15 0 7 1 2 5
6 30 13 9 5 0 9
8 30 0 4 1 5 12
0 23 5 9 2 0 17
4 11 0 11 1 0 14
0 1 8 10 3 0 17
15 24 8 7 5 4 2
14 16 13 7 6 1 15
7 13 13 9 5 0 12
30 2 0 5 1 7 8
11 29 15 8 7 1 13
1 8 0 5 1 4 13
20 28 8 8 4 2 2
13 18 2 5 2 7 4
18 29 0 5 1 14 3
26 19 11 6 6 4 1
