1 0 3 0 3 0 9 0
1 0 3 0 2 0 7 0
1 0 3 0 3 0 8 0
1 0 1 0 1 0 4 0
8 2 1 2 1 11 3 0
1 0 2 0 3 0 14 0
9 1 1 2 1 12 2 0
7 2 1 2 1 8 2 0
1 0 4 0 6 0 21 0
2 1 3 0 3 1 10 0
1 0 4 0 4 0 13 0
5 2 1 2 1 5 4 0
2 1 0 0 0 1 0 1
7 2 1 2 1 10 2 0
3 2 2 1 2 3 6 0
2 1 0 0 0 1 0 1
5 2 0 3 0 5 0 0
2 1 3 0 1 1 12 0
10 2 1 3 0 15 1 0
5 2 1 2 2 7 7 0
2 1 0 0 0 1 0 1
11 1 0 2 0 16 0 1
6 2 1 4 1 6 3 0
6 2 2 2 2 8 6 0
9 2 0 3 0 13 0 0
8 2 1 2 0 10 1 0
3 2 1 1 1 2 2 0
3 2 0 1 0 3 0 0
3 2 1 1 1 3 9 0
4 2 1 2 1 4 5 0
4 2 1 2 1 5 8 0
7 2 1 2 1 9 4 0
4 2 1 2 0 4 1 0
####
1 0 0 10 0 25 8 0 9 0
2 1 0 8 0 22 9 0 8 0
3 0 0 10 0 25 8 0 10 0
3 1 0 10 0 25 8 0 5 0
5 0 0 10 0 25 8 0 17 0
5 1 0 10 0 25 8 0 12 0
5 2 0 8 0 22 9 0 7 0
5 3 0 10 0 25 8 0 13 0
8 0 0 10 0 25 8 0 16 0
8 1 0 10 0 25 8 0 11 0
8 2 0 8 0 22 9 0 13 0
8 3 0 10 0 25 8 0 12 0
8 5 0 10 0 25 8 0 19 0
10 0 0 10 0 25 8 0 15 0
10 1 0 10 0 25 8 0 10 0
10 2 0 8 0 22 9 0 7 0
10 3 0 10 0 25 8 0 11 0
10 5 0 10 0 25 8 0 18 0
10 8 0 10 0 25 8 0 17 0
17 9 0 7 0 17 7 0 6 0
17 12 1 0 0 0 12 0 0 0
26 14 2 0 5 0 11 2 0 0
27 14 2 0 5 0 11 0 0 0
28 14 2 0 5 0 11 1 0 0
28 26 2 0 5 0 11 1 0 0
28 27 2 0 5 0 11 2 0 0
30 29 3 0 9 0 10 3 0 0
32 29 3 0 9 0 10 4 0 0
32 30 3 0 9 0 10 3 0 0
19 11 4 0 12 0 10 5 0 0
19 16 4 0 12 0 10 5 0 0
16 11 4 0 12 0 10 6 0 0
23 22 5 0 15 0 9 7 0 0
13 7 6 0 17 0 10 0 0 0
31 7 6 0 17 0 10 9 0 0
31 13 6 4 17 5 11 4 4 1
25 4 7 0 20 0 9 11 0 0
24 6 8 0 22 0 9 8 0 0
####
9 26 0 9 1 1 10
2 29 9 10 3 0 8
23 31 0 5 1 8 6
0 20 0 12 1 0 9
1 15 0 12 1 0 7
8 9 0 12 1 0 21
7 25 0 5 1 8 2
8 28 5 11 2 0 21
14 22 6 6 3 3 6
10 30 9 10 3 0 13
28 30 0 7 1 3 9
17 28 0 9 1 1 12
26 32 0 7 1 2 2
5 12 0 12 1 0 14
11 22 0 5 1 5 4
17 24 17 7 7 1 12
32 16 0 6 1 4 1
22 7 0 5 1 6 3
30 19 0 6 1 5 8
2 27 5 11 2 0 8
10 31 17 10 6 0 13
6 18 0 3 1 12 2
9 14 0 9 1 1 10
31 4 0 5 1 9 4
5 17 0 12 1 0 14
1 13 17 10 6 0 7
8 11 12 10 4 0 21
29 11 0 6 1 4 5
9 16 7 8 3 1 10
10 32 9 10 3 0 13
18 21 0 2 1 15 1
2 14 5 11 2 0 8
17 27 0 9 1 1 12
8 26 5 11 2 0 21
14 29 0 7 1 3 6
0 23 15 9 5 0 9
4 6 0 4 1 11 3
0 19 12 10 4 0 9
25 24 0 4 1 10 1
10 25 20 9 7 0 13
13 18 4 4 3 10 2
1 7 17 10 6 0 7
19 23 0 5 1 7 7
23 13 0 5 1 8 6
3 4 20 9 7 0 4
