1 0 4 0 4 0 11 0
1 0 1 0 2 0 6 0
1 0 2 0 2 0 15 0
1 0 3 0 3 0 11 0
8 2 1 2 2 11 3 0
1 0 2 0 3 0 12 0
2 1 2 0 1 1 5 0
1 0 2 0 1 0 6 0
2 2 1 0 1 2 4 0
2 1 2 0 3 1 13 0
4 2 1 2 1 5 8 0
3 2 1 1 0 3 1 0
8 2 0 2 0 11 0 0
6 2 1 2 2 8 6 0
4 1 0 2 0 4 0 1
3 2 2 1 1 3 10 0
3 2 1 3 2 5 3 0
7 2 2 2 1 10 5 0
10 1 0 2 0 17 0 1
10 1 0 2 0 17 0 1
4 1 0 2 0 4 0 1
3 2 0 1 0 3 0 0
2 1 0 0 0 1 0 1
5 2 1 2 1 6 7 0
9 2 2 4 0 16 2 0
####
1 0 0 9 0 17 8 0 10 0
2 0 0 9 0 17 8 0 15 0
2 1 0 9 0 17 8 0 11 0
3 0 0 9 0 17 8 0 13 0
3 1 0 9 0 17 8 0 9 0
3 2 0 9 0 17 8 0 14 0
5 0 0 9 0 17 8 0 15 0
5 1 0 9 0 17 8 0 11 0
5 2 0 9 0 17 8 0 16 0
5 3 0 9 0 17 8 0 14 0
7 0 0 9 0 17 8 0 10 0
7 1 0 9 0 17 8 0 6 0
7 2 0 9 0 17 8 0 11 0
7 3 0 9 0 17 8 0 9 0
7 5 0 9 0 17 8 0 11 0
8 6 0 8 0 13 6 0 4 0
9 6 0 8 0 13 6 0 9 0
9 8 0 8 0 13 6 0 9 0
22 8 1 0 0 0 10 0 0 0
15 11 2 0 4 0 10 2 0 0
16 11 2 0 4 0 10 1 0 0
16 15 0 7 0 9 6 0 7 0
21 11 2 0 4 0 10 1 0 0
21 15 2 0 4 0 10 1 0 0
21 16 2 0 4 0 10 2 0 0
14 10 3 0 8 0 9 2 0 0
20 10 3 0 8 0 9 4 0 0
20 14 3 0 8 0 9 4 0 0
12 4 7 0 14 0 8 10 0 0
19 18 9 0 17 0 8 14 0 0
####
5 6 0 10 1 0 12
1 17 13 7 6 0 6
6 21 0 8 1 1 5
3 11 4 10 2 0 11
13 17 0 2 1 8 6
16 24 8 5 6 5 3
24 18 0 3 1 16 2
2 9 0 10 1 0 15
9 15 0 8 1 1 13
0 15 4 10 2 0 11
9 11 0 8 1 1 13
0 4 14 8 7 0 11
4 24 0 3 1 11 3
8 16 0 8 1 2 4
24 19 0 3 1 16 2
3 13 12 7 5 0 11
15 10 0 7 1 3 10
0 12 14 8 7 0 11
10 23 0 4 1 5 8
15 14 0 7 1 3 10
7 22 0 10 1 0 6
17 4 0 3 1 10 5
0 23 11 7 4 0 11
5 10 8 9 3 0 12
2 21 4 10 2 0 15
3 8 0 10 1 0 11
11 20 0 7 1 3 1
17 12 0 3 1 10 5
23 13 0 2 1 6 7
7 8 0 10 1 0 6
6 16 0 8 1 1 5
