1 0 2 0 1 0 9 0
1 0 3 0 3 0 14 0
1 0 2 0 3 0 7 0
1 0 2 0 2 0 7 0
1 0 3 0 2 0 5 0
2 1 2 0 3 1 12 0
1 0 2 0 2 0 9 0
1 0 3 0 1 0 8 0
1 0 2 0 2 0 4 0
2 1 2 0 0 1 2 0
5 2 1 2 1 5 8 0
8 2 1 2 1 10 5 0
12 2 1 2 0 17 1 0
6 2 1 2 1 7 7 0
10 2 1 2 1 14 3 0
3 1 2 1 1 2 11 0
2 1 0 0 0 1 0 1
2 2 1 0 0 2 1 0
3 1 0 1 0 2 0 1
2 2 1 0 0 2 1 0
4 2 1 2 1 3 9 0
11 2 1 2 1 16 2 0
3 1 0 2 0 3 0 1
9 2 1 2 1 12 4 0
2 1 0 0 0 1 0 1
7 2 1 2 1 8 6 0
4 1 0 1 0 3 0 1
3 2 0 2 0 4 0 0
3 2 0 1 0 3 0 0
13 2 0 2 0 18 0 0
####
1 0 0 12 0 21 9 0 18 0
2 0 0 12 0 21 9 0 10 0
2 1 0 12 0 21 9 0 14 0
3 0 0 12 0 21 9 0 11 0
3 1 0 12 0 21 9 0 15 0
3 2 0 12 0 21 9 0 7 0
4 0 0 12 0 21 9 0 9 0
4 1 0 12 0 21 9 0 13 0
4 2 0 12 0 21 9 0 5 0
4 3 0 12 0 21 9 0 6 0
6 0 0 12 0 21 9 0 15 0
6 1 0 12 0 21 9 0 19 0
6 2 0 12 0 21 9 0 11 0
6 3 0 12 0 21 9 0 12 0
6 4 0 12 0 21 9 0 10 0
7 0 0 12 0 21 9 0 12 0
7 1 0 12 0 21 9 0 16 0
7 2 0 12 0 21 9 0 8 0
7 3 0 12 0 21 9 0 9 0
7 4 0 12 0 21 9 0 7 0
7 6 0 12 0 21 9 0 13 0
8 3 0 2 0 6 13 0 2 0
8 4 0 2 0 6 13 0 2 0
8 7 0 2 0 6 13 0 1 0
16 5 1 0 0 0 14 0 0 0
19 17 1 0 0 0 14 0 0 0
27 22 2 0 6 0 13 2 0 0
28 18 2 0 6 0 13 2 0 0
26 20 3 0 11 0 10 4 0 0
####
15 20 0 7 1 2 11
11 23 0 2 1 10 5
8 19 0 14 1 0 4
9 18 0 11 1 1 2
7 11 16 9 7 0 8
3 17 0 14 1 0 7
15 26 0 7 1 2 11
0 28 6 13 2 0 9
2 9 0 14 1 0 7
4 19 0 14 1 0 5
13 25 0 2 1 7 7
1 16 0 14 1 0 14
6 10 13 9 4 0 9
7 24 0 14 1 0 8
9 28 0 11 1 1 2
1 5 0 14 1 0 14
6 25 15 9 6 0 9
21 12 0 2 1 16 2
25 11 0 2 1 8 6
7 27 6 13 2 0 8
10 13 0 2 1 5 8
3 23 17 9 8 0 7
20 10 0 3 1 3 9
23 14 0 2 1 12 4
5 15 0 11 1 1 12
17 22 0 11 1 2 1
12 29 0 2 1 17 1
8 17 0 14 1 0 4
2 14 18 9 9 0 7
4 29 21 9 12 0 5
1 12 20 9 11 0 14
0 13 14 9 5 0 9
19 27 0 11 1 2 1
5 20 5 8 2 1 12
14 21 0 2 1 14 3
4 21 19 9 10 0 5
