1 0 3 0 4 0 13 0
1 0 4 0 6 0 18 0
1 0 2 0 2 0 7 0
1 0 2 0 3 0 12 0
1 0 3 0 2 0 6 0
2 1 2 0 2 1 6 0
4 2 1 2 1 5 4 0
4 2 1 2 1 6 3 0
1 0 4 0 4 0 16 0
5 2 1 2 1 7 2 0
2 2 2 0 3 2 11 0
5 2 1 4 1 10 3 0
2 1 3 0 3 1 9 0
4 2 0 2 0 4 0 0
3 2 1 1 1 3 3 0
8 1 0 2 0 14 0 1
6 2 1 3 0 11 1 0
6 2 1 4 1 12 2 0
3 2 1 1 1 3 2 0
3 2 1 1 0 3 1 0
4 2 1 2 0 5 1 0
7 2 0 2 0 12 0 0
3 2 1 1 1 3 5 0
7 2 1 2 0 13 1 0
3 2 1 2 0 4 1 0
4 1 0 2 0 5 0 1
3 2 2 2 2 4 8 0
5 1 0 2 0 6 0 1
3 2 1 1 1 3 2 0
####
1 0 0 7 0 22 7 0 13 0
2 0 0 7 0 22 7 0 10 0
2 1 0 7 0 22 7 0 15 0
3 0 0 7 0 22 7 0 8 0
3 1 0 7 0 22 7 0 13 0
3 2 0 7 0 22 7 0 10 0
4 0 0 6 0 20 8 0 7 0
4 1 0 6 0 20 8 0 8 0
4 3 0 6 0 20 8 0 6 0
8 0 0 7 0 22 7 0 9 0
8 1 0 7 0 22 7 0 14 0
8 2 0 7 0 22 7 0 11 0
8 3 0 7 0 22 7 0 9 0
8 4 0 6 0 20 8 0 9 0
10 5 0 5 0 17 5 0 6 0
12 10 1 6 0 19 10 0 10 1
19 14 2 0 3 0 13 2 0 0
22 14 2 5 3 12 14 2 6 1
22 19 2 0 3 0 13 2 0 0
24 14 2 0 3 0 13 2 0 0
24 18 2 0 3 0 13 1 0 0
24 19 2 0 3 0 13 2 0 0
24 22 2 0 3 0 13 2 0 0
26 14 2 5 3 12 14 2 5 1
26 18 2 0 3 0 13 1 0 0
26 19 2 0 3 0 13 0 0 0
26 22 2 5 3 12 14 2 7 1
26 24 2 0 3 0 13 2 0 0
28 18 2 0 3 0 13 0 0 0
28 24 2 0 3 0 13 1 0 0
28 26 2 4 3 10 15 1 4 1
13 6 3 0 10 0 11 4 0 0
13 7 3 0 10 0 11 2 0 0
20 13 3 0 10 0 11 1 0 0
20 6 3 0 10 0 11 2 0 0
20 7 3 0 10 0 11 1 0 0
25 13 3 0 10 0 11 4 0 0
25 20 3 0 10 0 11 3 0 0
25 6 3 0 10 0 11 4 0 0
25 7 3 0 10 0 11 4 0 0
7 6 3 0 10 0 11 4 0 0
11 9 4 0 15 0 9 3 0 0
27 9 4 0 15 0 9 3 0 0
27 11 4 0 15 0 9 2 0 0
17 16 5 0 18 0 8 5 0 0
23 21 6 0 20 0 8 7 0 0
####
4 7 10 11 3 0 6
14 17 8 9 3 3 3
0 20 10 11 3 0 13
8 9 15 9 4 0 16
2 22 3 13 2 0 7
16 21 0 4 1 11 1
26 11 5 10 2 4 8
8 28 3 13 2 0 16
22 6 0 12 1 3 5
10 26 0 10 1 2 11
5 18 0 10 1 1 6
8 10 0 9 1 0 16
23 15 0 3 1 13 1
3 6 10 11 3 0 12
17 23 0 4 1 12 2
1 10 0 9 1 0 18
26 7 0 12 1 4 8
4 24 3 13 2 0 6
18 20 0 12 1 3 2
20 27 0 8 1 5 1
12 14 0 10 1 1 9
28 16 8 9 3 3 2
6 11 0 8 1 5 4
1 23 20 8 6 0 18
1 13 10 11 3 0 18
10 24 0 10 1 2 11
9 16 0 5 1 7 2
19 13 0 12 1 3 1
5 28 0 10 1 1 6
2 14 3 13 2 0 7
12 22 0 10 1 1 9
7 9 0 8 1 6 3
3 5 0 9 1 0 12
11 17 0 5 1 10 3
0 26 3 13 2 0 13
1 12 0 9 1 0 18
0 19 3 13 2 0 13
12 19 0 10 1 1 9
24 25 0 12 1 4 1
8 18 3 13 2 0 16
4 21 20 8 6 0 6
