1 0 3 0 3 0 8 0
1 0 2 0 2 0 6 0
1 0 3 0 3 0 6 0
1 0 2 0 4 0 14 0
1 0 2 0 3 0 7 0
2 1 2 0 1 1 3 0
5 2 1 3 0 8 1 0
5 2 1 2 1 7 2 0
2 1 3 0 3 1 8 0
1 0 4 0 3 0 12 0
4 2 1 2 1 5 2 0
3 2 0 1 0 3 0 0
2 2 1 0 1 2 4 0
2 2 1 0 1 2 5 0
6 2 1 4 0 12 1 0
3 2 1 1 0 3 1 0
3 2 2 1 1 3 4 0
3 2 1 2 1 4 4 0
7 2 0 4 0 19 0 0
3 2 1 2 1 4 3 0
2 1 0 0 0 1 0 1
4 2 1 2 1 5 2 0
4 2 1 2 1 6 3 0
4 1 0 2 0 4 0 1
3 1 0 1 0 2 0 1
4 1 0 2 0 4 0 1
####
1 0 0 6 0 19 7 0 10 0
2 0 0 6 0 19 7 0 10 0
2 1 0 6 0 19 7 0 6 0
3 0 0 6 0 19 7 0 16 0
3 1 0 6 0 19 7 0 12 0
3 2 0 6 0 19 7 0 12 0
4 0 0 6 0 19 7 0 12 0
4 1 0 6 0 19 7 0 8 0
4 2 0 6 0 19 7 0 8 0
4 3 0 6 0 19 7 0 14 0
9 0 0 6 0 19 7 0 17 0
9 1 0 6 0 19 7 0 13 0
9 2 0 6 0 19 7 0 13 0
9 3 0 6 0 19 7 0 19 0
9 4 0 6 0 19 7 0 15 0
8 5 0 5 0 14 6 0 4 0
12 5 0 5 0 14 6 0 4 0
12 8 0 5 0 14 6 0 6 0
13 5 0 5 0 14 6 0 5 0
13 8 1 5 0 14 12 0 7 1
13 12 1 5 0 14 12 0 7 1
16 15 2 0 5 0 12 2 0 0
17 11 2 0 5 0 12 1 0 0
17 15 2 0 5 0 12 2 0 0
17 16 2 4 5 8 13 2 5 1
19 11 2 0 5 0 12 1 0 0
19 16 0 4 0 8 7 0 4 0
19 17 2 4 5 8 13 1 5 1
24 15 2 0 5 0 12 2 0 0
24 16 2 0 5 0 12 2 0 0
24 17 2 0 5 0 12 2 0 0
21 10 3 3 11 3 12 2 2 1
22 10 3 3 11 3 12 3 3 1
22 21 3 3 11 3 12 4 3 1
23 21 3 0 11 0 11 4 0 0
23 22 3 0 11 0 11 1 0 0
25 21 3 0 11 0 11 4 0 0
25 22 3 0 11 0 11 4 0 0
25 23 3 0 11 0 11 4 0 0
7 6 4 2 16 1 9 6 1 1
####
5 6 11 7 3 1 3
13 17 0 11 1 2 5
2 22 11 11 3 0 6
16 21 0 11 1 3 4
0 10 11 11 3 0 8
21 6 0 7 1 5 2
1 20 0 11 1 0 6
8 24 0 11 1 1 8
15 23 0 11 1 3 1
4 19 5 12 2 0 7
9 21 11 11 3 0 12
1 16 5 12 2 0 6
14 18 0 2 1 12 1
0 17 5 12 2 0 8
9 11 5 12 2 0 12
22 7 0 7 1 6 3
16 25 0 11 1 3 4
19 10 0 11 1 4 3
8 16 0 11 1 1 8
8 15 0 11 1 1 8
7 14 0 3 1 7 2
6 18 1 3 2 8 1
3 13 0 11 1 0 14
4 5 0 11 1 0 7
5 11 0 11 1 1 3
0 12 0 11 1 0 8
17 22 0 11 1 4 4
2 7 16 8 4 0 6
9 13 0 11 1 0 12
12 19 0 11 1 2 4
3 8 0 11 1 0 14
10 14 2 6 2 5 2
2 15 5 12 2 0 6
9 12 0 11 1 0 12
