1 0 4 0 4 0 11 0
1 0 3 0 4 0 12 0
6 2 1 2 0 11 1 0
1 0 2 0 2 0 14 0
1 0 2 0 2 0 8 0
1 0 4 0 6 0 17 0
2 1 0 0 0 1 0 1
2 1 3 0 2 1 15 0
5 2 1 2 0 7 1 0
3 2 2 1 3 3 12 0
8 2 1 2 0 11 1 0
9 2 0 2 0 12 0 0
2 1 2 0 1 1 5 0
3 2 1 1 1 3 4 0
6 2 1 2 1 9 3 0
4 2 1 2 1 5 3 0
4 2 1 2 1 5 3 0
4 2 2 2 2 5 7 0
3 1 0 1 0 2 0 1
3 1 0 1 0 2 0 1
7 2 1 2 1 10 2 0
7 2 0 3 0 12 0 0
6 1 0 2 0 8 0 1
5 2 1 4 1 10 2 0
5 2 1 2 1 7 4 0
####
1 0 0 8 0 19 6 0 7 0
3 0 0 8 0 19 6 0 10 0
3 1 0 8 0 19 6 0 9 0
4 0 0 8 0 19 6 0 9 0
4 1 0 8 0 19 6 0 8 0
4 3 0 8 0 19 6 0 11 0
5 0 0 8 0 19 6 0 11 0
5 1 0 8 0 19 6 0 10 0
5 3 0 8 0 19 6 0 13 0
5 4 0 8 0 19 6 0 12 0
12 7 0 5 0 13 5 0 8 0
13 9 0 4 0 9 6 0 6 0
18 9 2 0 3 0 9 2 0 0
19 9 2 0 3 0 9 2 0 0
19 18 2 0 3 0 9 2 0 0
16 15 3 3 7 6 10 1 4 1
17 15 3 0 7 0 8 2 0 0
17 16 3 0 7 0 8 2 0 0
23 8 4 0 10 0 8 3 0 0
24 8 4 0 10 0 8 4 0 0
24 23 4 0 10 0 8 3 0 0
22 2 5 0 13 0 8 5 0 0
22 14 5 0 13 0 8 1 0 0
14 2 5 0 13 0 8 5 0 0
21 20 6 0 16 0 7 7 0 0
####
17 8 0 6 1 5 7
10 11 0 2 1 11 1
15 23 0 6 1 5 3
0 15 7 8 3 0 11
9 15 0 7 1 3 12
12 13 0 7 1 1 5
0 24 10 8 4 0 11
1 14 13 8 5 0 12
13 16 0 7 1 3 4
23 2 0 6 1 10 2
7 19 0 7 1 1 15
24 14 0 6 1 7 4
17 24 0 6 1 5 7
9 17 0 7 1 3 12
3 6 0 8 1 0 14
12 21 13 5 5 1 5
7 18 0 7 1 1 15
16 23 0 6 1 5 3
20 10 0 3 1 10 2
3 9 3 9 2 0 14
14 20 0 5 1 9 3
4 11 19 6 8 0 8
7 9 0 7 1 1 15
5 10 18 6 7 0 17
5 16 7 8 3 0 17
1 12 0 8 1 0 12
8 22 0 6 1 7 1
2 21 0 5 1 11 1
5 7 0 8 1 0 17
0 13 3 9 2 0 11
4 17 7 8 3 0 8
5 20 16 7 6 0 17
1 8 10 8 4 0 12
0 2 13 8 5 0 11
