4 1 2 2 2 4 6 0
1 0 3 0 2 0 5 0
1 0 2 0 2 0 10 0
1 0 1 0 1 0 3 0
3 2 1 2 2 4 7 0
1 0 3 0 3 0 13 0
2 1 1 0 0 1 1 0
1 0 3 0 1 0 7 0
1 0 4 0 7 0 14 0
8 2 1 2 1 14 2 0
2 2 2 0 0 2 2 0
3 2 0 1 0 3 0 0
3 1 0 2 0 3 0 1
5 2 1 3 1 8 5 0
2 1 0 0 0 1 0 1
10 1 0 2 0 16 0 1
2 2 2 0 2 2 10 0
2 2 1 0 1 2 4 0
4 2 2 2 2 5 6 0
3 2 0 2 0 4 0 0
6 2 1 3 1 9 4 0
7 2 1 4 1 12 3 0
2 1 0 0 0 1 0 1
2 1 0 0 0 1 0 1
9 2 1 4 0 15 1 0
3 2 1 2 2 3 7 0
####
3 2 0 9 0 19 7 0 9 0
5 1 0 2 0 7 11 0 1 0
5 2 0 9 0 19 7 0 18 0
5 3 0 9 0 19 7 0 13 0
7 2 0 9 0 19 7 0 11 0
7 3 0 9 0 19 7 0 6 0
7 5 0 9 0 19 7 0 15 0
8 1 0 2 0 7 11 0 2 0
8 2 0 9 0 19 7 0 17 0
8 3 0 9 0 19 7 0 12 0
8 5 0 9 0 19 7 0 21 0
8 7 0 9 0 19 7 0 14 0
14 10 1 0 0 0 13 0 0 0
16 10 1 0 0 0 13 0 0 0
17 16 1 8 0 12 14 0 12 1
22 17 1 0 0 0 13 0 0 0
23 10 1 0 0 0 13 0 0 0
23 14 1 0 0 0 13 0 0 0
11 4 2 0 7 0 11 1 0 0
12 4 2 0 7 0 11 2 0 0
19 12 2 0 7 0 11 2 0 0
19 4 2 0 7 0 11 2 0 0
25 12 2 0 7 0 11 2 0 0
25 4 2 7 7 7 12 2 12 1
25 19 2 0 7 0 11 2 0 0
18 0 3 6 12 5 9 4 10 1
####
0 20 1 3 2 4 6
4 18 0 7 1 4 7
5 19 7 11 2 0 13
21 9 0 2 1 12 3
7 11 7 11 2 0 7
20 21 0 2 1 9 4
1 14 0 13 1 0 5
8 10 0 13 1 0 14
10 12 0 12 1 2 2
25 0 0 7 1 3 7
1 10 0 13 1 0 5
16 25 0 12 1 2 10
13 20 0 2 1 8 5
9 24 0 2 1 14 2
8 16 0 13 1 0 14
8 25 7 11 2 0 14
18 13 0 3 1 5 6
2 6 0 13 1 0 10
16 4 0 12 1 2 10
6 11 0 12 1 1 1
18 24 4 3 5 5 6
5 17 0 13 1 0 13
1 23 0 13 1 0 5
10 19 0 12 1 2 2
24 15 0 2 1 15 1
3 9 17 7 7 0 3
7 22 0 13 1 0 7
5 16 0 13 1 0 13
0 13 0 3 1 4 6
17 21 9 8 5 2 4
8 18 12 8 3 0 14
7 17 0 13 1 0 7
2 4 7 11 2 0 10
