1 0 2 0 3 0 12 0
1 0 3 0 4 0 11 0
1 0 2 0 2 0 6 0
1 0 1 0 1 0 6 0
1 0 2 0 1 0 8 0
1 0 2 0 2 0 6 0
5 2 1 2 1 6 3 0
1 0 2 0 1 0 3 0
2 1 1 0 1 1 2 0
1 0 2 0 0 0 2 0
2 1 2 0 1 1 3 0
2 1 2 0 2 1 10 0
1 0 2 0 1 0 3 0
6 2 1 2 1 9 3 0
3 2 1 1 1 3 6 0
3 2 1 1 0 3 1 0
3 1 0 1 0 2 0 1
4 2 1 2 1 5 5 0
7 2 1 4 1 14 2 0
2 2 0 0 0 2 0 0
4 1 0 2 0 4 0 1
2 1 0 0 0 1 0 1
3 2 1 1 1 3 5 0
3 1 0 2 0 3 0 1
9 2 0 2 0 18 0 0
2 2 1 0 0 2 1 0
5 2 1 2 1 7 4 0
4 2 1 2 1 5 4 0
2 1 0 0 0 1 0 1
8 2 1 3 0 16 1 0
####
1 0 0 8 0 20 10 0 15 0
2 0 0 8 0 20 10 0 16 0
2 1 0 8 0 20 10 0 9 0
3 0 0 8 0 20 10 0 16 0
3 1 0 8 0 20 10 0 9 0
3 2 0 8 0 20 10 0 10 0
4 0 0 8 0 20 10 0 17 0
4 1 0 8 0 20 10 0 10 0
4 2 0 8 0 20 10 0 11 0
4 3 0 8 0 20 10 0 11 0
5 0 0 8 0 20 10 0 16 0
5 1 0 8 0 20 10 0 9 0
5 2 0 8 0 20 10 0 10 0
5 3 0 8 0 20 10 0 10 0
5 4 0 8 0 20 10 0 11 0
7 0 0 8 0 20 10 0 11 0
7 1 0 8 0 20 10 0 4 0
7 2 0 8 0 20 10 0 5 0
7 3 0 8 0 20 10 0 5 0
7 4 0 8 0 20 10 0 6 0
7 5 0 8 0 20 10 0 5 0
12 1 0 2 0 7 14 0 2 0
12 9 0 1 0 0 16 0 0 0
11 8 1 7 0 13 17 0 10 1
21 19 1 0 0 0 16 0 0 0
25 10 1 0 0 0 16 0 0 0
25 19 1 0 0 0 16 0 0 0
16 15 2 0 7 0 14 2 0 0
22 14 2 6 7 8 15 2 9 1
23 15 2 0 7 0 14 2 0 0
23 16 2 0 7 0 14 2 0 0
27 17 3 5 12 5 13 4 7 1
26 6 4 4 15 3 12 6 5 1
####
14 17 0 8 1 3 6
15 20 0 8 1 3 1
5 6 15 11 4 0 6
1 26 15 11 4 0 11
27 6 0 5 1 5 4
10 15 0 12 1 1 3
11 14 0 12 1 1 10
3 17 12 12 3 0 6
25 23 0 12 1 2 1
1 25 0 16 1 0 11
7 15 7 14 2 0 3
22 27 0 8 1 3 5
9 21 0 16 1 0 2
7 24 20 10 8 0 3
11 22 0 12 1 1 10
2 13 17 10 5 0 6
0 11 0 16 1 0 12
8 29 12 8 6 1 2
1 10 0 16 1 0 11
5 22 7 14 2 0 6
2 27 12 12 3 0 6
6 18 1 3 2 6 3
4 28 0 16 1 0 8
12 25 0 16 1 0 3
4 14 7 14 2 0 8
26 13 0 3 1 7 4
0 8 0 16 1 0 12
10 16 0 12 1 1 3
12 19 0 16 1 0 3
18 29 0 2 1 14 2
13 18 0 2 1 9 3
29 24 0 2 1 16 1
17 26 0 5 1 5 5
9 19 0 16 1 0 2
