1 0 3 0 2 0 13 0
1 0 3 0 2 0 16 0
1 0 2 0 2 0 12 0
1 0 2 0 2 0 7 0
1 0 3 0 3 0 9 0
1 0 2 0 2 0 8 0
1 0 2 0 2 0 5 0
1 0 3 0 3 0 15 0
1 0 3 0 0 0 3 0
9 2 1 2 1 13 5 0
12 2 1 2 1 17 2 0
2 1 0 0 0 1 0 1
10 2 1 2 1 15 4 0
4 2 1 2 0 5 1 0
2 1 2 0 2 1 5 0
5 2 1 2 1 7 9 0
14 2 0 2 0 19 0 0
2 1 1 0 0 1 1 0
2 1 0 0 0 1 0 1
7 2 1 2 1 11 7 0
2 1 1 0 1 1 12 0
3 2 1 1 1 3 11 0
8 2 1 2 1 12 6 0
3 2 1 1 1 3 2 0
3 2 1 1 0 3 1 0
4 1 0 2 0 4 0 1
4 2 1 2 1 5 10 0
13 2 1 2 0 18 1 0
5 2 0 2 0 7 0 0
3 2 0 1 0 3 0 0
11 2 1 2 1 16 3 0
6 2 1 2 1 9 8 0
2 1 0 0 0 1 0 1
####
1 0 0 13 0 23 10 0 21 0
2 0 0 13 0 23 10 0 20 0
2 1 0 13 0 23 10 0 23 0
3 0 0 4 0 13 11 0 4 0
3 1 0 4 0 13 11 0 5 0
4 0 0 13 0 23 10 0 17 0
4 1 0 13 0 23 10 0 20 0
4 2 0 13 0 23 10 0 19 0
5 0 0 13 0 23 10 0 16 0
5 1 0 13 0 23 10 0 19 0
5 2 0 13 0 23 10 0 18 0
5 4 0 13 0 23 10 0 15 0
6 0 0 13 0 23 10 0 13 0
6 1 0 13 0 23 10 0 16 0
6 2 0 13 0 23 10 0 15 0
6 4 0 13 0 23 10 0 12 0
6 5 0 13 0 23 10 0 11 0
7 0 0 13 0 23 10 0 19 0
7 1 0 13 0 23 10 0 22 0
7 2 0 13 0 23 10 0 21 0
7 3 0 3 0 10 12 0 3 0
7 4 0 13 0 23 10 0 18 0
7 5 0 13 0 23 10 0 17 0
7 6 0 13 0 23 10 0 14 0
8 0 0 4 0 13 11 0 1 0
8 1 0 4 0 13 11 0 2 0
8 3 0 4 0 13 11 0 3 0
8 7 0 2 0 6 13 0 1 0
14 11 1 0 0 0 15 0 0 0
23 21 2 0 6 0 13 1 0 0
24 23 2 0 6 0 13 2 0 0
29 24 2 0 6 0 13 1 0 0
25 13 3 0 10 0 12 4 0 0
26 13 3 0 10 0 12 3 0 0
26 25 3 0 10 0 12 1 0 0
28 15 4 0 13 0 11 1 0 0
####
17 29 0 10 1 1 1
31 19 0 2 1 9 8
15 31 0 3 1 7 9
3 11 0 15 1 0 7
5 19 16 10 6 0 8
22 9 0 2 1 12 6
4 22 17 10 7 0 9
19 22 0 2 1 11 7
8 28 13 11 4 0 3
4 31 15 10 5 0 9
3 14 0 15 1 0 7
1 20 0 15 1 0 16
26 15 0 5 1 5 10
0 32 0 15 1 0 13
4 9 18 10 8 0 9
0 15 13 11 4 0 13
20 21 0 10 1 1 12
1 16 23 10 13 0 16
6 10 21 10 11 0 5
2 30 20 10 10 0 12
7 24 6 13 2 0 15
27 16 0 2 1 18 1
10 27 0 2 1 17 2
8 29 6 13 2 0 3
14 23 0 10 1 1 5
21 26 0 7 1 3 11
1 23 6 13 2 0 16
14 24 0 10 1 1 5
13 28 0 5 1 5 1
30 10 0 2 1 16 3
6 12 19 10 9 0 5
7 26 10 12 3 0 15
5 27 22 10 12 0 8
2 21 6 13 2 0 12
0 13 10 12 3 0 13
24 25 0 7 1 3 1
12 30 0 2 1 15 4
8 18 0 15 1 0 3
7 17 0 15 1 0 15
23 13 0 7 1 3 2
9 12 0 2 1 13 5
