1 0 4 0 3 0 18 0
1 0 4 0 4 0 12 0
1 0 3 0 4 0 18 0
1 0 3 0 3 0 9 0
1 0 2 0 4 0 13 0
1 0 1 0 1 0 11 0
2 1 3 0 5 1 12 0
5 2 1 2 1 5 4 0
7 2 1 2 2 9 8 0
10 2 1 2 1 15 2 0
11 2 1 2 0 16 1 0
3 1 2 1 1 2 3 0
12 1 0 2 0 17 0 1
4 1 0 1 0 3 0 1
5 2 1 2 1 6 10 0
8 2 2 3 2 12 7 0
7 2 1 2 1 9 2 0
4 2 1 2 0 3 1 0
2 1 2 0 2 1 17 0
8 2 1 2 0 10 1 0
5 1 0 2 0 4 0 1
3 2 1 1 2 2 16 0
2 1 0 0 0 1 0 1
9 2 2 2 2 14 5 0
4 2 2 2 2 4 15 0
10 2 1 3 0 15 1 0
11 2 0 4 0 20 0 0
9 2 0 2 0 14 0 0
6 2 1 2 1 7 3 0
6 2 1 2 1 7 9 0
2 1 0 0 0 1 0 1
####
1 0 0 11 0 24 7 0 13 0
2 0 0 11 0 24 7 0 18 0
2 1 0 11 0 24 7 0 15 0
3 0 0 11 0 24 7 0 11 0
3 1 0 11 0 24 7 0 8 0
3 2 0 11 0 24 7 0 13 0
4 0 0 11 0 24 7 0 13 0
4 1 0 11 0 24 7 0 10 0
4 2 0 11 0 24 7 0 15 0
4 3 0 11 0 24 7 0 8 0
5 0 0 11 0 24 7 0 15 0
5 1 0 11 0 24 7 0 12 0
5 2 0 11 0 24 7 0 17 0
5 3 0 11 0 24 7 0 10 0
5 4 0 11 0 24 7 0 12 0
18 6 0 10 0 20 5 0 13 0
30 22 1 0 0 0 10 0 0 0
17 13 3 0 6 0 9 4 0 0
14 7 4 6 9 10 11 2 8 1
29 28 5 5 12 8 10 4 6 1
16 8 6 4 14 6 10 6 4 1
19 15 7 3 16 4 10 8 2 1
27 23 8 0 18 0 8 10 0 0
25 9 9 0 20 0 8 12 0 0
26 10 10 0 22 0 8 18 0 0
####
15 27 0 4 1 12 7
2 29 12 8 5 0 18
2 18 0 10 1 0 18
19 26 4 4 3 10 1
17 20 0 6 1 3 1
0 7 9 9 4 0 18
6 17 2 7 2 1 12
4 9 20 8 9 0 13
15 23 0 4 1 12 7
29 8 0 4 1 7 9
0 24 6 9 3 0 18
10 12 0 3 1 16 1
25 26 0 4 1 15 1
24 14 0 6 1 4 15
1 28 12 8 5 0 12
3 16 14 8 6 0 9
1 10 22 8 10 0 12
7 28 0 5 1 5 4
6 15 12 6 6 1 12
3 27 18 8 8 0 9
8 15 0 4 1 9 8
23 25 0 4 1 14 5
11 13 0 5 1 2 3
0 22 0 10 1 0 18
28 16 0 4 1 7 3
6 11 0 6 1 1 12
3 23 18 8 8 0 9
9 10 0 4 1 15 2
1 19 16 8 7 0 12
0 30 0 10 1 0 18
18 21 0 6 1 1 17
16 19 0 4 1 9 2
14 29 0 5 1 6 10
11 17 0 5 1 2 3
4 6 0 10 1 0 13
18 25 16 6 8 1 17
24 7 0 6 1 4 15
2 21 4 8 2 0 18
23 9 0 4 1 14 5
5 14 9 9 4 0 11
1 8 14 8 6 0 12
21 24 0 5 1 2 16
