1 0 2 0 2 0 3 0
1 0 4 0 6 0 15 0
1 0 2 0 2 0 5 0
6 2 1 2 1 8 2 0
1 0 2 0 2 0 7 0
1 0 4 0 7 0 19 0
1 0 2 0 1 0 4 0
1 0 3 0 1 0 5 0
2 1 2 0 3 1 13 0
3 2 2 1 3 2 10 0
2 1 0 0 0 1 0 1
2 1 0 0 0 1 0 1
4 2 2 2 2 4 6 0
4 2 1 2 1 5 2 0
4 2 1 2 0 5 1 0
4 2 1 2 1 4 2 0
6 2 1 2 0 7 1 0
5 2 1 2 0 5 1 0
2 1 2 0 3 1 6 0
3 2 2 1 0 3 2 0
5 2 1 2 1 6 3 0
3 2 1 1 1 3 2 0
6 2 0 2 0 7 0 0
8 2 0 4 0 16 0 0
7 2 1 4 0 12 1 0
3 2 1 1 1 3 3 0
2 1 1 0 0 1 1 0
5 2 1 2 1 6 2 0
4 1 0 2 0 4 0 1
5 1 0 2 0 6 0 1
4 2 0 3 0 5 0 0
####
2 1 0 7 0 23 8 0 10 0
4 1 0 7 0 23 8 0 9 0
4 2 0 7 0 23 8 0 7 0
5 0 0 5 0 19 10 0 6 0
5 1 0 7 0 23 8 0 16 0
5 2 0 7 0 23 8 0 14 0
5 4 0 7 0 23 8 0 13 0
6 1 0 7 0 23 8 0 8 0
6 2 0 7 0 23 8 0 6 0
6 4 0 7 0 23 8 0 5 0
6 5 0 7 0 23 8 0 12 0
7 0 0 5 0 19 10 0 2 0
7 1 0 7 0 23 8 0 8 0
7 2 0 7 0 23 8 0 6 0
7 4 0 7 0 23 8 0 5 0
7 5 0 7 0 23 8 0 12 0
7 6 0 7 0 23 8 0 4 0
26 18 1 2 0 4 18 0 1 1
19 9 2 0 5 0 11 1 0 0
21 19 2 0 5 0 11 2 0 0
25 9 2 5 5 14 12 2 8 1
25 19 2 0 5 0 11 1 0 0
15 12 3 0 9 0 13 4 0 0
15 14 3 0 9 0 13 2 0 0
15 13 3 0 9 0 13 4 0 0
14 12 3 0 9 0 13 2 0 0
14 13 3 0 9 0 13 2 0 0
13 12 3 4 9 8 14 4 6 1
28 12 3 0 9 0 13 2 0 0
28 15 3 0 9 0 13 3 0 0
28 14 3 0 9 0 13 4 0 0
28 13 3 0 9 0 13 3 0 0
30 12 3 0 9 0 13 3 0 0
30 15 3 0 9 0 13 3 0 0
30 14 3 0 9 0 13 5 0 0
30 13 3 0 9 0 13 3 0 0
30 28 3 0 9 0 13 5 0 0
20 17 4 0 15 0 11 6 0 0
27 17 4 0 15 0 11 6 0 0
27 20 4 3 15 4 12 2 3 1
29 17 4 0 15 0 11 4 0 0
29 20 4 0 15 0 11 4 0 0
29 27 4 0 15 0 11 4 0 0
22 3 5 0 19 0 10 8 0 0
22 16 5 0 19 0 10 8 0 0
16 3 5 2 19 1 11 4 1 1
####
21 14 0 10 1 3 2
5 9 5 11 2 0 19
12 27 0 10 1 4 6
20 3 0 7 1 6 3
1 26 0 12 1 0 15
5 19 5 11 2 0 19
8 9 0 9 1 1 13
18 19 0 9 1 1 6
5 8 0 12 1 0 19
3 24 0 4 1 8 2
12 20 0 10 1 4 6
0 15 9 13 3 0 3
9 15 0 10 1 2 10
1 16 19 10 5 0 15
27 16 0 7 1 6 2
0 17 15 11 4 0 3
9 12 0 10 1 2 10
7 10 0 12 1 0 5
24 23 0 2 1 12 1
8 25 0 9 1 1 13
19 28 0 10 1 3 2
13 24 7 7 3 5 2
6 11 0 12 1 0 4
7 27 15 11 4 0 5
16 23 1 4 2 7 1
26 30 4 11 2 1 1
17 22 0 7 1 5 1
2 3 19 10 5 0 5
18 21 0 9 1 1 6
7 22 19 10 5 0 5
4 20 15 11 4 0 7
14 29 0 10 1 5 1
15 17 0 10 1 4 2
1 12 9 13 3 0 15
1 18 0 12 1 0 15
25 13 0 10 1 3 3
5 14 9 13 3 0 19
6 13 9 13 3 0 4
2 25 5 11 2 0 5
4 21 5 11 2 0 7
19 30 0 10 1 3 2
