1 0 2 0 1 0 9 0
1 0 3 0 6 0 13 0
1 0 3 0 3 0 13 0
4 2 1 2 1 5 7 0
5 1 1 2 1 6 6 0
1 0 1 0 1 0 3 0
1 0 3 0 2 0 7 0
8 2 1 2 1 10 3 0
9 2 1 4 1 11 2 0
1 0 4 0 3 0 8 0
2 1 3 0 3 1 11 0
2 2 0 0 0 2 0 0
10 2 1 4 0 16 1 0
2 2 1 0 1 2 3 0
6 2 1 2 2 7 5 0
7 2 2 2 2 8 4 0
4 1 0 2 0 4 0 1
2 2 1 0 0 2 1 0
3 1 0 2 0 3 0 1
3 2 1 1 1 3 8 0
11 2 0 4 0 18 0 0
3 2 1 2 1 4 2 0
2 2 1 0 0 2 1 0
3 2 1 1 0 3 1 0
2 1 0 0 0 1 0 1
####
1 0 0 10 0 18 7 0 17 0
2 0 0 10 0 18 7 0 15 0
2 1 0 10 0 18 7 0 18 0
5 0 0 10 0 18 7 0 9 0
5 1 0 10 0 18 7 0 12 0
5 2 0 10 0 18 7 0 10 0
6 0 0 10 0 18 7 0 12 0
6 1 0 10 0 18 7 0 15 0
6 2 0 10 0 18 7 0 13 0
6 5 0 10 0 18 7 0 7 0
9 0 0 10 0 18 7 0 11 0
9 1 0 10 0 18 7 0 14 0
9 2 0 10 0 18 7 0 12 0
9 5 0 10 0 18 7 0 6 0
9 6 0 10 0 18 7 0 9 0
13 10 0 9 0 12 7 0 10 0
13 11 1 0 0 0 12 0 0 0
17 10 1 9 0 12 13 0 8 1
17 11 1 0 0 0 12 0 0 0
17 13 1 9 0 12 13 0 2 1
22 11 1 0 0 0 12 0 0 0
22 13 1 0 0 0 12 0 0 0
22 17 1 0 0 0 12 0 0 0
19 18 2 0 6 0 10 1 0 0
21 19 0 8 0 8 5 0 8 0
21 18 2 0 6 0 10 2 0 0
23 19 2 0 6 0 10 2 0 0
23 18 2 0 6 0 10 1 0 0
16 3 3 0 10 0 8 4 0 0
####
9 22 0 12 1 0 8
1 17 0 12 1 0 13
17 20 12 7 9 2 1
1 15 14 7 6 0 13
2 22 0 12 1 0 13
15 8 1 2 2 8 4
0 3 10 8 3 0 9
13 21 0 10 1 2 3
12 20 0 2 1 16 1
2 19 6 10 2 0 13
6 7 15 7 7 0 7
0 24 0 12 1 0 9
2 23 6 10 2 0 13
9 11 0 12 1 0 8
9 17 0 12 1 0 8
19 3 0 6 1 3 8
1 10 0 12 1 0 13
3 4 0 3 1 5 7
21 12 7 5 7 4 2
23 16 0 6 1 3 1
6 11 0 12 1 0 7
10 19 0 10 1 1 11
4 14 0 2 1 6 6
14 15 0 2 1 7 5
5 21 6 10 2 0 3
15 7 0 2 1 8 4
10 23 0 10 1 1 11
9 13 0 12 1 0 8
8 12 0 2 1 11 2
22 18 0 10 1 2 1
10 14 7 7 4 1 11
6 13 0 12 1 0 7
7 8 0 2 1 10 3
