1 0 2 0 3 0 11 0
1 0 3 0 5 0 16 0
1 0 3 0 3 0 14 0
1 0 2 0 3 0 15 0
1 0 2 0 3 0 22 0
2 1 2 0 1 1 5 0
3 2 0 3 0 5 0 0
6 2 1 2 3 9 9 0
1 0 4 0 3 0 13 0
1 0 3 0 6 0 18 0
2 1 3 0 4 1 17 0
6 2 1 3 1 9 3 0
1 0 3 0 5 0 14 0
7 1 3 2 2 10 8 0
2 1 2 0 3 1 19 0
10 2 1 4 1 13 2 0
5 2 1 3 2 8 4 0
2 2 2 0 2 2 5 0
8 2 0 1 0 12 0 0
3 2 2 1 1 3 7 0
8 1 0 2 0 12 0 1
3 2 1 2 1 4 12 0
8 1 0 1 0 11 0 1
3 2 1 2 0 4 1 0
6 2 2 2 1 9 3 0
4 1 0 2 0 5 0 1
3 2 1 2 1 4 6 0
10 2 0 4 0 19 0 0
4 2 1 2 1 6 11 0
8 2 2 1 3 11 5 0
4 2 1 2 1 6 5 0
7 2 1 4 1 12 2 0
7 2 1 2 0 11 1 0
2 2 2 0 1 2 8 0
2 2 1 0 0 2 1 0
3 1 0 2 0 3 0 1
5 2 1 2 1 7 4 0
12 2 0 4 0 28 0 0
4 2 1 2 1 5 5 0
11 2 1 4 0 26 1 0
5 2 1 2 1 8 10 0
9 2 2 2 1 12 4 0
####
1 0 0 11 0 33 9 0 15 0
2 0 0 11 0 33 9 0 15 0
2 1 0 11 0 33 9 0 16 0
3 0 0 11 0 33 9 0 16 0
3 1 0 11 0 33 9 0 17 0
3 2 0 11 0 33 9 0 17 0
4 0 0 11 0 33 9 0 18 0
4 1 0 11 0 33 9 0 19 0
4 2 0 11 0 33 9 0 19 0
4 3 0 11 0 33 9 0 20 0
8 0 0 11 0 33 9 0 12 0
8 1 0 11 0 33 9 0 13 0
8 2 0 11 0 33 9 0 13 0
8 3 0 11 0 33 9 0 14 0
8 4 0 11 0 33 9 0 16 0
9 0 0 11 0 33 9 0 17 0
9 1 0 11 0 33 9 0 18 0
9 2 0 11 0 33 9 0 18 0
9 3 0 11 0 33 9 0 19 0
9 4 0 11 0 33 9 0 21 0
9 8 0 11 0 33 9 0 15 0
12 0 0 11 0 33 9 0 15 0
12 1 0 11 0 33 9 0 16 0
12 2 0 11 0 33 9 0 16 0
12 3 0 11 0 33 9 0 17 0
12 4 0 11 0 33 9 0 19 0
12 8 0 11 0 33 9 0 13 0
12 9 0 11 0 33 9 0 18 0
10 5 0 10 0 27 7 0 12 0
14 5 0 10 0 27 7 0 13 0
14 10 0 10 0 27 7 0 19 0
17 5 0 10 0 27 7 0 5 0
17 10 0 10 0 27 7 0 11 0
17 14 0 10 0 27 7 0 12 0
33 5 0 10 0 27 7 0 9 0
33 10 0 10 0 27 7 0 15 0
33 14 0 10 0 27 7 0 16 0
33 17 1 10 0 27 15 0 8 1
34 5 0 1 0 0 12 0 0 0
34 14 1 0 0 0 14 0 0 0
34 17 1 0 0 0 14 0 0 0
34 33 1 0 0 0 14 0 0 0
19 6 2 0 6 0 14 1 0 0
21 19 2 9 6 21 15 2 8 1
21 6 2 0 6 0 14 2 0 0
23 6 2 0 6 0 14 2 0 0
26 19 2 9 6 21 15 0 5 1
26 21 0 9 0 21 7 0 13 0
26 23 2 0 6 0 14 1 0 0
26 6 2 0 6 0 14 1 0 0
35 23 2 0 6 0 14 1 0 0
35 26 2 0 6 0 14 2 0 0
35 6 2 0 6 0 14 2 0 0
30 25 3 0 12 0 12 3 0 0
30 28 0 8 0 17 5 0 11 0
38 28 3 6 12 14 14 4 7 1
38 30 3 0 12 0 12 2 0 0
36 16 4 0 16 0 11 4 0 0
40 36 0 7 0 14 4 0 9 0
40 16 4 5 16 11 13 6 5 1
11 7 0 6 0 11 4 0 7 0
24 11 5 0 19 0 11 7 0 0
24 7 5 4 19 8 13 8 3 1
31 13 6 5 22 8 12 3 5 1
32 31 6 0 22 0 11 9 0 0
32 13 6 0 22 0 11 3 0 0
20 18 7 0 25 0 12 5 0 0
22 20 7 0 25 0 12 5 0 0
22 18 7 0 25 0 12 8 0 0
29 20 7 0 25 0 12 5 0 0
29 18 7 0 25 0 12 8 0 0
29 22 7 0 25 0 12 8 0 0
27 15 9 0 30 0 10 12 0 0
####
13 22 0 7 1 10 8
41 27 0 3 1 12 4
5 6 0 12 1 1 5
1 26 6 14 2 0 16
21 28 0 10 1 4 12
19 37 21 7 9 3 7
9 29 25 12 7 0 18
10 21 0 12 1 1 17
39 37 0 2 1 26 1
3 17 0 14 1 0 15
16 24 0 6 1 8 4
38 16 0 7 1 5 5
8 36 16 11 4 0 13
12 33 0 14 1 0 14
32 20 0 7 1 11 1
33 26 0 12 1 2 8
11 31 0 6 1 9 3
24 27 8 5 4 9 3
1 5 0 14 1 0 16
12 17 0 14 1 0 14
13 29 0 7 1 10 8
15 39 0 3 1 13 2
17 23 0 12 1 2 5
4 34 0 14 1 0 22
9 24 19 11 5 0 18
23 25 0 10 1 4 1
0 33 0 14 1 0 11
12 34 0 14 1 0 14
33 35 0 12 1 2 8
31 39 7 4 4 12 2
41 15 0 3 1 12 4
14 19 0 12 1 1 19
5 11 13 9 4 1 5
4 14 0 14 1 0 22
17 31 16 9 5 2 5
3 40 16 11 4 0 15
9 10 0 14 1 0 18
2 32 22 11 6 0 14
1 19 6 14 2 0 16
8 30 12 12 3 0 13
26 30 0 10 1 4 6
8 38 12 12 3 0 13
29 15 1 6 2 11 5
0 23 6 14 2 0 11
10 41 23 7 7 1 17
2 7 19 11 5 0 14
34 6 0 12 1 2 1
2 28 12 12 3 0 14
19 38 0 10 1 3 7
29 41 0 5 1 11 5
10 16 10 9 3 1 17
7 13 0 6 1 9 9
28 40 0 7 1 6 11
13 18 0 7 1 10 8
8 18 25 12 7 0 13
40 7 0 6 1 8 10
14 21 0 12 1 1 19
30 36 0 7 1 6 5
24 32 0 6 1 9 3
36 11 0 6 1 7 4
