1 0 3 0 4 0 15 0
4 1 2 2 3 3 9 0
1 0 4 0 6 0 23 0
1 0 2 0 2 0 3 0
4 2 1 2 2 3 19 0
1 0 2 0 3 0 8 0
8 2 1 3 1 9 8 0
1 0 4 0 2 0 13 0
8 2 1 2 0 10 1 0
12 2 1 2 0 17 1 0
2 1 1 0 2 1 22 0
8 1 0 2 0 9 0 1
1 0 2 0 0 0 2 0
13 1 0 2 0 18 0 1
12 2 0 2 0 17 0 0
8 2 1 2 1 9 8 0
9 2 1 4 2 13 7 0
10 2 2 3 3 14 6 0
5 1 2 2 3 4 18 0
6 2 2 1 2 5 12 0
6 2 1 1 2 6 4 0
11 2 1 2 1 16 2 0
2 2 0 0 0 2 0 0
7 2 2 2 1 8 3 0
11 2 2 2 0 16 2 0
7 2 1 2 1 7 9 0
9 1 0 2 0 11 0 1
12 2 0 2 0 18 0 0
3 2 2 1 3 2 21 0
7 2 1 2 1 7 9 0
####
2 0 0 12 0 23 7 0 21 0
3 0 0 12 0 23 7 0 9 0
3 2 0 12 0 23 7 0 16 0
5 0 0 11 0 20 9 0 7 0
5 2 0 11 0 20 9 0 14 0
7 0 0 12 0 23 7 0 13 0
7 2 0 12 0 23 7 0 20 0
7 3 0 12 0 23 7 0 8 0
7 5 0 11 0 20 9 0 6 0
12 0 0 11 0 20 9 0 6 0
12 2 0 11 0 20 9 0 13 0
12 5 0 11 0 20 9 0 1 0
12 7 0 11 0 20 9 0 5 0
4 1 3 9 3 18 9 4 15 1
20 19 5 0 6 0 8 8 0 0
25 23 6 0 8 0 9 0 0 0
29 23 6 0 8 0 9 10 0 0
29 25 6 6 8 12 10 10 10 1
8 6 7 0 11 0 10 2 0 0
11 8 7 0 11 0 10 2 0 0
11 6 7 0 11 0 10 2 0 0
15 8 7 0 11 0 10 1 0 0
15 11 7 0 11 0 10 1 0 0
15 6 7 5 11 8 11 1 8 1
26 16 8 0 15 0 8 5 0 0
24 21 10 0 18 0 8 10 0 0
14 9 11 0 20 0 9 12 0 0
27 9 11 0 20 0 9 12 0 0
27 14 11 0 20 0 9 12 0 0
####
28 4 0 3 1 2 21
12 27 20 9 11 0 2
4 18 0 3 1 3 19
23 8 0 7 1 8 3
1 17 12 3 6 3 9
3 21 18 8 10 0 3
15 16 0 6 1 9 8
21 9 0 5 1 16 2
28 1 0 3 1 2 21
18 19 0 3 1 4 18
1 6 6 6 4 3 9
7 29 8 9 6 0 13
2 4 3 8 3 0 23
16 17 0 3 1 13 7
2 19 6 8 5 0 23
0 15 11 10 7 0 15
19 29 0 5 1 5 12
23 11 0 7 1 8 3
24 27 0 5 1 16 2
24 14 0 5 1 16 2
17 24 0 3 1 14 6
19 25 0 5 1 5 12
18 20 0 3 1 4 18
7 14 20 9 11 0 13
0 25 8 9 6 0 15
5 24 18 8 10 0 8
2 10 0 8 1 0 23
3 9 20 9 11 0 3
7 22 0 8 1 0 13
29 15 0 7 1 7 9
12 22 0 8 1 0 2
0 23 8 9 6 0 15
8 26 0 6 1 10 1
10 28 0 3 1 1 22
9 13 0 4 1 17 1
20 23 0 5 1 6 4
2 28 2 7 2 0 23
25 6 0 7 1 7 9
17 21 0 3 1 14 6
5 20 6 8 5 0 8
7 8 11 10 7 0 13
6 16 0 6 1 9 8
