1 0 3 0 4 0 14 0
1 0 3 0 4 0 9 0
1 0 1 0 2 0 8 0
1 0 2 0 1 0 5 0
2 1 1 0 1 1 3 0
1 0 2 0 3 0 8 0
4 2 1 3 1 7 2 0
1 0 3 0 4 0 12 0
2 1 2 0 2 1 7 0
3 1 0 1 0 2 0 1
5 2 1 2 1 7 2 0
4 2 1 2 1 6 2 0
2 2 2 0 1 2 3 0
3 2 2 1 1 3 5 0
2 2 2 0 2 2 6 0
3 2 0 2 0 4 0 0
2 1 0 0 0 1 0 1
5 2 1 3 0 10 1 0
3 2 2 2 1 4 4 0
6 1 0 2 0 11 0 1
3 2 0 2 0 4 0 0
4 2 1 2 1 5 3 0
4 1 0 2 0 4 0 1
6 2 1 4 0 10 1 0
7 1 0 2 0 11 0 1
####
1 0 0 6 0 18 7 0 8 0
2 0 0 6 0 18 7 0 9 0
2 1 0 6 0 18 7 0 9 0
3 0 0 5 0 16 8 0 8 0
3 1 0 5 0 16 8 0 5 0
5 0 0 6 0 18 7 0 6 0
5 1 0 6 0 18 7 0 6 0
5 2 0 6 0 18 7 0 7 0
5 3 0 5 0 16 8 0 7 0
7 0 0 6 0 18 7 0 6 0
7 1 0 6 0 18 7 0 6 0
7 2 0 6 0 18 7 0 7 0
7 3 0 5 0 16 8 0 8 0
7 5 0 6 0 18 7 0 4 0
12 8 0 5 0 13 6 0 5 0
14 4 0 4 0 11 7 0 6 0
14 12 1 0 0 0 11 0 0 0
16 12 1 0 0 0 11 0 0 0
16 14 1 0 0 0 11 0 0 0
13 9 2 0 5 0 11 2 0 0
15 13 2 0 5 0 11 1 0 0
18 13 2 0 5 0 11 1 0 0
18 15 2 0 5 0 11 2 0 0
20 13 2 0 5 0 11 0 0 0
20 15 2 0 5 0 11 1 0 0
20 18 2 0 5 0 11 1 0 0
11 6 3 2 10 2 12 4 2 1
21 6 3 0 10 0 10 3 0 0
21 11 3 0 10 0 10 3 0 0
22 6 3 0 10 0 10 3 0 0
22 11 3 0 10 0 10 3 0 0
22 21 3 0 10 0 10 2 0 0
17 10 4 0 14 0 8 6 0 0
23 19 5 0 16 0 8 8 0 0
####
13 22 0 9 1 3 5
3 15 5 11 2 0 5
1 21 10 10 3 0 9
8 13 0 10 1 1 7
0 20 5 11 2 0 14
7 12 0 11 1 0 12
0 14 0 11 1 0 14
2 8 0 11 1 0 8
8 9 0 10 1 1 7
7 16 0 11 1 0 12
6 17 0 6 1 7 2
1 11 10 10 3 0 9
13 21 0 9 1 3 5
12 20 0 10 1 2 3
14 18 0 10 1 2 6
5 18 5 11 2 0 8
3 4 0 11 1 0 5
7 14 0 11 1 0 12
17 19 0 4 1 10 1
18 6 0 9 1 4 4
14 15 0 10 1 2 6
10 23 0 4 1 7 2
23 24 0 3 1 10 1
11 17 0 6 1 6 2
5 10 14 8 4 0 8
4 6 5 9 2 1 3
1 12 0 11 1 0 9
0 13 5 11 2 0 14
21 10 0 6 1 5 3
12 23 11 7 4 2 3
18 11 0 9 1 4 4
