1 0 4 0 5 0 18 0
1 0 3 0 1 0 4 0
2 1 0 0 0 1 0 1
1 0 3 0 2 0 9 0
8 2 1 2 1 12 2 0
4 2 1 2 1 5 3 0
1 0 3 0 5 0 13 0
4 2 1 2 0 4 1 0
4 1 2 2 1 4 7 0
1 0 4 0 6 0 15 0
2 1 2 0 4 1 17 0
7 2 0 2 0 10 0 0
1 0 4 0 4 0 14 0
4 2 1 2 0 4 1 0
2 2 1 0 1 2 2 0
9 2 1 4 0 14 1 0
2 1 2 0 0 1 2 0
2 2 2 0 2 2 9 0
2 2 1 0 0 2 1 0
3 2 2 1 3 3 9 0
5 2 1 3 1 8 5 0
5 1 0 1 0 5 0 1
6 2 1 2 1 10 4 0
5 2 1 4 1 8 2 0
3 2 2 1 2 3 6 0
5 1 0 2 0 5 0 1
7 2 1 2 1 11 3 0
3 1 0 1 0 2 0 1
3 1 0 2 0 3 0 1
6 2 1 2 0 9 1 0
10 2 0 4 0 16 0 0
3 1 0 1 0 2 0 1
2 2 0 0 0 2 0 0
####
3 0 0 9 0 26 7 0 13 0
6 0 0 9 0 26 7 0 17 0
6 3 0 9 0 26 7 0 12 0
9 0 0 9 0 26 7 0 16 0
9 3 0 9 0 26 7 0 11 0
9 6 0 9 0 26 7 0 15 0
12 0 0 9 0 26 7 0 16 0
12 1 0 2 0 7 11 0 2 0
12 3 0 9 0 26 7 0 11 0
12 6 0 9 0 26 7 0 15 0
12 9 0 9 0 26 7 0 14 0
14 10 0 8 0 19 8 0 9 0
17 10 0 8 0 19 8 0 13 0
17 14 1 8 0 19 14 0 6 1
18 2 1 0 0 0 13 0 0 0
18 14 1 0 0 0 13 0 0 0
18 17 1 0 0 0 13 0 0 0
32 2 1 0 0 0 13 0 0 0
32 14 1 0 0 0 13 0 0 0
32 17 1 0 0 0 13 0 0 0
32 18 1 0 0 0 13 0 0 0
24 19 2 0 7 0 11 2 0 0
27 19 2 0 7 0 11 1 0 0
31 19 2 0 7 0 11 1 0 0
31 27 2 0 7 0 11 2 0 0
7 5 3 0 12 0 10 4 0 0
8 7 3 6 12 10 11 4 5 1
8 5 3 0 12 0 10 4 0 0
13 7 3 0 12 0 10 4 0 0
13 8 3 0 12 0 10 4 0 0
13 5 3 0 12 0 10 4 0 0
21 20 4 0 16 0 10 6 0 0
23 20 4 0 16 0 10 6 0 0
23 21 4 0 16 0 10 6 0 0
25 20 4 0 16 0 10 6 0 0
25 21 4 0 16 0 10 6 0 0
25 23 4 0 16 0 10 6 0 0
29 22 5 0 20 0 8 8 0 0
26 11 6 0 22 0 8 10 0 0
####
19 8 0 9 1 3 9
9 26 22 8 6 0 15
12 32 0 13 1 0 14
22 26 0 4 1 10 4
3 11 22 8 6 0 9
17 20 9 11 3 2 9
24 13 0 9 1 3 6
0 10 0 13 1 0 18
5 23 0 8 1 5 3
1 2 0 13 1 0 4
6 7 12 10 3 0 13
13 25 0 8 1 4 1
19 7 0 9 1 3 9
15 30 0 2 1 14 1
24 5 0 9 1 3 6
8 20 0 8 1 4 7
12 17 0 13 1 0 14
9 17 0 13 1 0 15
17 23 9 11 3 2 9
0 4 24 7 7 0 18
9 24 7 11 2 0 15
1 32 0 13 1 0 4
0 29 20 8 5 0 18
9 14 0 13 1 0 15
12 14 0 13 1 0 14
20 22 0 6 1 8 5
23 29 0 6 1 8 2
8 21 0 8 1 4 7
10 19 0 12 1 1 17
29 11 0 4 1 9 1
12 18 0 13 1 0 14
10 24 0 12 1 1 17
14 15 18 8 7 2 2
18 28 0 12 1 2 1
26 4 0 3 1 11 3
3 5 12 10 3 0 9
6 19 7 11 2 0 13
3 22 20 8 5 0 9
16 31 0 12 1 1 2
4 15 0 2 1 12 2
0 13 12 10 3 0 18
1 18 0 13 1 0 4
16 27 0 12 1 1 2
7 30 10 5 6 4 1
6 16 0 13 1 0 13
