1 0 4 0 4 0 10 0
1 0 3 0 4 0 8 0
4 2 0 4 0 7 0 0
1 0 4 0 5 0 13 0
1 0 1 0 2 0 7 0
1 0 2 0 5 0 17 0
1 0 2 0 2 0 5 0
5 2 1 2 1 7 2 0
2 1 2 0 3 1 6 0
2 1 3 0 4 1 11 0
2 1 2 0 3 1 8 0
3 2 2 1 2 3 3 0
4 2 1 2 1 5 4 0
2 1 0 0 0 1 0 1
3 2 1 1 1 3 2 0
4 2 1 2 0 5 1 0
3 2 1 1 0 3 1 0
5 2 1 2 1 7 3 0
3 2 2 1 1 3 6 0
6 2 1 2 1 8 2 0
3 2 2 1 1 3 5 0
8 2 0 4 0 17 0 0
4 2 1 2 1 5 2 0
4 2 1 3 1 5 3 0
4 1 0 2 0 4 0 1
7 2 1 4 0 14 1 0
6 1 0 2 0 7 0 1
5 2 1 4 0 6 1 0
4 1 0 2 0 4 0 1
3 2 1 1 0 2 1 0
####
1 0 0 7 0 23 7 0 10 0
3 0 0 7 0 23 7 0 9 0
3 1 0 7 0 23 7 0 11 0
4 0 0 7 0 23 7 0 9 0
4 1 0 7 0 23 7 0 11 0
4 3 0 7 0 23 7 0 10 0
5 0 0 7 0 23 7 0 16 0
5 1 0 7 0 23 7 0 18 0
5 3 0 7 0 23 7 0 17 0
5 4 0 7 0 23 7 0 17 0
6 0 0 5 0 20 8 0 5 0
6 3 0 5 0 20 8 0 6 0
6 5 0 3 0 10 13 0 3 0
10 8 0 2 0 6 11 0 2 0
10 9 1 6 0 19 11 0 13 1
14 11 2 0 4 0 12 0 0 0
16 14 2 0 4 0 12 2 0 0
18 14 2 5 4 13 13 2 5 1
18 16 2 0 4 0 12 2 0 0
20 14 2 5 4 13 13 2 4 1
20 16 2 0 4 0 12 2 0 0
20 18 2 5 4 13 13 2 7 1
29 11 2 0 4 0 12 2 0 0
29 16 0 1 0 0 13 0 0 0
15 12 3 4 10 6 14 0 3 1
15 2 3 0 10 0 13 2 0 0
12 2 3 0 10 0 13 2 0 0
22 15 3 0 10 0 13 2 0 0
22 12 3 0 10 0 13 2 0 0
22 2 3 0 10 0 13 4 0 0
23 15 3 4 10 6 14 5 2 1
23 12 3 4 10 6 14 5 5 1
23 2 3 0 10 0 13 5 0 0
24 15 3 0 10 0 13 4 0 0
24 12 3 0 10 0 13 2 0 0
24 23 3 0 10 0 13 5 0 0
24 2 3 0 10 0 13 4 0 0
28 15 3 0 10 0 13 4 0 0
28 12 3 0 10 0 13 4 0 0
28 23 3 0 10 0 13 2 0 0
28 24 3 0 10 0 13 4 0 0
28 2 3 0 10 0 13 4 0 0
17 7 4 3 17 3 10 2 3 1
27 17 4 0 17 0 9 4 0 0
27 7 4 0 17 0 9 2 0 0
26 19 5 0 20 0 8 6 0 0
####
5 9 0 10 1 0 17
27 26 0 5 1 6 1
3 15 10 13 3 0 13
0 14 4 12 2 0 10
4 18 4 12 2 0 7
1 17 17 9 4 0 8
16 2 0 13 1 3 1
7 25 2 4 2 7 2
0 7 17 9 4 0 10
9 18 0 10 1 1 11
23 7 0 10 1 5 3
1 20 4 12 2 0 8
18 12 0 13 1 3 6
22 27 0 10 1 5 2
11 22 0 13 1 3 3
0 11 4 12 2 0 10
19 25 0 3 1 8 2
12 17 0 10 1 5 4
11 27 7 9 2 3 3
8 29 0 10 1 1 6
6 22 10 13 3 0 5
17 19 0 5 1 7 3
9 14 0 10 1 1 11
18 24 0 13 1 3 6
8 11 0 10 1 1 6
1 19 20 8 5 0 8
29 2 0 13 1 2 1
14 15 0 13 1 3 2
25 21 0 2 1 14 1
20 23 0 13 1 3 5
3 12 10 13 3 0 13
5 10 0 10 1 0 17
10 16 0 10 1 1 8
15 21 6 8 4 5 1
0 13 0 10 1 0 10
9 23 6 11 2 1 11
3 8 0 10 1 0 13
20 28 0 13 1 3 5
10 20 0 10 1 1 8
3 29 4 12 2 0 13
6 16 4 12 2 0 5
