1 0 2 0 2 0 8 0
1 0 4 0 2 0 7 0
2 1 2 0 1 1 6 0
4 2 1 2 2 5 4 0
1 0 3 0 5 0 14 0
1 0 3 0 4 0 13 0
5 2 1 2 1 6 4 0
1 0 3 0 5 0 20 0
1 0 4 0 2 0 11 0
8 2 1 4 1 12 3 0
7 2 0 2 0 12 0 0
6 2 1 2 2 7 7 0
3 1 0 1 0 2 0 1
2 1 2 0 4 1 19 0
3 2 2 1 2 3 5 0
2 1 2 0 2 1 6 0
3 2 2 1 2 3 12 0
10 2 1 2 0 15 1 0
11 1 0 2 0 16 0 1
4 2 1 2 1 4 9 0
9 1 0 2 0 11 0 1
4 2 0 2 0 5 0 0
4 2 1 2 1 4 5 0
7 2 2 2 2 8 6 0
5 2 2 4 1 9 3 0
6 2 1 3 0 10 1 0
6 2 0 2 0 11 0 0
5 2 1 2 1 6 8 0
2 1 0 0 0 1 0 1
3 2 1 1 1 3 5 0
9 2 1 2 1 14 2 0
8 2 1 2 0 10 1 0
####
1 0 0 6 0 18 8 0 5 0
4 0 0 6 0 18 8 0 11 0
4 1 0 10 0 25 7 0 6 0
5 1 0 10 0 25 7 0 12 0
5 4 0 10 0 25 7 0 14 0
7 0 0 6 0 18 8 0 9 0
7 1 0 10 0 25 7 0 13 0
7 4 0 10 0 25 7 0 15 0
7 5 0 10 0 25 7 0 21 0
8 1 0 10 0 25 7 0 8 0
8 4 0 10 0 25 7 0 10 0
8 5 0 10 0 25 7 0 16 0
8 7 0 10 0 25 7 0 17 0
13 2 0 5 0 14 6 0 6 0
15 2 0 5 0 14 6 0 7 0
15 13 0 5 0 14 6 0 7 0
16 14 2 0 4 0 10 2 0 0
29 12 2 0 4 0 10 1 0 0
29 14 2 4 4 10 12 1 5 1
21 19 3 0 8 0 10 4 0 0
21 3 3 0 8 0 10 3 0 0
22 19 3 7 8 13 11 2 10 1
22 21 3 0 8 0 10 4 0 0
27 6 4 6 12 10 10 4 8 1
27 24 4 0 12 0 9 5 0 0
24 6 4 0 12 0 9 4 0 0
25 11 5 0 15 0 9 7 0 0
26 11 5 0 15 0 9 7 0 0
26 25 5 0 15 0 9 8 0 0
23 10 6 0 18 0 8 9 0 0
31 9 7 0 20 0 8 12 0 0
30 20 8 0 22 0 8 1 0 0
####
6 9 5 5 3 6 4
23 31 0 4 1 8 6
1 26 15 9 5 0 7
24 26 0 6 1 9 3
5 19 8 10 3 0 13
11 23 0 5 1 7 7
27 11 0 6 1 6 8
2 12 0 8 1 1 6
8 28 0 10 1 0 11
22 6 0 7 1 4 5
3 24 0 7 1 5 4
13 16 0 8 1 1 19
16 22 0 8 1 3 12
29 3 0 8 1 3 5
1 10 18 8 6 0 7
0 29 4 10 2 0 8
7 23 18 8 6 0 20
15 25 11 7 4 1 6
5 11 15 9 5 0 13
8 21 8 10 3 0 11
14 24 4 7 2 3 5
4 14 4 10 2 0 14
15 29 0 8 1 1 6
2 3 4 8 2 1 6
8 17 24 7 9 0 11
7 22 8 10 3 0 20
16 19 0 8 1 3 12
1 31 20 8 7 0 7
25 10 0 5 1 10 1
17 18 0 2 1 15 1
4 6 12 9 4 0 14
5 16 4 10 2 0 13
13 14 0 8 1 1 19
4 15 0 10 1 0 14
7 13 0 10 1 0 20
19 27 0 7 1 4 9
23 9 0 4 1 8 6
24 25 0 6 1 9 3
30 17 0 3 1 14 2
9 30 0 4 1 12 3
14 21 0 8 1 3 5
31 20 0 4 1 10 1
8 27 12 9 4 0 11
1 30 22 8 8 0 7
0 2 0 10 1 0 8
