1 0 3 0 2 0 10 0
1 0 3 0 3 0 9 0
1 0 2 0 2 0 4 0
1 0 3 0 4 0 19 0
1 0 1 0 3 0 11 0
1 0 2 0 2 0 13 0
6 2 1 2 1 10 2 0
1 0 3 0 3 0 7 0
2 1 3 0 4 1 10 0
5 2 1 3 0 7 1 0
2 1 3 0 4 1 18 0
3 2 1 1 2 3 7 0
2 1 0 0 0 1 0 1
8 2 0 2 0 12 0 0
5 2 1 2 2 7 5 0
3 2 1 1 1 3 7 0
2 1 1 0 0 1 1 0
6 2 2 2 2 8 4 0
3 2 2 1 1 3 4 0
8 2 0 4 0 18 0 0
4 2 2 3 2 6 6 0
2 1 0 0 0 1 0 1
6 2 0 2 0 8 0 0
7 2 1 2 0 10 1 0
4 2 1 2 1 5 6 0
5 2 1 2 0 7 1 0
4 2 1 3 1 6 2 0
5 2 1 2 1 8 3 0
7 2 1 4 0 16 1 0
3 1 0 1 0 2 0 1
6 1 0 2 0 8 0 1
####
1 0 0 7 0 22 9 0 10 0
2 0 0 7 0 22 9 0 6 0
2 1 0 7 0 22 9 0 1 0
3 0 0 7 0 22 9 0 17 0
3 1 0 7 0 22 9 0 15 0
3 2 0 7 0 22 9 0 7 0
4 0 0 7 0 22 9 0 11 0
4 1 0 7 0 22 9 0 9 0
4 3 0 7 0 22 9 0 16 0
5 0 0 7 0 22 9 0 14 0
5 1 0 7 0 22 9 0 12 0
5 2 0 7 0 22 9 0 5 0
5 3 0 7 0 22 9 0 19 0
5 4 0 7 0 22 9 0 13 0
7 0 0 7 0 22 9 0 9 0
7 1 0 7 0 22 9 0 7 0
7 2 0 7 0 22 9 0 4 0
7 3 0 7 0 22 9 0 14 0
7 4 0 7 0 22 9 0 8 0
7 5 0 7 0 22 9 0 11 0
10 8 0 6 0 17 7 0 14 0
15 11 2 5 5 13 13 2 8 1
18 11 2 5 5 13 13 2 4 1
18 15 2 5 5 13 13 2 4 1
24 20 3 4 9 10 12 4 6 1
26 20 3 0 9 0 10 4 0 0
26 24 3 0 9 0 10 4 0 0
14 9 4 0 12 0 11 6 0 0
25 14 4 0 12 0 11 6 0 0
25 9 4 0 12 0 11 6 0 0
27 14 4 3 12 6 13 6 4 1
27 25 4 0 12 0 11 6 0 0
27 9 4 0 12 0 11 2 0 0
17 6 5 2 16 2 13 3 2 1
22 17 5 0 16 0 11 8 0 0
22 6 5 0 16 0 11 4 0 0
30 17 5 0 16 0 11 8 0 0
30 22 5 0 16 0 11 8 0 0
30 6 5 0 16 0 11 8 0 0
28 23 6 0 20 0 9 9 0 0
19 13 7 0 22 0 9 11 0 0
####
14 17 0 8 1 7 5
3 25 12 11 4 0 19
10 11 0 9 1 1 18
7 21 0 12 1 0 7
20 25 0 7 1 6 6
4 8 0 12 1 0 11
6 28 0 6 1 10 2
9 22 0 8 1 7 1
27 6 0 8 1 8 3
18 26 0 7 1 3 4
10 15 0 9 1 1 18
8 9 7 9 3 1 10
18 19 13 6 5 3 4
28 19 0 4 1 16 1
25 30 0 8 1 7 1
0 15 5 11 2 0 10
17 28 0 6 1 8 4
3 10 0 12 1 0 19
16 29 0 9 1 1 1
10 18 0 9 1 1 18
2 23 20 9 6 0 4
8 20 4 8 2 1 10
24 14 0 7 1 5 6
17 23 0 6 1 8 4
20 27 0 7 1 6 6
2 16 0 12 1 0 4
7 14 12 11 4 0 7
5 11 5 11 2 0 13
1 13 22 9 7 0 9
26 9 0 7 1 6 2
5 24 9 10 3 0 13
0 12 0 12 1 0 10
8 26 4 8 2 1 10
15 24 0 7 1 3 7
3 22 16 11 5 0 19
1 27 12 11 4 0 9
1 18 5 11 2 0 9
0 6 16 11 5 0 10
11 20 0 7 1 3 7
7 17 16 11 5 0 7
23 13 0 4 1 10 1
