1 0 3 0 4 0 12 0
1 0 4 0 5 0 10 0
1 0 2 0 2 0 6 0
2 1 2 0 1 1 7 0
1 0 3 0 4 0 12 0
1 0 2 0 1 0 9 0
3 2 0 2 0 4 0 0
2 1 3 0 3 1 11 0
3 1 0 1 0 2 0 1
1 0 3 0 3 0 12 0
6 2 1 2 1 14 3 0
3 2 1 1 1 2 6 0
3 1 0 2 0 3 0 1
2 2 1 0 1 2 7 0
3 1 0 1 0 2 0 1
7 2 1 2 1 15 2 0
3 2 2 1 0 3 2 0
4 2 1 3 1 5 5 0
8 2 1 2 0 16 1 0
4 1 0 2 0 4 0 1
5 2 1 4 1 13 4 0
3 2 1 2 1 4 6 0
2 2 1 0 0 2 1 0
9 2 0 2 0 17 0 0
2 2 1 0 0 2 1 0
4 2 1 2 1 6 5 0
4 1 0 2 0 4 0 1
####
1 0 0 8 0 20 7 0 12 0
2 0 0 8 0 20 7 0 11 0
2 1 0 8 0 20 7 0 11 0
4 0 0 8 0 20 7 0 13 0
4 1 0 8 0 20 7 0 13 0
4 2 0 8 0 20 7 0 12 0
5 0 0 8 0 20 7 0 13 0
5 1 0 8 0 20 7 0 13 0
5 2 0 8 0 20 7 0 12 0
5 4 0 8 0 20 7 0 14 0
9 0 0 8 0 20 7 0 13 0
9 1 0 8 0 20 7 0 13 0
9 2 0 8 0 20 7 0 12 0
9 4 0 8 0 20 7 0 14 0
9 5 0 8 0 20 7 0 14 0
7 3 0 7 0 15 6 0 11 0
13 3 0 7 0 15 6 0 11 0
13 7 0 7 0 15 6 0 12 0
22 3 1 0 0 0 11 0 0 0
22 13 1 0 0 0 11 0 0 0
24 13 1 0 0 0 11 0 0 0
24 22 1 0 0 0 11 0 0 0
11 8 2 0 5 0 13 2 0 0
14 6 2 0 5 0 13 2 0 0
16 8 2 0 5 0 13 2 0 0
16 11 2 0 5 0 13 2 0 0
16 12 2 0 5 0 13 1 0 0
21 11 0 6 0 8 8 0 10 0
21 16 2 0 5 0 13 0 0 0
21 6 2 0 5 0 13 2 0 0
21 12 2 0 5 0 13 1 0 0
12 6 2 0 5 0 13 2 0 0
19 17 3 0 12 0 10 4 0 0
25 17 0 5 0 4 5 0 8 0
25 19 3 0 12 0 10 2 0 0
26 17 3 0 12 0 10 4 0 0
26 19 3 0 12 0 10 2 0 0
26 25 3 0 12 0 10 2 0 0
####
4 7 0 11 1 0 12
1 3 0 11 1 0 10
5 6 5 13 2 0 9
9 22 0 11 1 0 12
5 13 0 11 1 0 9
17 20 0 5 1 5 5
1 15 18 7 6 0 10
10 15 0 2 1 14 3
0 16 5 13 2 0 12
7 16 0 12 1 1 11
22 6 0 12 1 2 1
7 11 0 12 1 1 11
3 17 7 9 2 1 7
13 21 0 12 1 2 7
3 14 0 12 1 1 7
18 23 0 2 1 16 1
0 21 5 13 2 0 12
0 24 0 11 1 0 12
4 23 20 7 8 0 12
15 18 0 2 1 15 2
9 24 0 11 1 0 12
2 10 17 7 5 0 6
20 10 0 2 1 13 4
16 26 0 11 1 3 2
16 19 0 11 1 3 2
4 11 5 13 2 0 12
21 25 0 11 1 4 6
9 13 0 11 1 0 12
11 17 0 11 1 2 6
1 22 0 11 1 0 10
1 18 19 7 7 0 10
25 20 0 5 1 6 5
24 12 0 12 1 2 1
2 25 12 10 3 0 6
7 8 0 12 1 1 11
