5 1 2 2 1 7 4 0
1 0 3 0 2 0 7 0
6 2 1 3 1 12 2 0
1 0 2 0 1 0 7 0
1 0 3 0 3 0 7 0
1 0 4 0 5 0 16 0
1 0 3 0 3 0 13 0
1 0 4 0 4 0 17 0
7 2 1 3 0 16 1 0
5 2 1 2 0 6 1 0
2 2 1 0 1 2 4 0
2 1 0 0 0 1 0 1
2 1 1 0 1 1 6 0
5 2 0 2 0 5 0 0
2 2 1 0 2 2 8 0
3 2 1 2 0 4 1 0
2 1 0 0 0 1 0 1
4 1 0 2 0 5 0 1
3 2 1 1 2 2 5 0
3 2 2 2 2 4 7 0
6 1 0 2 0 7 0 1
4 2 1 2 1 6 3 0
4 2 2 2 1 4 4 0
3 2 1 2 1 3 3 0
8 1 0 2 0 17 0 1
4 2 1 2 1 4 2 0
6 2 1 3 1 10 2 0
2 2 1 0 1 2 2 0
4 2 1 2 2 6 5 0
####
3 1 0 7 0 22 7 0 8 0
4 1 0 7 0 22 7 0 6 0
4 3 0 7 0 22 7 0 8 0
5 1 0 7 0 22 7 0 10 0
5 3 0 7 0 22 7 0 12 0
5 4 0 7 0 22 7 0 10 0
6 1 0 7 0 22 7 0 14 0
6 3 0 7 0 22 7 0 16 0
6 4 0 7 0 22 7 0 14 0
6 5 0 7 0 22 7 0 18 0
7 1 0 7 0 22 7 0 11 0
7 3 0 7 0 22 7 0 13 0
7 4 0 7 0 22 7 0 11 0
7 5 0 7 0 22 7 0 15 0
7 6 0 7 0 22 7 0 19 0
14 10 1 0 0 0 12 0 0 0
14 12 1 6 0 16 13 0 11 1
27 10 1 0 0 0 12 0 0 0
27 14 1 0 0 0 12 0 0 0
19 18 2 5 6 12 11 2 9 1
19 15 2 0 6 0 10 2 0 0
23 19 2 0 6 0 10 1 0 0
23 15 2 0 6 0 10 2 0 0
21 17 3 0 10 0 11 3 0 0
22 21 3 4 10 7 12 4 4 1
22 17 3 0 10 0 11 1 0 0
25 21 3 0 10 0 11 4 0 0
25 17 3 0 10 0 11 4 0 0
28 21 3 4 10 7 12 2 6 1
28 22 3 4 10 7 12 4 6 1
28 25 3 0 10 0 11 3 0 0
28 17 3 0 10 0 11 3 0 0
13 0 4 0 15 0 9 6 0 0
9 0 4 0 15 0 9 5 0 0
20 2 5 0 18 0 9 7 0 0
26 20 5 0 18 0 9 2 0 0
26 2 5 2 18 1 10 4 2 1
####
1 21 10 11 3 0 7
18 22 0 9 1 2 5
22 13 0 8 1 4 4
27 15 0 10 1 2 2
2 8 0 4 1 12 2
0 2 0 6 1 7 4
3 11 0 12 1 0 7
5 19 6 10 2 0 16
3 28 10 11 3 0 7
4 22 10 11 3 0 7
6 14 0 12 1 0 13
22 2 3 8 2 4 4
8 24 0 2 1 16 1
1 16 0 12 1 0 7
4 13 15 9 4 0 7
26 8 0 4 1 10 2
5 25 10 11 3 0 16
7 10 0 12 1 0 17
7 23 6 10 2 0 17
19 21 0 9 1 4 7
23 25 0 9 1 3 3
7 14 0 12 1 0 17
6 18 6 10 2 0 13
19 28 0 9 1 4 7
21 26 3 8 2 6 3
9 20 0 6 1 6 1
14 19 0 10 1 2 8
7 27 0 12 1 0 17
12 18 0 10 1 1 6
1 9 15 9 4 0 7
10 23 0 10 1 2 4
6 12 0 12 1 0 13
15 17 0 9 1 4 1
5 10 0 12 1 0 16
0 26 0 6 1 7 4
5 27 0 12 1 0 16
4 15 6 10 2 0 7
28 0 0 8 1 6 5
25 9 0 8 1 4 2
