1 0 4 0 4 0 15 0
1 0 3 0 4 0 14 0
1 0 2 0 3 0 15 0
4 2 1 2 1 5 8 0
1 0 2 0 3 0 10 0
1 0 2 0 2 0 10 0
2 1 2 0 1 1 4 0
6 2 1 2 1 10 6 0
7 2 1 4 1 17 5 0
1 0 4 0 5 0 15 0
2 2 1 0 1 2 8 0
8 2 1 2 1 18 4 0
2 1 2 0 2 1 12 0
5 2 1 2 1 7 7 0
3 2 1 2 2 4 10 0
3 2 1 1 0 2 1 0
10 2 1 3 1 21 2 0
3 2 1 1 1 3 9 0
4 2 2 2 1 6 9 0
2 2 2 0 2 2 11 0
4 2 0 3 0 5 0 0
5 1 0 2 0 7 0 1
9 2 1 2 1 19 3 0
2 1 0 0 0 1 0 1
5 2 1 4 1 8 7 0
11 2 1 4 0 22 1 0
6 2 1 2 1 8 6 0
12 1 0 2 0 23 0 1
####
1 0 0 11 0 21 7 0 22 0
2 0 0 11 0 21 7 0 24 0
2 1 0 11 0 21 7 0 24 0
4 0 0 11 0 21 7 0 19 0
4 1 0 11 0 21 7 0 19 0
4 2 0 11 0 21 7 0 21 0
5 0 0 11 0 21 7 0 20 0
5 1 0 11 0 21 7 0 20 0
5 2 0 11 0 21 7 0 22 0
5 4 0 11 0 21 7 0 17 0
9 0 0 11 0 21 7 0 24 0
9 1 0 11 0 21 7 0 24 0
9 2 0 11 0 21 7 0 26 0
9 4 0 11 0 21 7 0 21 0
9 5 0 11 0 21 7 0 22 0
10 6 1 10 0 16 12 0 9 1
12 6 0 10 0 16 6 0 11 0
12 10 0 10 0 16 6 0 16 0
19 6 0 10 0 16 6 0 11 0
19 10 1 10 0 16 12 0 16 1
19 12 0 10 0 16 6 0 18 0
23 6 1 0 0 0 11 0 0 0
23 10 1 0 0 0 11 0 0 0
17 15 2 0 5 0 9 2 0 0
17 14 0 9 0 13 4 0 16 0
18 3 3 8 8 10 10 2 14 1
20 3 3 0 8 0 9 4 0 0
20 18 3 0 8 0 9 2 0 0
21 13 4 0 11 0 9 4 0 0
24 13 4 7 11 7 10 4 12 1
24 21 4 0 11 0 9 5 0 0
26 7 5 6 14 5 9 4 10 1
####
15 20 0 6 1 2 1
0 14 5 9 2 0 15
4 18 8 9 3 0 10
13 26 0 5 1 7 7
1 15 5 9 2 0 14
17 3 0 6 1 3 9
25 27 0 2 1 22 1
0 10 0 11 1 0 15
4 22 18 7 8 0 10
5 26 14 8 5 0 10
2 19 0 11 1 0 15
14 18 0 6 1 4 10
22 16 0 2 1 19 3
11 22 0 2 1 18 4
19 14 0 8 1 2 11
26 8 0 3 1 8 6
19 25 15 6 9 2 11
9 11 17 7 7 0 15
12 17 0 8 1 1 12
16 25 0 2 1 21 2
3 13 0 6 1 5 8
18 24 0 6 1 6 9
5 17 5 9 2 0 10
8 11 0 2 1 17 5
9 10 0 11 1 0 15
10 24 6 8 3 2 8
2 3 8 9 3 0 15
18 21 0 6 1 6 9
0 23 0 11 1 0 15
9 13 11 9 4 0 15
12 15 0 8 1 1 12
24 7 0 5 1 8 7
1 12 0 11 1 0 14
6 20 3 8 2 1 4
0 6 0 11 1 0 15
1 7 14 8 5 0 14
9 19 0 11 1 0 15
7 8 0 3 1 10 6
6 16 14 6 8 1 4
