1 0 4 0 4 0 17 0
1 0 3 0 2 0 7 0
1 0 4 0 6 0 20 0
1 0 4 0 5 0 18 0
1 0 2 0 2 0 8 0
1 0 1 0 1 0 4 0
4 2 1 2 1 5 3 0
10 2 1 2 0 14 1 0
2 1 1 0 2 1 6 0
2 1 1 0 1 1 7 0
5 2 1 2 1 6 6 0
4 2 0 2 0 5 0 0
2 1 3 0 4 1 17 0
3 2 1 1 2 2 6 0
5 2 1 2 0 7 1 0
6 2 1 2 1 8 5 0
6 1 0 2 0 8 0 1
5 2 1 4 1 11 2 0
6 2 1 2 0 13 1 0
7 2 1 2 1 9 4 0
11 1 0 2 0 15 0 1
3 2 1 1 1 2 8 0
4 2 1 2 1 4 7 0
8 2 1 2 1 11 3 0
4 1 0 2 0 4 0 1
3 2 2 1 0 3 2 0
7 1 0 2 0 14 0 1
4 2 2 3 2 5 5 0
9 2 1 2 1 12 2 0
3 2 1 1 1 3 4 0
####
1 0 0 10 0 23 7 0 7 0
2 0 0 10 0 23 7 0 15 0
2 1 0 10 0 23 7 0 10 0
3 0 0 10 0 23 7 0 13 0
3 1 0 10 0 23 7 0 8 0
3 2 0 10 0 23 7 0 16 0
4 0 0 10 0 23 7 0 11 0
4 1 0 10 0 23 7 0 6 0
4 2 0 10 0 23 7 0 14 0
4 3 0 10 0 23 7 0 12 0
5 0 0 10 0 23 7 0 9 0
5 1 0 10 0 23 7 0 4 0
5 2 0 10 0 23 7 0 12 0
5 3 0 10 0 23 7 0 10 0
5 4 0 10 0 23 7 0 8 0
9 8 0 5 0 15 5 0 7 0
12 8 0 5 0 15 5 0 7 0
12 9 0 5 0 15 5 0 8 0
25 21 2 0 3 0 10 2 0 0
29 13 2 4 3 11 12 1 6 1
29 21 2 0 3 0 10 2 0 0
29 25 2 0 3 0 10 2 0 0
22 11 3 0 7 0 11 4 0 0
22 6 3 0 7 0 11 4 0 0
11 6 3 0 7 0 11 0 0 0
24 22 3 0 7 0 11 4 0 0
24 11 3 0 7 0 11 4 0 0
24 6 3 0 7 0 11 4 0 0
27 22 3 0 7 0 11 1 0 0
27 11 3 0 7 0 11 2 0 0
27 24 3 0 7 0 11 2 0 0
27 6 3 3 7 6 13 3 4 1
14 10 4 0 12 0 9 3 0 0
17 10 4 0 12 0 9 5 0 0
17 14 4 0 12 0 9 8 0 0
16 15 5 0 15 0 9 5 0 0
18 15 5 0 15 0 9 7 0 0
18 16 5 0 15 0 9 10 0 0
26 19 6 0 18 0 8 9 0 0
####
3 25 3 10 2 0 18
4 18 15 9 5 0 8
18 26 0 5 1 13 1
10 15 0 6 1 6 6
27 17 0 8 1 5 5
1 6 7 11 3 0 7
0 10 12 9 4 0 17
2 12 0 9 1 0 20
15 19 0 5 1 8 5
6 17 0 8 1 5 3
1 11 7 11 3 0 7
5 23 20 7 7 0 4
7 20 0 2 1 14 1
27 14 0 8 1 5 5
22 10 0 8 1 4 7
0 29 3 10 2 0 17
12 21 0 7 1 1 17
25 11 0 9 1 3 2
12 25 0 7 1 1 17
3 19 18 8 6 0 18
12 29 0 7 1 1 17
28 7 0 2 1 12 2
2 14 12 9 4 0 20
17 18 0 6 1 11 2
9 13 0 7 1 1 7
29 6 0 9 1 3 4
2 28 21 7 8 0 20
3 22 7 11 3 0 18
14 16 0 6 1 7 1
21 22 0 9 1 2 8
23 28 0 2 1 11 3
25 24 0 9 1 3 2
4 15 15 9 5 0 8
0 13 3 10 2 0 17
2 21 3 10 2 0 20
13 27 0 9 1 2 6
3 8 0 9 1 0 18
1 7 22 7 9 0 7
0 9 0 9 1 0 17
19 23 0 3 1 9 4
8 27 4 8 2 1 6
