1 0 4 0 3 0 9 0
1 0 2 0 3 0 17 0
1 0 2 0 2 0 15 0
1 0 4 0 6 0 22 0
1 0 3 0 3 0 12 0
4 2 1 2 1 4 3 0
1 0 2 0 2 0 7 0
1 0 3 0 2 0 12 0
2 1 2 0 1 1 6 0
6 2 1 2 2 9 4 0
12 2 0 3 0 18 0 0
4 2 1 2 1 5 6 0
8 2 1 2 1 11 4 0
8 2 0 2 0 12 0 0
9 2 1 2 1 13 3 0
6 2 1 2 1 8 6 0
10 2 1 2 1 14 2 0
5 1 1 2 1 5 2 0
2 1 3 0 5 1 18 0
4 2 1 2 1 5 8 0
3 2 1 1 0 3 1 0
5 2 1 2 1 6 7 0
2 1 0 0 0 1 0 1
3 2 2 1 2 3 16 0
7 2 2 3 1 10 3 0
11 2 1 2 0 15 1 0
5 2 1 2 1 7 5 0
7 2 1 2 1 10 5 0
2 1 0 0 0 1 0 1
9 2 0 4 0 18 0 0
3 2 1 1 1 3 4 0
8 2 1 3 0 16 1 0
####
1 0 0 11 0 24 8 0 10 0
2 0 0 11 0 24 8 0 9 0
2 1 0 11 0 24 8 0 17 0
3 0 0 11 0 24 8 0 11 0
3 1 0 11 0 24 8 0 19 0
3 2 0 11 0 24 8 0 18 0
4 0 0 11 0 24 8 0 4 0
4 1 0 11 0 24 8 0 12 0
4 2 0 11 0 24 8 0 11 0
4 3 0 11 0 24 8 0 13 0
6 0 0 11 0 24 8 0 7 0
6 1 0 11 0 24 8 0 15 0
6 2 0 11 0 24 8 0 14 0
6 3 0 11 0 24 8 0 16 0
6 4 0 11 0 24 8 0 9 0
7 0 0 11 0 24 8 0 6 0
7 1 0 11 0 24 8 0 14 0
7 2 0 11 0 24 8 0 13 0
7 3 0 11 0 24 8 0 15 0
7 4 0 11 0 24 8 0 8 0
7 6 0 11 0 24 8 0 11 0
18 8 0 10 0 20 5 0 9 0
22 8 1 0 0 0 11 0 0 0
23 20 2 6 4 13 12 2 5 1
30 20 2 6 4 13 12 1 3 1
30 23 2 6 4 13 12 1 8 1
11 5 3 5 7 10 12 3 6 1
19 11 3 0 7 0 10 2 0 0
19 5 3 0 7 0 10 3 0 0
21 17 4 0 10 0 10 5 0 0
26 21 4 0 10 0 10 4 0 0
26 17 4 4 10 7 12 5 4 1
15 9 5 0 13 0 9 6 0 0
27 24 6 0 15 0 9 8 0 0
13 12 7 0 17 0 10 10 0 0
31 13 7 0 17 0 10 4 0 0
31 12 7 0 17 0 10 10 0 0
29 14 8 0 20 0 9 12 0 0
####
15 27 0 4 1 8 6
3 21 10 10 4 0 22
20 29 13 5 6 3 1
24 13 0 5 1 10 3
24 31 0 5 1 10 3
2 26 10 10 4 0 15
18 23 0 7 1 1 18
2 19 7 10 3 0 15
1 25 23 8 10 0 17
23 11 0 6 1 3 16
8 10 20 5 10 1 6
30 5 0 6 1 3 4
3 16 22 8 9 0 22
16 25 0 2 1 14 2
7 28 0 11 1 0 12
9 24 0 4 1 9 4
6 15 13 9 5 0 7
18 20 0 7 1 1 18
19 21 0 6 1 5 8
0 22 0 11 1 0 9
31 29 0 5 1 16 1
12 14 0 5 1 11 4
1 23 4 10 2 0 17
7 27 15 9 6 0 12
18 24 11 6 5 1 18
5 17 0 6 1 4 3
4 14 20 9 8 0 12
3 30 4 10 2 0 22
26 9 0 5 1 7 5
17 31 4 6 3 5 2
8 30 0 7 1 1 6
11 26 0 6 1 5 6
0 5 7 10 3 0 9
6 12 17 10 7 0 7
0 8 0 11 1 0 9
4 20 4 10 2 0 12
4 11 7 10 3 0 12
7 9 13 9 5 0 12
25 10 0 2 1 15 1
23 19 0 6 1 3 16
21 15 0 5 1 6 7
14 16 0 3 1 13 3
0 13 17 10 7 0 9
27 12 0 5 1 10 5
3 18 0 11 1 0 22
