1 0 2 0 2 0 15 0
1 0 4 0 5 0 21 0
1 0 2 0 2 0 12 0
8 2 1 2 1 13 3 0
3 2 1 2 2 4 4 0
1 0 2 0 3 0 11 0
4 1 1 2 1 5 4 0
1 0 3 0 1 0 7 0
1 0 4 0 3 0 15 0
1 0 3 0 3 0 14 0
1 0 4 0 7 0 26 0
5 2 1 3 2 10 3 0
2 2 2 0 2 2 13 0
2 1 1 0 1 1 5 0
3 2 1 2 2 4 4 0
2 1 0 0 0 1 0 1
6 1 2 2 0 11 2 0
3 2 1 2 1 4 9 0
2 2 1 0 1 2 6 0
2 2 2 0 1 2 4 0
4 2 1 2 2 6 8 0
4 2 2 4 1 9 3 0
5 1 0 2 0 10 0 1
5 2 2 2 1 8 7 0
6 2 1 2 1 10 5 0
7 2 0 1 0 13 0 0
3 1 0 2 0 3 0 1
2 1 0 0 0 1 0 1
9 2 1 4 1 15 2 0
3 2 1 2 1 4 5 0
3 2 0 2 0 4 0 0
7 1 0 1 0 12 0 1
6 1 0 2 0 9 0 1
7 2 1 2 1 12 4 0
2 2 2 0 1 2 6 0
11 2 0 2 0 22 0 0
10 2 1 4 0 21 1 0
3 2 1 1 1 3 4 0
####
1 0 0 10 0 29 9 0 22 0
2 0 0 10 0 29 9 0 14 0
2 1 0 10 0 29 9 0 14 0
5 0 0 10 0 29 9 0 19 0
5 1 0 10 0 29 9 0 19 0
5 2 0 10 0 29 9 0 11 0
7 0 0 10 0 29 9 0 15 0
7 1 0 10 0 29 9 0 15 0
7 2 0 10 0 29 9 0 7 0
7 5 0 10 0 29 9 0 12 0
8 0 0 10 0 29 9 0 18 0
8 1 0 10 0 29 9 0 18 0
8 2 0 10 0 29 9 0 10 0
8 5 0 10 0 29 9 0 15 0
8 7 0 10 0 29 9 0 11 0
9 0 0 10 0 29 9 0 17 0
9 1 0 10 0 29 9 0 17 0
9 2 0 10 0 29 9 0 9 0
9 5 0 10 0 29 9 0 14 0
9 7 0 10 0 29 9 0 10 0
9 8 0 10 0 29 9 0 13 0
10 0 0 10 0 29 9 0 25 0
10 1 0 10 0 29 9 0 25 0
10 2 0 10 0 29 9 0 17 0
10 5 0 10 0 29 9 0 22 0
10 7 0 10 0 29 9 0 18 0
10 8 0 10 0 29 9 0 21 0
10 9 0 10 0 29 9 0 20 0
18 12 1 0 0 0 15 0 0 0
18 13 0 5 0 16 10 0 7 0
19 12 1 9 0 22 16 0 12 1
19 18 1 0 0 0 15 0 0 0
34 12 1 9 0 22 16 0 13 1
34 18 1 0 0 0 15 0 0 0
34 19 1 9 0 22 16 0 5 1
14 4 2 8 7 15 16 2 4 1
17 14 2 8 7 15 16 2 9 1
17 4 2 8 7 15 16 1 9 1
29 14 2 0 7 0 15 2 0 0
29 17 2 0 7 0 15 2 0 0
29 4 2 0 7 0 15 2 0 0
29 26 2 0 7 0 15 2 0 0
30 14 2 0 7 0 15 1 0 0
30 17 2 0 7 0 15 1 0 0
30 29 2 0 7 0 15 2 0 0
30 4 2 0 7 0 15 2 0 0
30 26 2 0 7 0 15 2 0 0
26 14 2 0 7 0 15 2 0 0
26 17 2 0 7 0 15 1 0 0
26 4 2 0 7 0 15 2 0 0
37 14 2 0 7 0 15 1 0 0
37 29 0 4 0 9 10 0 5 0
20 6 3 0 14 0 11 2 0 0
21 20 3 7 14 12 12 4 7 1
21 6 3 0 14 0 11 3 0 0
23 22 4 0 17 0 11 6 0 0
23 11 4 0 17 0 11 4 0 0
22 11 4 0 17 0 11 5 0 0
24 16 5 0 20 0 11 6 0 0
32 24 5 0 20 0 11 8 0 0
32 16 5 0 20 0 11 6 0 0
33 25 6 0 23 0 11 8 0 0
33 31 6 0 23 0 11 8 0 0
31 25 6 0 23 0 11 8 0 0
####
11 16 0 6 1 10 3
1 34 0 15 1 0 21
8 35 29 9 10 0 15
1 3 26 9 7 0 21
8 13 0 15 1 0 15
2 18 0 15 1 0 12
1 17 7 15 2 0 21
13 37 0 14 1 1 5
17 20 0 10 1 4 9
7 25 23 11 6 0 7
5 19 0 15 1 0 11
23 32 0 6 1 8 7
3 28 0 2 1 13 3
24 33 0 6 1 10 5
9 37 7 15 2 0 14
1 29 7 15 2 0 21
34 4 0 14 1 2 6
10 34 0 15 1 0 26
8 14 7 15 2 0 15
33 3 0 4 1 12 4
8 24 20 11 5 0 15
7 15 0 15 1 0 7
7 33 23 11 6 0 7
10 12 0 15 1 0 26
10 18 0 15 1 0 26
12 17 0 14 1 2 13
36 35 0 2 1 21 1
16 25 0 6 1 11 2
34 26 0 14 1 2 6
19 28 20 8 7 2 4
12 14 0 14 1 2 13
6 11 0 6 1 5 4
10 19 0 15 1 0 26
0 12 0 15 1 0 15
0 30 7 15 2 0 15
23 24 0 6 1 8 7
29 6 0 10 1 4 5
20 23 0 6 1 6 8
9 27 0 15 1 0 14
28 36 0 2 1 15 2
16 31 0 6 1 11 2
37 11 3 10 2 3 4
21 22 0 6 1 9 3
9 23 17 11 4 0 14
5 20 14 11 3 0 11
21 36 11 4 6 9 3
18 29 0 14 1 2 6
14 21 0 10 1 4 4
4 21 0 10 1 4 4
2 4 7 15 2 0 12
19 30 0 14 1 2 4
