1 0 4 0 3 0 10 0
1 0 3 0 5 0 15 0
1 0 3 0 3 0 16 0
2 1 1 0 2 1 7 0
3 1 2 1 2 2 6 0
1 0 4 0 3 0 9 0
1 0 2 0 2 0 4 0
1 0 3 0 1 0 4 0
3 2 1 2 1 4 2 0
1 0 3 0 3 0 10 0
5 2 1 2 0 6 1 0
2 1 0 0 0 1 0 1
2 1 2 0 3 1 13 0
3 2 2 1 3 3 8 0
4 2 1 2 1 5 2 0
4 2 2 3 1 6 4 0
6 1 0 2 0 8 0 1
5 2 1 2 1 8 2 0
4 1 0 1 0 3 0 1
2 2 1 0 1 2 4 0
3 2 1 1 1 3 3 0
6 2 0 2 0 8 0 0
3 2 0 2 0 3 0 0
4 2 1 2 1 5 2 0
6 2 1 2 0 10 1 0
2 2 2 0 1 2 4 0
5 2 1 2 0 7 1 0
7 1 0 2 0 11 0 1
6 2 0 2 0 10 0 0
5 1 0 2 0 7 0 1
3 2 1 2 1 4 3 0
5 2 1 3 0 9 1 0
4 2 1 2 1 4 2 0
2 1 0 0 0 1 0 1
####
1 0 0 6 0 26 8 0 7 0
2 0 0 6 0 26 8 0 6 0
2 1 0 6 0 26 8 0 11 0
5 0 0 6 0 26 8 0 3 0
5 1 0 6 0 26 8 0 8 0
5 2 0 6 0 26 8 0 7 0
6 2 0 5 0 22 11 0 7 0
6 5 0 5 0 22 11 0 3 0
7 2 0 5 0 22 11 0 5 0
7 5 0 5 0 22 11 0 1 0
7 6 0 5 0 22 11 0 4 0
9 0 0 5 0 22 11 0 6 0
9 1 0 5 0 22 11 0 8 0
9 2 0 5 0 22 11 0 7 0
9 5 0 5 0 22 11 0 8 0
12 3 0 5 0 20 7 0 8 0
25 3 1 0 0 0 13 0 0 0
25 12 0 4 0 16 10 0 5 0
25 19 1 0 0 0 13 0 0 0
33 11 1 0 0 0 13 0 0 0
13 4 2 4 6 14 14 1 6 1
13 8 2 3 6 10 17 1 3 1
20 13 2 0 6 0 13 2 0 0
8 4 2 0 6 0 13 2 0 0
22 4 2 0 6 0 13 2 0 0
22 13 2 0 6 0 13 1 0 0
22 8 2 0 6 0 13 2 0 0
30 8 2 0 6 0 13 0 0 0
30 22 2 0 6 0 13 2 0 0
18 15 3 0 12 0 12 5 0 0
23 15 3 0 12 0 12 4 0 0
23 18 3 0 12 0 12 3 0 0
23 14 3 0 12 0 12 1 0 0
32 15 3 0 12 0 12 4 0 0
32 23 3 0 12 0 12 4 0 0
17 10 4 0 17 0 12 6 0 0
29 17 4 0 17 0 12 8 0 0
29 26 4 0 17 0 12 3 0 0
29 10 4 0 17 0 12 6 0 0
26 17 4 0 17 0 12 3 0 0
26 10 4 0 17 0 12 3 0 0
31 17 4 0 17 0 12 8 0 0
31 29 4 0 17 0 12 8 0 0
31 26 4 0 17 0 12 4 0 0
31 10 4 0 17 0 12 6 0 0
24 16 5 0 22 0 11 3 0 0
24 21 5 0 22 0 11 8 0 0
28 24 5 0 22 0 11 3 0 0
28 16 5 0 22 0 11 6 0 0
28 21 5 0 22 0 11 8 0 0
21 16 5 0 22 0 11 5 0 0
####
1 3 0 13 1 0 15
23 31 0 10 1 5 2
4 18 0 11 1 2 6
9 22 6 13 2 0 10
5 19 0 13 1 0 9
10 21 0 9 1 6 1
14 26 0 10 1 5 2
2 12 0 13 1 0 16
7 11 0 13 1 0 4
26 16 0 9 1 7 1
25 8 0 12 1 2 4
9 25 0 13 1 0 10
2 26 17 12 4 0 16
12 20 0 12 1 1 13
1 25 0 13 1 0 15
7 33 0 13 1 0 4
12 13 0 12 1 1 13
24 27 0 5 1 10 1
0 24 22 11 5 0 10
6 32 12 12 3 0 4
17 24 0 9 1 8 2
32 10 0 10 1 4 2
7 10 17 12 4 0 4
25 22 0 12 1 2 4
30 14 0 11 1 4 3
5 17 17 12 4 0 9
1 13 6 13 2 0 15
13 15 0 11 1 3 8
20 32 0 11 1 3 3
15 29 0 10 1 6 4
5 21 22 11 5 0 9
0 30 6 13 2 0 10
0 8 6 13 2 0 10
0 23 12 12 3 0 10
15 17 0 10 1 6 4
31 28 0 9 1 9 1
13 23 0 11 1 3 8
2 28 22 11 5 0 16
4 15 0 11 1 2 6
8 31 5 11 2 4 2
5 14 12 12 3 0 9
6 20 6 13 2 0 4
9 19 0 13 1 0 10
3 4 0 12 1 1 7
19 30 0 12 1 2 4
