1 0 2 0 2 0 6 0
1 0 1 0 3 0 12 0
1 0 4 0 3 0 14 0
4 2 1 2 1 5 2 0
4 2 0 2 0 5 0 0
1 0 3 0 4 0 12 0
1 0 3 0 3 0 15 0
1 0 2 0 3 0 13 0
1 0 3 0 3 0 7 0
2 1 1 0 2 1 4 0
5 2 1 4 0 10 1 0
2 1 2 0 1 1 11 0
6 1 0 2 0 11 0 1
3 2 1 1 2 3 9 0
2 1 3 0 5 1 11 0
7 2 1 2 0 10 1 0
4 2 2 2 3 5 8 0
5 2 1 2 0 7 1 0
5 2 2 2 2 7 5 0
3 2 1 1 1 3 3 0
3 2 2 2 2 4 3 0
4 2 1 2 1 5 2 0
6 1 0 2 0 8 0 1
5 2 1 4 0 6 1 0
3 2 0 1 0 3 0 0
6 2 1 2 1 9 2 0
7 1 0 2 0 10 0 1
3 2 2 1 1 3 4 0
4 2 1 2 1 5 2 0
8 1 0 2 0 11 0 1
6 2 0 2 0 8 0 0
6 2 1 2 0 9 1 0
####
1 0 0 5 0 17 12 0 8 0
2 0 0 7 0 24 8 0 8 0
2 1 0 5 0 17 12 0 4 0
5 0 0 7 0 24 8 0 5 0
5 1 0 5 0 17 12 0 9 0
5 2 0 7 0 24 8 0 9 0
6 0 0 7 0 24 8 0 7 0
6 1 0 5 0 17 12 0 8 0
6 2 0 7 0 24 8 0 11 0
6 5 0 7 0 24 8 0 8 0
7 0 0 7 0 24 8 0 6 0
7 1 0 5 0 17 12 0 9 0
7 2 0 7 0 24 8 0 10 0
7 5 0 7 0 24 8 0 7 0
7 6 0 7 0 24 8 0 9 0
8 0 0 5 0 17 12 0 4 0
8 1 0 5 0 17 12 0 8 0
8 2 0 6 0 22 9 0 6 0
8 5 0 6 0 22 9 0 3 0
8 6 0 6 0 22 9 0 5 0
8 7 0 6 0 22 9 0 4 0
14 9 0 4 0 14 8 0 6 0
20 13 2 0 3 0 12 1 0 0
20 19 2 0 3 0 12 2 0 0
24 13 2 0 3 0 12 2 0 0
27 19 2 3 3 9 17 2 4 1
27 20 2 0 3 0 12 2 0 0
27 24 2 0 3 0 12 0 0 0
16 4 3 0 8 0 12 2 0 0
21 16 3 0 8 0 12 3 0 0
21 3 3 0 8 0 12 4 0 0
21 4 3 0 8 0 12 4 0 0
4 3 3 0 8 0 12 4 0 0
28 16 3 0 8 0 12 1 0 0
28 21 3 0 8 0 12 4 0 0
28 3 3 2 8 4 17 4 2 1
28 4 3 0 8 0 12 4 0 0
17 10 4 0 13 0 11 3 0 0
18 17 4 0 13 0 11 6 0 0
18 10 4 0 13 0 11 2 0 0
23 17 4 0 13 0 11 5 0 0
23 18 4 0 13 0 11 5 0 0
23 10 4 0 13 0 11 8 0 0
22 12 5 0 17 0 12 5 0 0
25 22 5 0 17 0 12 8 0 0
25 12 5 0 17 0 12 2 0 0
30 22 5 0 17 0 12 4 0 0
30 25 5 0 17 0 12 4 0 0
30 12 5 0 17 0 12 10 0 0
31 22 5 0 17 0 12 8 0 0
31 25 5 0 17 0 12 8 0 0
31 12 5 0 17 0 12 4 0 0
31 30 5 0 17 0 12 4 0 0
26 15 6 0 22 0 9 10 0 0
####
6 9 0 10 1 0 15
6 21 8 12 3 0 15
31 26 0 7 1 9 1
7 16 8 12 3 0 13
8 28 8 12 3 0 7
11 24 0 8 1 1 11
0 3 8 12 3 0 6
16 17 0 9 1 5 8
23 30 0 9 1 6 1
20 21 0 10 1 4 3
3 10 0 9 1 5 2
2 30 17 12 5 0 14
5 18 13 11 4 0 12
10 12 0 9 1 10 1
13 16 0 10 1 3 9
1 14 0 10 1 0 12
14 27 0 8 1 1 11
7 19 3 12 2 0 13
25 15 0 7 1 9 2
18 31 0 9 1 7 5
16 18 0 9 1 5 8
11 13 0 8 1 1 11
19 28 0 10 1 3 3
9 20 0 8 1 1 4
14 19 0 8 1 1 11
0 25 17 12 5 0 6
28 10 0 9 1 5 2
21 23 0 9 1 5 2
5 24 3 12 2 0 12
15 29 0 3 1 10 1
27 4 0 10 1 3 4
17 22 0 9 1 7 1
8 17 13 11 4 0 7
14 20 0 8 1 1 11
20 23 5 9 2 4 3
18 25 0 9 1 7 5
2 11 0 10 1 0 14
8 31 17 12 5 0 7
27 3 0 10 1 3 4
6 13 3 12 2 0 15
5 27 3 12 2 0 12
2 15 22 9 6 0 14
2 4 8 12 3 0 14
