1 0 3 0 2 0 11 0
1 0 3 0 6 0 17 0
1 0 3 0 3 0 16 0
1 0 3 0 3 0 15 0
1 0 2 0 2 0 8 0
6 2 1 2 1 11 9 0
2 1 0 0 0 1 0 1
1 0 4 0 4 0 21 0
8 2 1 2 2 14 7 0
4 2 1 2 2 5 12 0
13 2 1 2 0 22 1 0
2 1 2 0 1 1 14 0
6 2 1 3 0 11 1 0
10 2 1 2 1 19 4 0
2 1 0 0 0 1 0 1
4 2 1 2 1 5 8 0
2 1 3 0 2 1 18 0
11 2 1 2 1 20 3 0
3 2 0 1 0 3 0 0
2 1 3 0 2 1 10 0
3 2 1 1 2 2 12 0
5 2 1 2 2 7 7 0
3 1 0 1 0 2 0 1
5 2 2 4 2 9 11 0
2 1 0 0 0 1 0 1
9 2 2 4 1 18 6 0
3 2 2 1 2 3 15 0
14 2 0 3 0 23 0 0
7 2 1 3 1 13 8 0
3 1 0 1 0 2 0 1
10 2 0 4 0 20 0 0
12 2 1 2 1 21 2 0
####
1 0 0 13 0 25 7 0 22 0
2 0 0 13 0 25 7 0 19 0
2 1 0 13 0 25 7 0 25 0
3 0 0 13 0 25 7 0 20 0
3 1 0 13 0 25 7 0 26 0
3 2 0 13 0 25 7 0 23 0
4 0 0 13 0 25 7 0 14 0
4 1 0 13 0 25 7 0 20 0
4 2 0 13 0 25 7 0 17 0
4 3 0 13 0 25 7 0 18 0
7 0 0 13 0 25 7 0 22 0
7 1 0 13 0 25 7 0 28 0
7 2 0 13 0 25 7 0 25 0
7 3 0 13 0 25 7 0 26 0
7 4 0 13 0 25 7 0 20 0
16 11 0 12 0 19 7 0 23 0
16 14 1 0 0 0 12 0 0 0
19 11 0 12 0 19 7 0 17 0
19 16 0 12 0 19 7 0 20 0
24 14 1 0 0 0 12 0 0 0
24 16 1 0 0 0 12 0 0 0
20 18 2 0 6 0 11 1 0 0
22 18 2 0 6 0 11 2 0 0
26 18 2 0 6 0 11 2 0 0
26 20 0 11 0 14 6 0 21 0
26 22 2 0 6 0 11 2 0 0
29 18 2 0 6 0 11 1 0 0
29 20 2 0 6 0 11 2 0 0
15 9 3 10 11 12 9 2 15 1
23 21 4 9 13 10 9 4 13 1
12 5 5 4 15 3 10 7 3 1
30 13 9 0 20 0 8 8 0 0
####
3 15 11 8 3 0 15
2 18 6 11 2 0 16
1 26 6 11 2 0 17
1 17 22 7 10 0 17
28 8 0 2 1 13 8
13 17 0 3 1 19 4
7 16 0 12 1 0 21
23 12 0 4 1 9 11
26 15 0 7 1 3 15
25 30 0 3 1 18 6
7 24 0 12 1 0 21
16 22 0 11 1 1 18
10 27 0 2 1 22 1
16 18 0 11 1 1 18
8 25 0 2 1 14 7
4 10 24 7 12 0 8
7 14 0 12 1 0 21
19 28 11 7 5 1 10
3 13 20 8 9 0 15
2 20 6 11 2 0 16
26 9 0 7 1 3 15
17 31 0 2 1 20 3
3 9 11 8 3 0 15
0 5 15 8 5 0 11
1 19 0 12 1 0 17
16 26 0 11 1 1 18
5 28 0 3 1 11 9
31 10 0 2 1 21 2
21 25 4 3 4 7 7
20 23 2 7 2 2 12
23 5 0 4 1 9 11
15 21 0 4 1 5 8
2 11 0 12 1 0 16
19 27 19 7 12 1 10
9 23 0 4 1 5 12
11 29 0 11 1 1 14
25 13 0 3 1 18 6
0 6 0 12 1 0 11
19 12 9 8 4 1 10
11 20 0 11 1 1 14
0 31 23 7 11 0 11
12 30 3 4 4 11 1
4 21 13 8 4 0 8
7 8 18 7 7 0 21
