1 0 4 0 4 0 11 0
1 0 2 0 2 0 8 0
3 2 1 2 1 4 5 0
4 2 2 2 3 4 8 0
1 0 3 0 5 0 15 0
7 2 1 2 1 14 2 0
1 0 2 0 3 0 10 0
1 0 4 0 4 0 14 0
9 1 0 2 0 18 0 1
2 1 2 0 2 1 7 0
6 2 0 2 0 7 0 0
5 2 2 2 1 6 5 0
2 2 1 0 1 2 3 0
6 1 0 2 0 7 0 1
3 2 1 2 1 4 2 0
2 2 2 0 2 2 8 0
4 2 0 3 0 7 0 0
2 1 3 0 2 1 12 0
8 2 1 4 0 17 1 0
3 1 0 1 0 2 0 1
3 2 1 2 0 4 1 0
4 2 1 3 1 7 4 0
5 2 1 2 0 6 1 0
6 2 1 4 1 13 3 0
2 1 0 0 0 1 0 1
3 2 1 1 2 2 9 0
####
1 0 0 8 0 20 6 0 11 0
4 0 0 8 0 20 6 0 16 0
4 1 0 8 0 20 6 0 15 0
6 0 0 8 0 20 6 0 13 0
6 1 0 8 0 20 6 0 12 0
6 4 0 8 0 20 6 0 17 0
7 0 0 8 0 20 6 0 14 0
7 1 0 8 0 20 6 0 13 0
7 4 0 8 0 20 6 0 18 0
7 6 0 8 0 20 6 0 15 0
12 9 0 7 0 15 6 0 6 0
15 9 0 7 0 15 6 0 9 0
15 12 1 7 0 15 11 0 7 1
17 9 0 7 0 15 6 0 11 0
17 12 1 7 0 15 11 0 9 1
17 15 0 7 0 15 6 0 12 0
24 12 1 0 0 0 10 0 0 0
24 15 1 0 0 0 10 0 0 0
14 2 2 6 5 10 11 1 5 1
19 14 2 0 5 0 10 2 0 0
20 14 2 0 5 0 10 2 0 0
20 2 2 0 5 0 10 0 0 0
25 14 2 6 5 10 11 2 6 1
25 2 0 6 0 10 6 0 9 0
25 19 2 0 5 0 10 2 0 0
16 3 3 0 10 0 8 1 0 0
21 16 3 0 10 0 8 2 0 0
21 3 3 5 10 7 9 3 7 1
22 11 4 0 13 0 7 3 0 0
13 10 5 0 15 0 8 5 0 0
23 13 5 0 15 0 8 6 0 0
23 10 5 0 15 0 8 5 0 0
####
7 12 0 10 1 0 14
15 20 0 10 1 2 8
3 11 0 5 1 4 8
11 23 0 5 1 6 5
4 12 0 10 1 0 15
17 25 0 10 1 1 12
0 10 15 8 5 0 11
18 8 0 2 1 17 1
0 3 10 8 3 0 11
1 20 5 10 2 0 8
6 14 5 10 2 0 10
1 2 5 10 2 0 8
7 15 0 10 1 0 14
14 18 9 6 5 4 2
7 24 0 10 1 0 14
5 18 0 2 1 14 2
9 11 8 7 3 1 7
22 10 0 5 1 6 1
6 15 0 10 1 0 10
11 13 0 5 1 6 5
17 19 0 10 1 1 12
12 14 0 10 1 2 3
21 23 2 6 2 7 4
9 16 5 8 2 1 7
0 5 18 6 6 0 11
4 25 5 10 2 0 15
7 22 13 7 4 0 14
25 3 0 8 1 2 9
23 5 0 4 1 13 3
15 2 0 10 1 2 8
3 22 0 5 1 4 8
2 21 0 8 1 4 5
4 17 0 10 1 0 15
17 21 5 8 2 1 12
0 9 0 10 1 0 11
20 16 0 8 1 4 1
