1 0 4 0 6 0 15 0
1 0 3 0 5 0 17 0
1 0 4 0 3 0 9 0
1 0 3 0 3 0 9 0
1 0 1 0 1 0 2 0
2 1 1 0 1 1 2 0
4 2 1 2 0 4 1 0
9 2 1 2 0 12 1 0
2 1 3 0 3 1 16 0
3 2 2 1 3 3 11 0
4 2 2 2 3 4 8 0
5 2 2 2 1 6 6 0
6 2 1 2 1 7 4 0
3 2 1 1 0 3 1 0
5 2 1 2 1 6 3 0
4 2 1 2 0 5 1 0
7 2 1 2 1 9 3 0
3 2 1 1 1 3 2 0
5 1 0 2 0 6 0 1
4 2 0 2 0 5 0 0
10 1 0 2 0 13 0 1
3 1 0 1 0 2 0 1
6 2 0 2 0 7 0 0
5 1 0 2 0 5 0 1
8 2 1 4 1 11 2 0
####
1 0 0 9 0 19 6 0 17 0
2 0 0 9 0 19 6 0 14 0
2 1 0 9 0 19 6 0 15 0
3 0 0 9 0 19 6 0 11 0
3 1 0 9 0 19 6 0 12 0
3 2 0 9 0 19 6 0 9 0
4 0 0 3 0 6 9 0 3 0
4 2 0 3 0 6 9 0 1 0
13 9 2 0 2 0 9 1 0 0
17 9 2 0 2 0 9 2 0 0
21 9 2 0 2 0 9 2 0 0
21 17 2 0 2 0 9 2 0 0
10 6 3 0 6 0 9 4 0 0
15 10 3 0 6 0 9 2 0 0
15 6 3 0 6 0 9 4 0 0
19 10 3 0 6 0 9 3 0 0
19 15 3 0 6 0 9 3 0 0
14 11 4 5 10 5 10 4 6 1
18 11 4 0 10 0 9 4 0 0
18 14 4 0 10 0 9 4 0 0
23 11 4 0 10 0 9 6 0 0
23 14 4 0 10 0 9 6 0 0
23 18 4 0 10 0 9 6 0 0
22 12 5 0 14 0 7 6 0 0
####
3 15 6 9 3 0 9
10 11 0 8 1 4 8
5 13 0 6 1 1 2
0 7 18 6 8 0 15
8 9 0 6 1 1 16
2 22 14 7 5 0 9
1 6 6 9 3 0 17
0 10 6 9 3 0 15
12 16 0 3 1 7 4
16 24 0 2 1 9 3
3 17 2 9 2 0 9
7 20 0 2 1 12 1
17 6 0 8 1 3 2
2 19 6 9 3 0 9
9 15 0 8 1 3 11
11 22 0 6 1 6 6
4 13 2 9 2 0 2
15 18 0 8 1 5 1
3 16 16 6 6 0 9
8 21 0 6 1 1 16
14 24 3 5 3 6 3
9 10 0 8 1 3 11
6 23 0 8 1 4 1
0 5 0 7 1 0 15
13 19 0 8 1 3 1
8 17 0 6 1 1 16
2 14 10 9 4 0 9
11 12 0 6 1 6 6
24 7 0 2 1 11 2
1 12 14 7 5 0 17
2 11 10 9 4 0 9
1 8 0 7 1 0 17
10 14 0 8 1 4 8
0 9 2 9 2 0 15
