1 0 2 0 0 0 2 0
1 0 3 0 5 0 17 0
1 0 3 0 3 0 7 0
1 0 3 0 3 0 10 0
4 2 1 2 1 6 2 0
1 0 4 0 6 0 15 0
2 1 2 0 2 1 7 0
1 0 4 0 3 0 10 0
4 2 1 2 1 5 4 0
5 2 1 2 1 6 2 0
7 2 1 2 0 11 1 0
2 1 3 0 4 1 14 0
2 1 2 0 2 1 8 0
5 2 1 2 1 7 3 0
6 2 1 4 0 12 1 0
3 2 1 1 1 2 4 0
3 2 1 1 1 3 2 0
4 2 1 2 0 4 1 0
8 2 0 2 0 12 0 0
3 2 1 2 1 4 3 0
5 2 0 2 0 5 0 0
7 2 0 2 0 14 0 0
5 1 0 2 0 5 0 1
3 2 2 1 1 3 6 0
3 2 1 1 1 2 2 0
4 2 1 2 0 4 1 0
2 1 0 0 0 1 0 1
6 2 1 3 1 10 2 0
4 1 0 2 0 4 0 1
4 2 1 2 1 4 3 0
####
1 0 0 6 0 21 8 0 6 0
2 0 0 6 0 21 8 0 2 0
2 1 0 7 0 23 7 0 9 0
3 0 0 6 0 21 8 0 2 0
3 1 0 7 0 23 7 0 10 0
3 2 0 7 0 23 7 0 7 0
5 0 0 6 0 21 8 0 8 0
5 1 0 7 0 23 7 0 9 0
5 2 0 7 0 23 7 0 6 0
5 3 0 7 0 23 7 0 7 0
7 1 0 7 0 23 7 0 11 0
7 2 0 7 0 23 7 0 8 0
7 3 0 7 0 23 7 0 9 0
7 5 0 7 0 23 7 0 8 0
11 6 0 6 0 19 5 0 7 0
12 6 1 5 0 17 12 0 7 1
12 11 0 5 0 17 6 0 7 0
19 15 2 4 4 12 13 2 5 1
19 16 2 0 4 0 11 2 0 0
23 16 2 0 4 0 11 2 0 0
23 19 2 0 4 0 11 2 0 0
24 15 2 0 4 0 11 2 0 0
24 19 2 0 4 0 11 2 0 0
17 4 3 0 9 0 12 4 0 0
17 8 3 0 9 0 12 4 0 0
8 4 3 0 9 0 12 4 0 0
25 4 3 0 9 0 12 4 0 0
25 8 3 0 9 0 12 0 0 0
28 17 3 0 9 0 12 4 0 0
28 4 3 0 9 0 12 4 0 0
28 8 3 0 9 0 12 4 0 0
29 17 3 0 9 0 12 2 0 0
29 4 3 3 9 6 14 2 3 1
29 8 3 0 9 0 12 2 0 0
29 25 3 0 9 0 12 4 0 0
29 28 3 0 9 0 12 2 0 0
20 13 4 0 15 0 10 6 0 0
20 9 4 0 15 0 10 4 0 0
13 9 4 0 15 0 10 4 0 0
22 13 4 0 15 0 10 2 0 0
22 9 4 0 15 0 10 1 0 0
27 14 5 0 19 0 8 9 0 0
21 10 6 0 21 0 8 11 0 0
####
11 16 0 9 1 1 14
3 25 9 12 3 0 10
8 13 0 10 1 5 4
5 6 0 10 1 0 15
29 9 0 10 1 4 3
23 8 0 11 1 3 6
1 17 9 12 3 0 17
19 4 0 11 1 4 3
17 20 0 10 1 4 1
11 23 0 9 1 1 14
7 16 4 11 2 0 10
1 29 9 12 3 0 17
1 11 0 10 1 0 17
11 19 0 9 1 1 14
7 20 15 10 4 0 10
16 17 0 11 1 3 2
0 21 21 8 6 0 2
5 12 0 10 1 0 15
10 18 0 3 1 11 1
12 24 0 9 1 1 8
2 13 15 10 4 0 7
27 10 0 4 1 10 2
25 22 0 10 1 4 1
7 23 4 11 2 0 10
9 14 0 6 1 6 2
4 14 4 8 2 6 2
7 18 23 7 7 0 10
2 10 21 8 6 0 7
5 24 4 11 2 0 15
3 9 15 10 4 0 10
15 29 0 11 1 2 4
5 15 4 11 2 0 15
6 19 0 9 1 1 7
12 15 0 9 1 1 8
0 26 0 10 1 0 2
23 28 0 11 1 3 6
13 27 0 6 1 7 3
3 8 9 12 3 0 10
24 25 0 11 1 2 2
14 21 0 4 1 12 1
6 27 15 6 4 1 7
2 4 9 12 3 0 7
