1 0 4 0 2 0 14 0
1 0 3 0 3 0 13 0
1 0 3 0 5 0 19 0
6 2 1 2 2 13 7 0
1 0 1 0 1 0 10 0
1 0 2 0 1 0 3 0
1 0 3 0 3 0 14 0
8 2 1 2 2 15 4 0
9 1 2 2 1 16 3 0
1 0 3 0 1 0 14 0
4 2 1 2 1 5 9 0
4 2 1 2 1 5 9 0
2 1 2 0 4 1 11 0
5 2 0 2 0 7 0 0
2 2 1 0 1 2 11 0
10 2 1 3 0 17 1 0
2 1 3 0 2 1 6 0
3 2 1 1 1 3 2 0
3 2 1 1 0 3 1 0
4 2 1 2 0 5 1 0
11 2 0 2 0 18 0 0
2 1 0 0 0 1 0 1
10 1 0 1 0 17 0 1
5 2 1 4 1 12 8 0
3 2 2 1 2 3 10 0
8 1 0 2 0 15 0 1
2 1 0 0 0 1 0 1
2 1 0 0 0 1 0 1
7 2 2 2 1 14 6 0
4 2 0 2 0 5 0 0
3 2 1 2 1 4 10 0
3 1 0 1 0 2 0 1
####
1 0 0 10 0 24 8 0 17 0
2 0 0 10 0 24 8 0 18 0
2 1 0 10 0 24 8 0 17 0
4 0 0 10 0 24 8 0 16 0
4 1 0 10 0 24 8 0 15 0
4 2 0 10 0 24 8 0 16 0
5 1 0 4 0 15 9 0 1 0
5 2 0 4 0 15 9 0 3 0
6 0 0 10 0 24 8 0 17 0
6 1 0 10 0 24 8 0 16 0
6 2 0 10 0 24 8 0 17 0
6 4 0 10 0 24 8 0 15 0
6 5 0 4 0 15 9 0 2 0
9 0 0 10 0 24 8 0 18 0
9 1 0 10 0 24 8 0 17 0
9 2 0 10 0 24 8 0 18 0
9 4 0 10 0 24 8 0 16 0
9 5 0 3 0 11 11 0 1 0
9 6 0 10 0 24 8 0 17 0
14 12 0 9 0 18 7 0 16 0
16 14 1 0 0 0 13 0 0 0
21 12 1 0 0 0 13 0 0 0
26 12 1 0 0 0 13 0 0 0
26 21 1 0 0 0 13 0 0 0
27 14 1 0 0 0 13 0 0 0
18 17 2 0 6 0 12 2 0 0
24 17 2 0 6 0 12 0 0 0
30 17 2 0 6 0 12 2 0 0
30 18 2 0 6 0 12 2 0 0
30 24 0 8 0 13 6 0 14 0
31 17 2 0 6 0 12 2 0 0
31 18 2 0 6 0 12 2 0 0
31 30 2 0 6 0 12 2 0 0
19 10 3 0 11 0 11 2 0 0
19 11 3 0 11 0 11 1 0 0
29 19 3 0 11 0 11 4 0 0
29 11 3 0 11 0 11 4 0 0
11 10 0 7 0 9 5 0 12 0
23 13 4 0 15 0 9 3 0 0
25 7 7 0 19 0 9 12 0 0
22 15 9 0 22 0 9 16 0 0
####
14 30 0 11 1 2 11
15 20 0 3 1 17 1
5 13 15 9 4 0 3
23 3 0 3 1 12 8
9 29 11 11 3 0 14
11 23 0 6 1 5 9
3 28 0 2 1 13 7
6 24 6 12 2 0 14
28 25 0 3 1 14 6
6 17 6 12 2 0 14
0 3 17 8 5 0 14
1 11 11 11 3 0 13
16 17 0 11 1 1 6
0 21 0 13 1 0 14
5 18 6 12 2 0 3
12 24 0 11 1 1 11
12 28 12 7 5 1 11
16 18 0 11 1 1 6
24 10 0 9 1 3 10
8 15 0 3 1 16 3
2 16 0 13 1 0 19
4 10 11 11 3 0 10
17 19 0 9 1 3 2
9 14 0 13 1 0 14
24 15 11 7 7 3 10
0 12 0 13 1 0 14
1 19 11 11 3 0 13
19 13 0 6 1 5 1
10 23 0 6 1 5 9
28 7 0 3 1 14 6
2 14 0 13 1 0 19
7 8 0 3 1 15 4
2 7 19 9 7 0 19
9 27 0 13 1 0 14
0 26 0 13 1 0 14
16 31 0 11 1 1 6
8 22 0 3 1 16 3
30 11 0 9 1 4 10
6 20 24 8 10 0 14
18 29 0 9 1 3 1
1 30 6 12 2 0 13
