1 0 2 0 3 0 11 0
1 0 3 0 2 0 7 0
1 0 3 0 6 0 18 0
1 0 2 0 4 0 16 0
5 2 1 2 2 6 6 0
1 0 3 0 2 0 9 0
1 0 3 0 3 0 10 0
4 2 1 2 1 5 3 0
2 1 3 0 1 1 4 0
2 1 3 0 2 1 15 0
2 1 0 0 0 1 0 1
3 2 0 1 0 3 0 0
8 2 1 2 1 12 3 0
9 2 1 4 1 17 2 0
5 2 1 2 2 7 8 0
3 2 2 1 2 3 12 0
2 1 1 0 1 1 5 0
6 2 2 2 2 8 7 0
3 2 1 1 0 3 1 0
10 2 1 2 0 18 1 0
3 1 0 1 0 2 0 1
4 1 0 2 0 4 0 1
3 2 1 1 1 3 4 0
7 2 2 4 1 10 5 0
4 1 0 2 0 4 0 1
3 2 0 1 0 3 0 0
4 2 2 2 2 5 10 0
8 2 0 3 0 12 0 0
11 1 0 2 0 19 0 1
7 1 0 2 0 9 0 1
####
1 0 0 10 0 23 7 0 13 0
2 0 0 10 0 23 7 0 18 0
2 1 0 10 0 23 7 0 15 0
3 0 0 10 0 23 7 0 18 0
3 1 0 10 0 23 7 0 15 0
3 2 0 10 0 23 7 0 20 0
5 0 0 10 0 23 7 0 13 0
5 1 0 10 0 23 7 0 10 0
5 2 0 10 0 23 7 0 15 0
5 3 0 10 0 23 7 0 15 0
6 0 0 10 0 23 7 0 14 0
6 1 0 10 0 23 7 0 11 0
6 2 0 10 0 23 7 0 16 0
6 3 0 10 0 23 7 0 16 0
6 5 0 10 0 23 7 0 11 0
9 8 0 6 0 15 6 0 6 0
16 9 0 9 0 19 5 0 13 0
16 10 1 0 0 0 10 0 0 0
15 11 2 0 4 0 12 1 0 0
18 11 2 0 4 0 12 2 0 0
18 15 2 0 4 0 12 1 0 0
20 15 2 0 4 0 12 2 0 0
22 11 2 0 4 0 12 0 0 0
22 15 0 8 0 13 7 0 11 0
22 18 2 0 4 0 12 1 0 0
25 15 2 0 4 0 12 2 0 0
25 20 2 0 4 0 12 2 0 0
21 7 3 0 10 0 10 1 0 0
24 21 3 0 10 0 10 3 0 0
24 7 3 0 10 0 10 2 0 0
26 21 3 0 10 0 10 2 0 0
26 7 3 7 10 9 11 1 9 1
26 24 3 0 10 0 10 3 0 0
14 4 4 6 14 7 9 2 9 1
29 23 6 0 17 0 8 7 0 0
27 12 7 0 19 0 8 10 0 0
####
14 17 0 3 1 7 8
26 14 0 6 1 5 10
17 29 0 3 1 8 7
2 8 0 10 1 0 18
23 12 0 4 1 10 5
6 17 16 7 5 0 10
1 11 4 12 2 0 7
9 25 0 10 1 1 15
15 26 0 10 1 3 12
6 14 14 8 4 0 10
9 15 0 10 1 1 15
12 13 0 3 1 12 3
5 18 4 12 2 0 9
16 22 0 10 1 1 5
4 23 1 4 2 6 6
6 25 4 12 2 0 10
22 7 0 10 1 3 4
17 23 0 3 1 8 7
19 28 0 2 1 18 1
9 20 0 10 1 1 15
18 24 0 10 1 3 1
8 11 0 10 1 1 4
3 9 0 10 1 0 16
26 4 0 6 1 5 10
13 19 0 2 1 17 2
2 7 10 10 3 0 18
1 22 4 12 2 0 7
5 10 0 10 1 0 9
5 16 0 10 1 0 9
1 12 19 8 7 0 7
0 26 10 10 3 0 11
0 19 22 7 9 0 11
7 13 7 5 5 5 3
15 21 0 10 1 3 12
8 18 0 10 1 1 4
2 15 4 12 2 0 18
23 27 0 4 1 10 5
8 27 15 6 6 1 4
3 4 14 8 4 0 16
