1 0 3 0 2 0 6 0
1 0 2 0 2 0 5 0
1 0 3 0 2 0 8 0
1 0 2 0 1 0 4 0
1 0 3 0 2 0 5 0
1 0 2 0 1 0 3 0
5 2 1 2 0 6 1 0
1 0 2 0 2 0 9 0
5 2 1 2 1 7 2 0
2 1 2 0 2 1 8 0
6 2 1 2 0 8 1 0
6 1 0 2 0 7 0 1
3 2 1 1 1 3 2 0
2 1 0 0 0 1 0 1
7 2 0 2 0 9 0 0
2 1 0 0 0 1 0 1
4 2 1 2 0 5 1 0
2 1 1 0 1 1 4 0
3 2 1 1 1 3 4 0
3 2 1 1 1 2 3 0
2 1 0 0 0 1 0 1
5 2 0 2 0 6 0 0
4 2 1 2 1 4 2 0
2 1 0 0 0 1 0 1
4 2 1 2 1 5 3 0
####
1 0 0 5 0 15 9 0 6 0
2 0 0 5 0 15 9 0 5 0
2 1 0 5 0 15 9 0 3 0
3 1 0 4 0 12 10 0 3 0
4 2 0 6 0 17 8 0 7 0
5 2 0 6 0 17 8 0 6 0
5 4 0 6 0 17 8 0 5 0
7 1 0 4 0 12 10 0 4 0
7 2 0 6 0 17 8 0 9 0
7 3 0 4 0 12 10 0 5 0
7 4 0 6 0 17 8 0 8 0
7 5 0 6 0 17 8 0 7 0
23 17 1 0 0 0 13 0 0 0
18 12 2 0 6 0 10 2 0 0
22 16 3 0 9 0 10 0 0 0
24 16 3 0 9 0 10 4 0 0
21 6 4 0 12 0 10 2 0 0
21 8 4 0 12 0 10 6 0 0
8 6 4 0 12 0 10 2 0 0
11 10 5 0 15 0 9 4 0 0
####
7 21 12 10 4 0 9
24 8 0 6 1 5 3
2 18 6 10 2 0 8
16 21 0 6 1 5 1
19 22 0 6 1 2 3
12 16 0 6 1 3 2
22 6 0 6 1 4 2
9 18 0 9 1 1 8
5 8 12 10 4 0 3
1 16 9 10 3 0 5
8 10 0 5 1 7 2
0 17 0 13 1 0 6
4 24 9 10 3 0 5
4 10 15 9 5 0 5
2 6 12 10 4 0 8
17 19 0 9 1 1 4
3 13 0 13 1 0 4
6 11 0 5 1 6 1
18 24 0 6 1 3 4
4 20 0 13 1 0 5
0 23 0 13 1 0 6
7 9 0 13 1 0 9
3 12 6 10 2 0 4
1 22 9 10 3 0 5
0 19 6 10 2 0 6
5 14 17 8 6 0 3
10 14 0 3 1 8 1
2 15 0 13 1 0 8
9 12 0 9 1 1 8
