1 0 4 0 3 0 9 0
1 0 3 0 5 0 18 0
1 0 2 0 2 0 5 0
4 2 1 2 0 5 1 0
5 1 0 2 0 6 0 1
3 2 1 1 0 3 1 0
1 0 3 0 4 0 19 0
1 0 3 0 4 0 9 0
1 0 3 0 2 0 11 0
4 2 1 2 1 5 2 0
6 2 1 2 0 8 1 0
7 2 1 2 1 10 2 0
8 2 1 2 0 11 1 0
2 1 0 0 0 1 0 1
2 1 2 0 4 1 18 0
7 1 0 2 0 9 0 1
5 2 1 2 2 6 5 0
5 2 1 2 0 7 1 0
6 1 0 2 0 8 0 1
2 1 1 0 1 1 2 0
3 2 2 1 2 3 11 0
4 2 1 2 1 5 3 0
9 2 0 4 0 15 0 0
6 2 2 2 1 8 4 0
7 2 0 2 0 9 0 0
5 2 1 2 1 7 2 0
3 2 2 1 2 3 5 0
4 2 1 2 1 5 6 0
####
1 0 0 8 0 21 7 0 7 0
2 0 0 8 0 21 7 0 3 0
2 1 0 8 0 21 7 0 8 0
6 0 0 8 0 21 7 0 8 0
6 1 0 8 0 21 7 0 13 0
6 2 0 8 0 21 7 0 9 0
7 0 0 8 0 21 7 0 6 0
7 1 0 8 0 21 7 0 11 0
7 2 0 8 0 21 7 0 7 0
7 6 0 8 0 21 7 0 12 0
8 0 0 8 0 21 7 0 6 0
8 1 0 8 0 21 7 0 11 0
8 2 0 8 0 21 7 0 7 0
8 6 0 8 0 21 7 0 12 0
8 7 0 8 0 21 7 0 10 0
19 14 0 7 0 18 4 0 7 0
20 5 0 6 0 15 4 0 5 0
26 20 2 0 3 0 9 0 0 0
21 3 3 0 6 0 10 2 0 0
21 9 3 0 6 0 10 0 0 0
9 3 3 0 6 0 10 2 0 0
27 21 3 0 6 0 10 2 0 0
27 3 3 0 6 0 10 2 0 0
27 9 3 0 6 0 10 2 0 0
25 4 4 0 10 0 10 4 0 0
25 17 4 0 10 0 10 2 0 0
25 16 4 0 10 0 10 4 0 0
17 4 4 0 10 0 10 4 0 0
17 16 4 0 10 0 10 4 0 0
16 4 4 0 10 0 10 4 0 0
18 10 5 0 14 0 9 4 0 0
23 10 5 0 14 0 9 6 0 0
23 18 5 0 14 0 9 6 0 0
24 11 6 0 17 0 9 8 0 0
24 15 6 0 17 0 9 8 0 0
15 11 6 0 17 0 9 8 0 0
####
8 13 0 9 1 0 11
1 26 3 9 2 0 18
14 26 0 6 1 1 18
1 20 3 9 2 0 18
6 14 0 9 1 0 19
0 21 6 10 3 0 9
20 21 0 7 1 3 11
23 11 0 6 1 8 4
1 16 10 10 4 0 18
6 10 14 9 5 0 19
0 24 17 9 6 0 9
26 3 0 7 1 3 5
27 16 0 8 1 5 6
7 19 0 9 1 0 9
9 17 0 8 1 5 2
23 15 0 6 1 8 4
5 22 15 4 6 3 1
7 23 14 9 5 0 9
20 27 0 7 1 3 11
8 25 10 10 4 0 11
26 9 0 7 1 3 5
16 23 0 7 1 6 5
10 24 0 6 1 8 1
0 5 3 9 2 0 9
2 3 6 10 3 0 5
6 12 20 7 7 0 19
14 20 0 6 1 1 18
11 12 0 4 1 10 2
12 22 0 2 1 11 1
25 10 0 7 1 7 2
21 25 0 8 1 5 3
17 18 0 7 1 7 1
2 11 17 9 6 0 5
19 5 0 6 1 1 2
7 17 10 10 4 0 9
0 9 6 10 3 0 9
8 27 6 10 3 0 11
3 4 0 8 1 5 1
