1 0 2 0 2 0 4 0
1 0 4 0 4 0 9 0
1 0 3 0 4 0 14 0
1 0 3 0 3 0 7 0
1 0 3 0 6 0 17 0
1 0 1 0 2 0 16 0
2 1 3 0 4 1 10 0
5 2 1 2 0 6 1 0
2 1 2 0 2 1 7 0
2 1 2 0 4 1 15 0
5 2 1 2 0 8 1 0
3 2 1 1 1 3 3 0
3 2 2 1 3 3 6 0
3 2 2 2 3 4 7 0
3 2 1 1 1 3 2 0
5 2 0 2 0 7 0 0
5 2 1 2 0 8 1 0
4 2 1 3 0 6 1 0
4 2 1 2 1 4 2 0
6 2 0 2 0 10 0 0
4 2 2 2 2 6 4 0
5 2 0 4 0 12 0 0
4 2 1 2 1 5 2 0
5 2 1 2 0 6 1 0
4 2 1 3 0 5 1 0
5 1 0 2 0 6 0 1
4 2 2 2 0 5 2 0
6 1 0 2 0 9 0 1
6 1 0 2 0 7 0 1
6 1 0 2 0 7 0 1
####
2 0 0 5 0 20 10 0 7 0
2 1 0 5 0 20 10 0 3 0
3 0 0 5 0 20 10 0 4 0
3 1 0 5 0 20 10 0 1 0
3 2 0 5 0 20 10 0 5 0
4 1 0 5 0 20 10 0 5 0
4 2 0 5 0 20 10 0 6 0
4 3 0 5 0 20 10 0 5 0
5 1 0 5 0 20 10 0 6 0
5 2 0 5 0 20 10 0 6 0
5 3 0 5 0 20 10 0 5 0
5 4 0 5 0 20 10 0 7 0
8 6 0 3 0 10 10 0 3 0
9 6 0 4 0 17 7 0 6 0
9 8 0 3 0 10 10 0 4 0
13 12 2 0 3 0 10 1 0 0
14 11 2 0 3 0 10 2 0 0
14 12 0 2 0 6 11 0 2 0
18 17 3 0 7 0 12 4 0 0
20 17 3 0 7 0 12 2 0 0
20 18 3 0 7 0 12 2 0 0
22 17 3 0 7 0 12 2 0 0
22 20 3 0 7 0 12 3 0 0
24 17 3 0 7 0 12 3 0 0
24 20 3 0 7 0 12 4 0 0
24 22 3 0 7 0 12 3 0 0
26 17 3 1 7 0 19 2 0 1
26 20 3 0 7 0 12 3 0 0
26 22 3 0 7 0 12 0 0 0
26 24 3 0 7 0 12 3 0 0
10 7 4 0 13 0 13 5 0 0
16 10 4 0 13 0 13 2 0 0
16 7 4 0 13 0 13 1 0 0
16 15 4 0 13 0 13 1 0 0
23 10 4 0 13 0 13 4 0 0
23 16 4 0 13 0 13 4 0 0
23 15 4 0 13 0 13 3 0 0
23 21 4 0 13 0 13 6 0 0
25 10 4 0 13 0 13 6 0 0
25 16 4 0 13 0 13 6 0 0
25 7 4 0 13 0 13 5 0 0
25 15 4 0 13 0 13 5 0 0
25 21 4 0 13 0 13 7 0 0
15 10 4 0 13 0 13 1 0 0
15 7 4 0 13 0 13 2 0 0
21 10 4 0 13 0 13 4 0 0
21 16 4 0 13 0 13 1 0 0
21 7 4 0 13 0 13 2 0 0
21 15 4 0 13 0 13 2 0 0
27 19 5 0 20 0 10 1 0 0
28 19 5 0 20 0 10 6 0 0
28 27 5 0 20 0 10 6 0 0
29 19 5 0 20 0 10 2 0 0
29 27 5 0 20 0 10 3 0 0
####
5 9 0 9 1 0 16
4 7 13 13 4 0 17
14 17 0 10 1 3 2
1 26 7 12 3 0 9
2 8 0 9 1 0 14
4 12 3 10 2 0 17
6 24 4 9 2 1 10
6 17 4 9 2 1 10
7 29 0 11 1 6 1
3 14 3 10 2 0 7
26 15 0 13 1 5 2
8 14 0 7 1 1 7
18 23 0 13 1 4 2
1 16 13 13 4 0 9
3 10 13 13 4 0 7
0 11 3 10 2 0 4
22 7 0 13 1 5 2
13 20 0 10 1 4 7
11 18 0 10 1 3 3
26 21 0 13 1 5 2
13 24 0 10 1 4 7
3 23 13 13 4 0 7
8 11 0 7 1 1 7
10 19 0 11 1 8 1
2 20 7 12 3 0 14
0 18 7 12 3 0 4
20 10 0 13 1 6 4
1 19 20 10 5 0 9
12 22 0 10 1 3 6
9 13 0 7 1 1 15
1 22 7 12 3 0 9
4 6 0 9 1 0 17
23 28 0 11 1 6 1
12 26 0 10 1 3 6
24 25 0 13 1 5 1
17 21 0 13 1 6 1
16 27 0 11 1 8 1
6 13 0 7 1 1 10
2 15 13 13 4 0 14
9 12 0 7 1 1 15
20 16 0 13 1 6 4
