1 0 4 0 4 0 9 0
1 0 1 0 1 0 2 0
1 0 2 0 3 0 14 0
1 0 2 0 3 0 10 0
1 0 2 0 3 0 8 0
1 0 4 0 3 0 7 0
1 0 2 0 2 0 5 0
1 0 4 0 4 0 17 0
2 1 1 0 2 1 6 0
2 2 1 0 0 2 1 0
8 2 0 2 0 12 0 0
4 2 1 2 1 4 3 0
6 2 1 2 1 9 2 0
2 2 2 0 4 2 11 0
5 2 1 2 1 5 2 0
3 2 2 2 2 4 7 0
4 1 0 2 0 5 0 1
2 2 1 0 0 2 1 0
4 2 1 2 1 6 4 0
7 2 0 2 0 8 0 0
5 1 0 2 0 7 0 1
3 1 0 2 0 3 0 1
4 2 1 2 0 6 1 0
3 2 2 2 0 4 2 0
4 1 0 2 0 5 0 1
3 2 2 1 1 3 5 0
6 2 1 2 0 7 1 0
5 2 1 2 1 8 3 0
4 2 0 2 0 5 0 0
7 2 1 2 0 11 1 0
3 1 0 2 0 3 0 1
####
2 0 0 7 0 22 9 0 9 0
2 1 0 4 0 15 11 0 4 0
3 0 0 7 0 22 9 0 8 0
3 1 0 4 0 15 11 0 3 0
3 2 0 7 0 22 9 0 11 0
4 0 0 7 0 22 9 0 4 0
4 2 0 7 0 22 9 0 7 0
4 3 0 7 0 22 9 0 6 0
5 0 0 6 0 20 10 0 6 0
5 4 0 6 0 20 10 0 9 0
6 0 0 7 0 22 9 0 7 0
6 2 0 7 0 22 9 0 10 0
6 3 0 7 0 22 9 0 9 0
6 4 0 7 0 22 9 0 5 0
7 0 0 7 0 22 9 0 9 0
7 1 0 4 0 15 11 0 4 0
7 2 0 7 0 22 9 0 12 0
7 3 0 7 0 22 9 0 11 0
7 4 0 7 0 22 9 0 7 0
7 5 0 3 0 9 14 0 2 0
7 6 0 7 0 22 9 0 10 0
13 9 1 0 0 0 12 0 0 0
17 9 1 0 0 0 12 0 0 0
17 13 1 0 0 0 12 0 0 0
21 15 2 0 4 0 13 2 0 0
23 15 2 0 4 0 13 2 0 0
23 21 2 0 4 0 13 2 0 0
30 15 2 0 4 0 13 1 0 0
30 21 2 0 4 0 13 2 0 0
30 23 2 0 4 0 13 2 0 0
18 16 3 0 9 0 14 4 0 0
22 18 3 0 9 0 14 4 0 0
22 16 3 0 9 0 14 4 0 0
24 18 3 0 9 0 14 4 0 0
24 22 3 0 9 0 14 4 0 0
24 16 3 0 9 0 14 2 0 0
28 18 3 0 9 0 14 2 0 0
28 22 3 0 9 0 14 2 0 0
28 16 3 0 9 0 14 2 0 0
28 24 3 0 9 0 14 2 0 0
28 11 3 0 9 0 14 2 0 0
27 20 4 0 15 0 11 6 0 0
26 12 5 0 18 0 10 1 0 0
29 19 6 0 20 0 10 3 0 0
####
3 15 4 13 2 0 10
0 27 15 11 4 0 9
5 19 20 10 6 0 7
14 26 0 5 1 5 2
0 10 22 9 7 0 9
11 14 0 9 1 4 3
5 8 0 12 1 0 7
22 20 0 9 1 6 1
18 27 0 9 1 6 4
2 13 0 12 1 0 14
15 18 0 11 1 4 7
7 28 9 14 3 0 17
8 25 0 9 1 1 6
15 22 0 11 1 4 7
6 18 9 14 3 0 5
23 16 0 11 1 4 2
25 11 0 11 1 3 5
5 11 9 14 3 0 7
13 15 0 9 1 2 11
3 9 0 12 1 0 10
4 25 4 13 2 0 8
12 29 0 4 1 9 2
6 12 18 10 5 0 5
23 24 0 11 1 4 2
25 28 0 11 1 3 5
7 9 0 12 1 0 17
4 29 20 10 6 0 8
0 23 4 13 2 0 9
2 17 0 12 1 0 14
13 23 0 9 1 2 11
1 22 9 14 3 0 2
0 26 18 10 5 0 9
7 13 0 12 1 0 17
27 12 0 5 1 8 3
29 10 0 3 1 11 1
5 14 15 11 4 0 7
17 21 0 9 1 2 1
9 30 0 9 1 2 1
7 17 0 12 1 0 17
26 19 0 4 1 7 1
