1 0 2 0 2 0 13 0
1 0 1 0 1 0 3 0
2 1 2 0 3 1 11 0
1 0 3 0 2 0 12 0
1 0 3 0 3 0 10 0
2 1 1 0 0 1 1 0
1 0 3 0 4 0 10 0
1 0 4 0 3 0 14 0
2 2 2 0 3 2 9 0
4 2 1 2 1 7 6 0
2 2 1 0 1 2 3 0
8 2 1 2 1 13 2 0
5 2 1 2 1 8 5 0
3 1 0 1 0 2 0 1
3 2 1 2 1 4 2 0
4 2 1 3 0 7 1 0
3 2 2 3 1 5 8 0
6 2 1 2 1 10 4 0
4 2 0 2 0 6 0 0
2 1 0 0 0 1 0 1
9 2 1 2 0 14 1 0
5 2 0 2 0 8 0 0
2 1 0 0 0 1 0 1
7 2 1 4 1 11 3 0
10 1 0 2 0 15 0 1
####
1 0 0 9 0 18 7 0 10 0
3 0 0 9 0 18 7 0 14 0
3 1 0 9 0 18 7 0 8 0
4 0 0 9 0 18 7 0 12 0
4 1 0 9 0 18 7 0 6 0
4 3 0 9 0 18 7 0 10 0
6 0 0 9 0 18 7 0 16 0
6 1 0 9 0 18 7 0 10 0
6 3 0 9 0 18 7 0 14 0
6 4 0 9 0 18 7 0 12 0
7 0 0 9 0 18 7 0 16 0
7 1 0 9 0 18 7 0 10 0
7 3 0 9 0 18 7 0 14 0
7 4 0 9 0 18 7 0 12 0
7 6 0 9 0 18 7 0 16 0
8 2 0 8 0 12 7 0 14 0
10 2 0 3 0 6 8 0 3 0
10 8 1 0 0 0 12 0 0 0
19 2 1 0 0 0 12 0 0 0
22 10 1 0 0 0 12 0 0 0
14 13 2 0 6 0 9 1 0 0
16 14 2 0 6 0 9 2 0 0
15 9 3 0 9 0 9 3 0 0
18 15 3 0 9 0 9 3 0 0
18 9 3 0 9 0 9 4 0 0
21 12 4 0 12 0 8 5 0 0
####
7 21 12 8 4 0 14
8 23 9 7 5 2 9
16 9 0 6 1 5 8
5 13 0 9 1 1 1
1 11 16 7 7 0 3
23 11 0 2 1 11 3
3 10 0 12 1 0 12
12 17 0 3 1 8 5
7 10 0 12 1 0 14
17 23 0 2 1 10 4
8 16 0 9 1 2 9
16 18 0 6 1 5 8
2 16 0 9 1 1 11
4 5 0 12 1 0 10
4 14 6 9 2 0 10
7 18 9 9 3 0 14
3 9 9 9 3 0 12
14 15 0 6 1 4 2
6 12 12 8 4 0 10
6 8 0 12 1 0 10
3 22 0 12 1 0 12
20 24 0 2 1 14 1
0 19 0 12 1 0 13
15 21 0 5 1 7 1
4 17 14 7 5 0 10
6 20 17 7 8 0 10
10 14 0 9 1 2 3
11 20 0 2 1 13 2
2 15 3 9 2 1 11
7 8 0 12 1 0 14
0 2 0 12 1 0 13
9 12 0 5 1 7 6
