1 0 4 0 7 0 14 0
1 0 3 0 4 0 11 0
1 0 4 0 5 0 24 0
1 0 2 0 2 0 14 0
2 1 2 0 4 1 22 0
7 2 1 2 1 7 4 0
1 0 2 0 2 0 3 0
3 1 3 1 4 2 20 0
4 1 0 1 0 3 0 1
3 2 1 1 0 3 1 0
10 2 1 2 0 15 1 0
8 2 1 2 1 11 2 0
7 2 0 2 0 8 0 0
8 2 1 4 1 12 3 0
4 2 2 1 2 4 10 0
4 2 2 1 3 4 12 0
6 2 1 2 1 8 4 0
5 2 2 2 2 5 8 0
2 1 2 0 2 1 7 0
10 2 0 4 0 14 0 0
6 2 2 2 1 6 6 0
11 1 0 2 0 16 0 1
5 2 2 2 1 6 5 0
5 2 1 3 1 6 5 0
5 1 0 2 0 5 0 1
9 2 1 2 1 14 2 0
9 2 1 2 0 12 1 0
7 2 1 2 1 9 3 0
6 2 0 4 0 10 0 0
####
1 0 0 10 0 23 6 0 11 0
2 0 0 10 0 23 6 0 18 0
2 1 0 10 0 23 6 0 15 0
3 0 0 10 0 23 6 0 12 0
3 1 0 10 0 23 6 0 9 0
3 2 0 10 0 23 6 0 16 0
6 0 0 10 0 23 6 0 9 0
6 1 0 10 0 23 6 0 6 0
6 2 0 10 0 23 6 0 13 0
6 3 0 10 0 23 6 0 7 0
18 4 1 8 0 19 9 0 14 1
9 7 2 7 2 17 9 3 6 1
14 8 3 0 4 0 8 4 0 0
15 8 3 0 4 0 8 4 0 0
15 14 3 7 4 16 9 4 10 1
22 17 4 6 7 12 10 6 8 1
23 17 4 0 7 0 9 7 0 0
23 22 4 0 7 0 9 7 0 0
24 17 4 0 7 0 9 2 0 0
24 22 4 0 7 0 9 6 0 0
24 23 4 0 7 0 9 7 0 0
20 16 5 0 11 0 8 9 0 0
28 20 5 0 11 0 8 4 0 0
28 16 5 0 11 0 8 1 0 0
12 5 6 0 14 0 8 6 0 0
27 5 6 0 14 0 8 11 0 0
27 12 6 0 14 0 8 11 0 0
13 11 7 0 17 0 7 4 0 0
26 25 8 0 19 0 7 6 0 0
19 10 9 0 21 0 7 8 0 0
####
3 15 4 8 3 0 14
4 7 0 4 1 1 22
14 17 0 7 1 4 10
22 13 6 6 3 6 5
2 18 0 7 1 0 24
0 20 11 8 5 0 14
0 14 4 8 3 0 14
1 26 19 7 8 0 11
5 13 0 5 1 7 4
17 20 0 7 1 5 8
10 21 0 3 1 15 1
27 11 0 5 1 9 3
2 5 14 8 6 0 24
18 23 5 6 3 1 7
20 12 0 6 1 6 6
4 9 0 4 1 1 22
15 23 0 7 1 4 12
7 15 0 5 1 2 20
17 28 0 7 1 5 8
13 25 0 4 1 12 3
1 16 11 8 5 0 11
6 10 21 7 9 0 3
0 17 7 9 4 0 14
6 25 19 7 8 0 3
0 11 17 7 7 0 14
18 9 0 4 1 1 7
22 28 0 7 1 6 5
2 27 14 8 6 0 24
15 22 0 7 1 4 12
7 14 0 5 1 2 20
23 16 0 7 1 6 5
14 24 0 7 1 4 10
11 26 0 4 1 11 2
20 5 0 6 1 6 6
25 10 0 4 1 14 2
7 8 0 5 1 2 20
3 12 14 8 6 0 14
1 22 7 9 4 0 11
16 27 0 6 1 8 4
9 19 17 4 7 3 1
26 19 0 4 1 12 1
2 4 0 7 1 0 24
