1 0 3 0 2 0 9 0
1 0 3 0 1 0 4 0
1 0 3 0 1 0 15 0
1 0 3 0 2 0 12 0
7 2 1 2 1 11 2 0
1 0 3 0 5 0 17 0
7 2 1 2 1 10 4 0
4 2 1 2 1 5 10 0
1 0 3 0 4 0 11 0
1 0 2 0 2 0 5 0
2 1 3 0 2 1 12 0
2 1 1 0 1 1 3 0
2 1 1 0 1 1 12 0
5 2 1 3 2 7 9 0
3 2 1 1 1 3 4 0
3 2 1 1 1 3 2 0
10 2 1 2 0 16 1 0
2 2 1 0 0 2 1 0
8 2 1 4 0 15 1 0
11 1 0 2 0 17 0 1
2 1 0 0 0 1 0 1
6 2 2 2 2 9 8 0
3 2 1 1 1 3 11 0
2 1 0 0 0 1 0 1
3 2 0 1 0 3 0 0
3 2 0 2 0 4 0 0
9 2 0 2 0 16 0 0
8 2 1 4 1 13 3 0
9 2 1 2 1 15 2 0
2 1 0 0 0 1 0 1
####
1 0 0 8 0 19 9 0 4 0
2 0 0 10 0 22 8 0 13 0
2 1 0 8 0 19 9 0 9 0
3 0 0 10 0 22 8 0 11 0
3 1 0 8 0 19 9 0 7 0
3 2 0 10 0 22 8 0 16 0
5 0 0 10 0 22 8 0 14 0
5 1 0 8 0 19 9 0 9 0
5 2 0 10 0 22 8 0 19 0
5 3 0 10 0 22 8 0 17 0
8 0 0 10 0 22 8 0 9 0
8 1 0 8 0 19 9 0 7 0
8 2 0 10 0 22 8 0 14 0
8 3 0 10 0 22 8 0 12 0
8 5 0 10 0 22 8 0 15 0
9 0 0 10 0 22 8 0 6 0
9 1 0 2 0 7 12 0 1 0
9 2 0 10 0 22 8 0 11 0
9 3 0 10 0 22 8 0 9 0
9 5 0 10 0 22 8 0 12 0
9 8 0 10 0 22 8 0 7 0
11 10 0 7 0 12 9 0 6 0
12 10 0 9 0 15 8 0 15 0
12 11 0 7 0 12 9 0 8 0
17 10 1 0 0 0 14 0 0 0
20 12 1 0 0 0 14 0 0 0
23 12 1 0 0 0 14 0 0 0
23 20 1 0 0 0 14 0 0 0
22 14 2 8 7 10 13 1 10 1
22 15 0 6 0 7 7 0 6 0
24 14 2 0 7 0 12 2 0 0
24 22 2 0 7 0 12 1 0 0
25 14 2 0 7 0 12 2 0 0
25 15 2 0 7 0 12 0 0 0
25 22 2 0 7 0 12 1 0 0
25 24 2 0 7 0 12 2 0 0
6 4 6 0 15 0 9 10 0 0
27 18 7 0 17 0 9 2 0 0
28 26 8 0 19 0 9 4 0 0
####
1 26 19 9 8 0 4
0 14 7 12 2 0 9
4 18 0 4 1 11 2
18 26 0 4 1 15 1
1 15 7 12 2 0 4
17 25 0 12 1 2 1
2 12 0 14 1 0 15
21 6 0 3 1 9 8
3 7 12 8 3 0 12
13 21 0 2 1 7 9
3 24 7 12 2 0 12
1 25 7 12 2 0 4
9 28 19 9 8 0 5
2 23 0 14 1 0 15
14 27 5 7 5 3 4
22 7 0 6 1 3 11
9 17 0 14 1 0 5
3 6 15 9 6 0 12
0 4 15 9 6 0 9
5 22 7 12 2 0 17
15 18 5 7 5 3 2
8 16 21 8 9 0 11
27 28 0 4 1 13 3
0 29 0 14 1 0 9
28 16 0 3 1 15 2
5 17 0 14 1 0 17
10 13 6 8 3 1 12
8 11 0 14 1 0 11
8 21 14 8 5 0 11
2 20 0 14 1 0 15
10 24 0 12 1 1 12
21 4 0 3 1 9 8
16 19 0 2 1 16 1
12 22 0 12 1 1 12
5 10 0 14 1 0 17
7 13 0 2 1 5 10
10 14 0 12 1 1 12
6 27 0 4 1 10 4
11 15 0 12 1 1 3
