1 0 3 0 4 0 14 0
1 0 4 0 4 0 12 0
1 0 3 0 3 0 8 0
1 0 2 0 3 0 6 0
1 0 4 0 5 0 20 0
1 0 2 0 1 0 3 0
2 1 0 0 0 1 0 1
2 1 2 0 1 1 4 0
1 0 2 0 1 0 3 0
1 0 1 0 1 0 2 0
6 2 1 2 0 8 1 0
2 1 1 0 0 1 1 0
2 1 3 0 5 1 19 0
3 2 2 1 2 3 5 0
2 1 0 0 0 1 0 1
3 2 1 1 1 3 6 0
3 2 2 1 2 3 6 0
5 2 1 2 0 8 1 0
6 2 1 2 0 8 1 0
4 2 1 2 1 5 2 0
4 2 1 2 2 5 5 0
4 2 1 2 1 4 2 0
4 2 1 2 0 4 1 0
6 1 0 2 0 9 0 1
5 2 1 2 0 6 1 0
7 2 0 2 0 9 0 0
4 2 1 3 1 6 2 0
3 1 0 1 0 2 0 1
2 1 0 0 0 1 0 1
5 2 0 2 0 6 0 0
3 1 0 1 0 2 0 1
5 2 2 2 2 6 4 0
5 2 1 2 0 6 1 0
7 2 0 4 0 14 0 0
6 1 0 2 0 7 0 1
####
1 0 0 6 0 25 10 0 7 0
2 0 0 6 0 25 10 0 5 0
2 1 0 6 0 25 10 0 4 0
3 0 0 6 0 25 10 0 7 0
3 1 0 6 0 25 10 0 6 0
3 2 0 6 0 25 10 0 4 0
4 0 0 6 0 25 10 0 9 0
4 1 0 6 0 25 10 0 11 0
4 2 0 6 0 25 10 0 9 0
4 3 0 6 0 25 10 0 8 0
5 0 0 5 0 21 12 0 4 0
5 1 0 4 0 16 13 0 2 0
5 2 0 5 0 21 12 0 4 0
5 4 0 5 0 21 12 0 5 0
8 0 0 6 0 25 10 0 5 0
8 1 0 6 0 25 10 0 4 0
8 2 0 6 0 25 10 0 2 0
8 3 0 6 0 25 10 0 4 0
8 4 0 6 0 25 10 0 9 0
9 0 0 6 0 25 10 0 5 0
9 3 0 6 0 25 10 0 4 0
9 4 0 6 0 25 10 0 6 0
7 6 1 0 0 0 14 0 0 0
12 7 0 4 0 15 10 0 5 0
14 11 1 0 0 0 14 0 0 0
15 13 2 4 6 14 15 2 5 1
16 13 2 0 6 0 13 2 0 0
16 15 2 0 6 0 13 0 0 0
30 13 2 0 6 0 13 1 0 0
20 19 3 0 11 0 13 2 0 0
21 19 3 0 11 0 13 1 0 0
21 20 3 3 11 9 15 4 3 1
22 19 3 0 11 0 13 1 0 0
22 20 3 0 11 0 13 4 0 0
22 21 3 0 11 0 13 2 0 0
26 19 3 0 11 0 13 2 0 0
26 20 3 0 11 0 13 2 0 0
26 21 3 0 11 0 13 4 0 0
26 22 3 0 11 0 13 4 0 0
24 17 4 0 16 0 13 4 0 0
29 24 4 0 16 0 13 3 0 0
29 17 4 0 16 0 13 6 0 0
31 24 4 0 16 0 13 4 0 0
31 17 4 0 16 0 13 4 0 0
31 29 4 0 16 0 13 6 0 0
32 24 4 0 16 0 13 3 0 0
32 17 4 0 16 0 13 6 0 0
32 29 4 0 16 0 13 4 0 0
32 31 4 2 16 4 15 6 1 1
23 10 5 0 21 0 12 6 0 0
23 18 5 0 21 0 12 6 0 0
18 10 5 0 21 0 12 6 0 0
34 23 5 0 21 0 12 6 0 0
34 10 5 0 21 0 12 6 0 0
34 18 5 0 21 0 12 6 0 0
33 25 6 0 25 0 10 8 0 0
####
13 22 0 10 1 3 5
2 18 21 12 5 0 8
15 20 0 10 1 3 6
0 16 6 13 2 0 14
4 12 0 14 1 0 20
4 22 11 13 3 0 20
12 16 0 11 1 1 19
8 28 0 14 1 0 3
1 11 0 14 1 0 12
13 21 0 10 1 3 5
32 33 4 7 2 6 1
31 18 0 9 1 6 4
0 15 6 13 2 0 14
12 13 0 11 1 1 19
0 24 16 13 4 0 14
8 32 16 13 4 0 3
1 14 0 14 1 0 12
3 20 11 13 3 0 6
3 31 16 13 4 0 6
24 34 0 9 1 6 1
26 17 0 10 1 6 2
17 23 0 9 1 8 1
5 29 16 13 4 0 3
2 6 0 14 1 0 8
11 30 0 11 1 1 1
7 27 0 11 1 1 4
5 17 16 13 4 0 3
1 13 6 13 2 0 12
20 31 0 10 1 5 5
9 10 21 12 5 0 2
19 24 0 10 1 5 2
1 19 11 13 3 0 12
4 25 25 10 6 0 20
16 26 0 10 1 3 6
22 29 0 10 1 4 1
16 19 0 10 1 3 6
31 10 0 9 1 6 4
2 7 0 14 1 0 8
12 15 0 11 1 1 19
21 32 0 10 1 4 2
7 26 5 11 2 1 4
10 25 0 6 1 8 1
4 21 11 13 3 0 20
18 33 0 6 1 8 1
