1 0 4 0 3 0 7 0
1 0 3 0 5 0 10 0
2 1 3 0 3 1 9 0
3 2 1 1 1 3 3 0
3 2 1 1 1 2 4 0
4 2 1 2 1 4 3 0
3 2 1 1 2 2 4 0
4 2 2 2 1 4 3 0
7 2 0 2 0 10 0 0
5 2 1 3 1 6 2 0
6 2 1 4 0 9 1 0
5 1 0 2 0 5 0 1
####
1 0 0 6 0 9 3 0 13 0
4 3 2 4 1 5 6 2 5 1
6 3 2 4 1 5 6 2 4 1
6 4 2 4 1 5 6 2 5 1
7 5 3 3 4 3 5 0 3 1
11 9 4 0 6 0 4 3 0 0
####
1 2 0 3 1 0 10
10 8 0 2 1 9 1
5 9 0 4 1 4 3
2 6 0 4 1 1 9
6 7 0 5 1 2 4
4 5 0 5 1 2 4
0 7 4 4 3 0 7
1 4 1 5 2 0 10
9 10 0 3 1 6 2
3 9 2 5 2 3 3
1 6 1 5 2 0 10
0 5 4 4 3 0 7
7 10 2 3 2 4 3
2 3 0 4 1 1 9
7 11 0 4 1 4 3
0 3 1 5 2 0 7
0 8 9 3 6 0 7
2 4 0 4 1 1 9
