1 0 3 0 4 0 9 0
6 2 1 2 0 10 1 0
1 0 3 0 3 0 13 0
1 0 4 0 6 0 12 0
4 2 1 2 1 6 2 0
2 1 2 0 0 1 2 0
1 0 2 0 3 0 13 0
3 1 0 1 0 2 0 1
6 1 0 2 0 9 0 1
1 0 4 0 3 0 17 0
2 1 2 0 2 1 10 0
2 2 1 0 2 2 6 0
2 2 1 0 1 2 4 0
5 2 1 4 0 7 1 0
2 2 1 0 2 2 4 0
5 2 1 2 0 8 1 0
3 2 1 1 2 3 6 0
4 2 2 4 2 7 5 0
3 2 1 2 1 4 3 0
5 1 0 2 0 8 0 1
3 2 2 2 2 4 3 0
6 2 0 3 0 11 0 0
7 2 0 4 0 15 0 0
2 1 0 0 0 1 0 1
4 2 1 3 1 6 2 0
5 2 2 2 1 8 3 0
####
2 0 0 6 0 20 6 0 11 0
3 0 0 6 0 20 6 0 12 0
3 2 0 6 0 20 6 0 13 0
6 0 0 6 0 20 6 0 10 0
6 2 0 6 0 20 6 0 11 0
6 3 0 6 0 20 6 0 12 0
9 0 0 6 0 20 6 0 13 0
9 2 0 6 0 20 6 0 14 0
9 3 0 6 0 20 6 0 15 0
9 6 0 6 0 20 6 0 13 0
10 5 0 4 0 11 9 0 2 0
11 10 0 5 0 14 7 0 7 0
12 5 0 4 0 11 9 0 3 0
12 10 1 4 0 11 14 0 5 1
12 11 1 0 0 0 11 0 0 0
14 5 1 0 0 0 11 0 0 0
14 10 0 5 0 14 7 0 7 0
14 11 1 5 0 14 12 0 6 1
14 12 1 0 0 0 11 0 0 0
23 11 1 0 0 0 11 0 0 0
23 12 1 0 0 0 11 0 0 0
23 14 1 0 0 0 11 0 0 0
18 16 2 0 6 0 9 2 0 0
20 7 2 0 6 0 9 2 0 0
20 16 2 4 6 10 10 0 5 1
20 18 2 0 6 0 9 2 0 0
17 4 3 3 10 7 9 1 3 1
24 17 3 0 10 0 8 2 0 0
24 4 3 0 10 0 8 1 0 0
19 13 4 0 13 0 9 3 0 0
19 15 4 0 13 0 9 4 0 0
15 13 4 0 13 0 9 3 0 0
25 19 4 0 13 0 9 4 0 0
25 13 4 2 13 3 10 3 1 1
25 15 4 0 13 0 9 4 0 0
21 1 5 0 17 0 8 1 0 0
21 8 5 0 17 0 8 6 0 0
8 1 5 0 17 0 8 6 0 0
####
13 22 3 5 2 7 1
3 15 13 9 4 0 12
3 25 13 9 4 0 12
2 18 6 9 2 0 13
0 14 0 11 1 0 9
25 1 0 7 1 8 3
17 25 0 7 1 7 5
25 8 0 7 1 8 3
16 17 0 7 1 3 6
6 10 0 11 1 0 13
3 20 6 9 2 0 12
4 13 0 7 1 6 2
9 11 0 11 1 0 17
3 16 6 9 2 0 12
20 4 0 7 1 4 3
20 13 3 8 2 4 3
17 19 0 7 1 7 5
9 14 0 11 1 0 17
18 24 0 7 1 4 3
24 15 0 7 1 6 2
12 18 0 10 1 2 4
10 24 4 9 2 1 10
0 5 0 11 1 0 9
5 21 11 9 4 1 2
6 12 0 11 1 0 13
14 20 0 10 1 2 4
0 1 17 8 5 0 9
11 17 4 9 2 2 6
1 22 0 4 1 10 1
10 16 0 10 1 1 10
15 21 0 7 1 8 1
2 11 0 11 1 0 13
5 7 0 10 1 1 2
9 23 0 11 1 0 17
2 4 10 8 3 0 13
9 12 0 11 1 0 17
