1 0 4 0 3 0 23 0
1 0 3 0 5 0 16 0
1 0 3 0 2 0 6 0
2 1 0 0 0 1 0 1
2 1 0 0 0 1 0 1
9 2 1 2 2 10 11 0
1 0 2 0 2 0 8 0
1 0 4 0 2 0 8 0
1 0 3 0 4 0 21 0
2 1 2 0 2 1 20 0
9 2 0 2 0 11 0 0
6 2 1 2 2 6 16 0
13 2 0 2 0 16 0 0
10 1 2 2 3 11 10 0
2 1 1 0 1 1 3 0
7 2 2 2 2 8 15 0
11 2 2 1 3 13 6 0
3 2 1 1 1 3 2 0
8 1 0 2 0 9 0 1
11 2 1 1 1 13 2 0
12 2 1 2 1 15 2 0
3 2 1 1 1 3 19 0
8 2 2 2 1 9 13 0
13 2 1 4 0 19 1 0
12 2 2 2 0 14 2 0
4 2 1 2 1 4 18 0
12 2 1 2 0 15 1 0
5 2 1 2 1 5 17 0
14 1 0 2 0 20 0 1
13 1 0 2 0 16 0 1
13 2 0 2 0 16 0 0
####
1 0 0 13 0 24 7 0 20 0
2 0 0 13 0 24 7 0 15 0
2 1 0 13 0 24 7 0 9 0
6 0 0 13 0 24 7 0 16 0
6 1 0 13 0 24 7 0 10 0
6 2 0 13 0 24 7 0 5 0
7 0 0 13 0 24 7 0 15 0
7 1 0 13 0 24 7 0 9 0
7 2 0 13 0 24 7 0 4 0
7 6 0 13 0 24 7 0 5 0
8 0 0 13 0 24 7 0 25 0
8 1 0 13 0 24 7 0 19 0
8 2 0 13 0 24 7 0 14 0
8 6 0 13 0 24 7 0 15 0
8 7 0 13 0 24 7 0 14 0
14 4 1 0 0 0 10 0 0 0
14 9 0 12 0 20 5 0 13 0
21 17 2 11 4 18 9 1 11 1
22 18 7 0 10 0 8 10 0 0
10 5 8 0 12 0 8 12 0 0
19 16 10 0 15 0 8 16 0 0
24 20 11 0 17 0 9 18 0 0
26 20 11 0 17 0 9 18 0 0
26 24 11 0 17 0 9 18 0 0
23 12 12 0 20 0 10 22 0 0
29 23 12 0 20 0 10 22 0 0
29 12 12 0 20 0 10 20 0 0
30 23 12 0 20 0 10 22 0 0
30 12 12 0 20 0 10 20 0 0
30 29 12 0 20 0 10 20 0 0
####
24 30 0 7 1 14 2
14 17 0 6 1 1 3
7 12 20 10 12 0 8
0 14 0 10 1 0 23
19 26 0 5 1 13 2
24 12 0 7 1 14 2
5 13 0 3 1 10 11
1 15 9 7 6 0 16
8 9 0 10 1 0 21
25 27 0 2 1 4 18
27 11 0 2 1 5 17
16 24 0 5 1 13 6
2 26 17 9 11 0 6
7 20 17 9 11 0 8
8 24 17 9 11 0 21
0 21 4 8 2 0 23
9 21 0 6 1 1 20
26 29 0 7 1 15 1
6 10 12 8 8 0 8
13 16 0 3 1 11 10
7 19 15 8 10 0 8
1 5 12 8 8 0 16
0 11 8 7 5 0 23
15 18 0 3 1 8 15
0 4 0 10 1 0 23
17 23 14 6 10 3 2
22 10 0 4 1 9 13
8 25 6 7 3 0 21
15 22 0 3 1 8 15
2 3 0 10 1 0 6
13 19 0 3 1 11 10
2 17 4 8 2 0 6
21 25 0 3 1 3 19
20 23 0 7 1 15 2
9 27 3 5 3 1 20
1 22 10 8 7 0 16
23 28 0 5 1 19 1
22 5 0 4 1 9 13
7 30 20 10 12 0 8
16 20 0 5 1 13 6
11 15 0 2 1 6 16
6 16 15 8 10 0 8
