1 0 4 0 2 0 6 0
1 0 3 0 2 0 8 0
1 0 2 0 2 0 7 0
1 0 3 0 3 0 11 0
1 0 3 0 5 0 15 0
4 2 0 2 0 5 0 0
1 0 2 0 3 0 11 0
4 2 1 2 1 5 4 0
1 0 3 0 2 0 6 0
7 2 1 2 0 14 1 0
2 1 1 0 1 1 2 0
2 1 3 0 4 1 14 0
5 2 1 2 0 7 1 0
2 1 0 0 0 1 0 1
2 1 2 0 2 1 8 0
3 2 2 1 1 2 6 0
4 1 0 2 0 4 0 1
5 2 1 3 1 10 3 0
3 2 1 1 0 3 1 0
3 2 1 1 2 3 4 0
4 2 2 2 1 5 3 0
2 1 0 0 0 1 0 1
3 2 1 1 0 3 1 0
2 1 0 0 0 1 0 1
6 2 0 2 0 8 0 0
3 2 1 1 0 3 1 0
4 2 1 2 1 4 4 0
4 1 0 2 0 3 0 1
5 2 0 4 0 9 0 0
3 2 1 1 1 3 5 0
6 2 1 2 1 12 2 0
8 1 0 2 0 15 0 1
####
1 0 0 7 0 24 8 0 6 0
2 0 0 4 0 18 10 0 5 0
3 0 0 7 0 24 8 0 6 0
3 1 0 7 0 24 8 0 10 0
3 2 0 5 0 21 9 0 5 0
4 0 0 7 0 24 8 0 7 0
4 1 0 7 0 24 8 0 11 0
4 2 0 5 0 21 9 0 7 0
4 3 0 7 0 24 8 0 11 0
6 0 0 7 0 24 8 0 7 0
6 1 0 7 0 24 8 0 11 0
6 2 0 5 0 21 9 0 4 0
6 3 0 7 0 24 8 0 11 0
6 4 0 7 0 24 8 0 12 0
8 0 0 7 0 24 8 0 3 0
8 1 0 7 0 24 8 0 7 0
8 3 0 7 0 24 8 0 7 0
8 4 0 7 0 24 8 0 8 0
8 6 0 7 0 24 8 0 8 0
11 10 0 3 0 12 9 0 3 0
14 11 0 6 0 18 7 0 10 0
19 15 2 0 6 0 13 2 0 0
19 18 2 2 6 6 16 1 1 1
22 15 2 0 6 0 13 2 0 0
22 19 2 0 6 0 13 2 0 0
29 15 0 5 0 12 7 0 8 0
29 25 2 0 6 0 13 2 0 0
20 5 3 0 12 0 13 4 0 0
20 7 3 0 12 0 13 1 0 0
16 7 3 0 12 0 13 4 0 0
26 20 3 0 12 0 13 4 0 0
26 5 3 0 12 0 13 1 0 0
26 7 3 4 12 6 14 0 6 1
27 20 3 0 12 0 13 4 0 0
27 5 3 0 12 0 13 4 0 0
27 26 3 0 12 0 13 4 0 0
7 5 3 0 12 0 13 1 0 0
28 12 4 0 18 0 10 6 0 0
28 17 4 0 18 0 10 3 0 0
17 12 4 0 18 0 10 3 0 0
30 24 5 0 21 0 9 5 0 0
####
15 27 0 12 1 2 6
25 16 0 12 1 3 1
8 13 0 13 1 0 6
1 26 12 13 3 0 8
3 21 0 13 1 0 11
11 19 0 12 1 1 14
15 26 0 12 1 2 6
6 14 0 13 1 0 11
20 12 0 9 1 5 3
2 19 6 13 2 0 7
30 9 0 3 1 12 2
3 20 12 13 3 0 11
11 22 0 12 1 1 14
10 18 0 12 1 1 2
12 24 0 5 1 7 1
26 17 0 9 1 4 4
4 24 21 9 5 0 15
1 7 12 13 3 0 8
8 25 6 13 2 0 6
29 7 0 12 1 3 5
0 18 6 13 2 0 6
2 10 0 13 1 0 7
8 30 21 9 5 0 6
0 5 12 13 3 0 6
18 28 6 9 2 3 1
9 31 0 2 1 14 1
6 12 18 10 4 0 11
19 20 0 12 1 3 4
14 29 0 12 1 1 8
4 11 0 13 1 0 15
0 23 0 13 1 0 6
1 22 6 13 2 0 8
14 25 0 12 1 1 8
4 15 6 13 2 0 15
17 30 0 5 1 10 3
22 5 0 12 1 3 1
20 28 0 9 1 5 3
3 29 6 13 2 0 11
0 9 23 8 6 0 6
11 15 0 12 1 1 14
7 17 0 9 1 5 4
