1 0 3 0 3 0 15 0
1 0 2 0 3 0 8 0
2 1 3 0 2 1 6 0
1 0 2 0 1 0 5 0
1 0 3 0 4 0 10 0
10 2 1 3 1 17 2 0
1 0 3 0 4 0 21 0
7 2 1 3 0 14 1 0
1 0 4 0 7 0 21 0
4 2 1 2 2 4 14 0
2 1 2 0 2 1 18 0
7 2 1 2 1 12 5 0
7 2 1 2 2 12 4 0
4 2 1 2 2 5 14 0
4 2 1 2 0 5 1 0
2 1 2 0 1 1 17 0
8 2 2 2 1 13 3 0
3 2 0 2 0 4 0 0
8 2 1 2 1 13 4 0
9 1 0 2 0 14 0 1
5 2 2 4 3 9 13 0
9 2 1 2 1 14 3 0
3 2 1 1 1 3 15 0
8 2 0 4 0 16 0 0
3 1 0 1 0 2 0 1
12 2 0 2 0 23 0 0
11 2 1 4 0 22 1 0
3 2 2 1 2 3 16 0
6 2 2 2 2 11 8 0
2 1 0 0 0 1 0 1
6 2 1 2 1 10 5 0
####
1 0 0 11 0 24 7 0 14 0
3 0 0 11 0 24 7 0 14 0
3 1 0 11 0 24 7 0 6 0
4 0 0 11 0 24 7 0 17 0
4 1 0 11 0 24 7 0 9 0
4 3 0 11 0 24 7 0 9 0
6 0 0 11 0 24 7 0 26 0
6 1 0 11 0 24 7 0 18 0
6 3 0 11 0 24 7 0 18 0
6 4 0 11 0 24 7 0 21 0
8 0 0 11 0 24 7 0 26 0
8 1 0 11 0 24 7 0 18 0
8 3 0 11 0 24 7 0 18 0
8 4 0 11 0 24 7 0 21 0
8 6 0 11 0 24 7 0 30 0
10 2 0 10 0 20 5 0 14 0
15 2 0 10 0 20 5 0 14 0
15 10 0 10 0 20 5 0 24 0
29 2 1 0 0 0 10 0 0 0
22 17 2 0 4 0 10 2 0 0
24 22 2 0 4 0 10 1 0 0
27 17 2 0 4 0 10 1 0 0
27 22 2 9 4 16 11 1 22 1
27 24 2 0 4 0 10 2 0 0
13 9 3 8 8 13 10 3 20 1
14 13 3 4 8 6 12 3 3 1
14 9 3 4 8 6 12 4 3 1
30 28 5 6 12 10 9 4 8 1
11 7 6 0 14 0 9 6 0 0
12 7 6 0 14 0 9 6 0 0
12 11 6 5 14 7 10 6 6 1
18 16 7 4 17 4 10 8 4 1
23 18 7 0 17 0 9 8 0 0
23 16 7 0 17 0 9 8 0 0
21 19 8 0 20 0 8 10 0 0
####
30 12 0 5 1 10 5
6 9 8 9 3 0 21
3 25 24 7 11 0 5
22 13 0 7 1 3 15
5 26 0 2 1 17 2
12 16 0 6 1 12 4
1 29 0 10 1 0 8
2 5 18 5 8 1 6
26 25 0 2 1 22 1
1 2 0 10 1 0 8
27 14 0 7 1 3 16
6 10 0 10 1 0 21
20 30 0 3 1 9 13
10 27 0 8 1 1 18
21 5 0 3 1 14 3
6 22 4 10 2 0 21
11 18 0 6 1 12 5
8 16 17 9 7 0 21
14 23 6 6 4 5 1
7 23 0 6 1 14 1
8 15 0 10 1 0 21
13 20 0 4 1 5 14
15 22 0 8 1 1 17
4 28 12 8 5 0 10
9 20 0 4 1 4 14
8 11 14 9 6 0 21
4 14 8 9 3 0 10
0 18 17 9 7 0 15
10 24 0 8 1 1 18
16 26 3 4 3 13 3
0 30 12 8 5 0 15
28 7 0 5 1 11 8
18 21 0 5 1 13 4
16 19 0 5 1 13 3
27 9 0 7 1 3 16
2 17 0 8 1 1 6
15 17 0 8 1 1 17
2 7 10 7 5 1 6
3 12 14 9 6 0 5
28 11 0 5 1 11 8
0 13 8 9 3 0 15
20 28 0 3 1 9 13
4 21 20 8 8 0 10
8 27 4 10 2 0 21
