1 0 4 0 6 0 12 0
1 0 2 0 0 0 2 0
1 0 4 0 4 0 11 0
1 0 4 0 4 0 11 0
2 1 0 0 0 1 0 1
1 0 3 0 4 0 10 0
2 1 2 0 4 1 9 0
5 2 1 2 1 5 2 0
6 2 1 2 0 6 1 0
5 2 1 2 0 7 1 0
3 2 2 1 2 3 5 0
2 1 2 0 2 1 9 0
7 1 0 2 0 7 0 1
4 2 1 2 1 4 3 0
7 1 0 2 0 9 0 1
3 2 1 1 1 3 3 0
3 2 1 1 1 3 4 0
3 2 2 1 0 2 2 0
4 1 0 2 0 3 0 1
4 2 1 2 1 4 2 0
4 2 1 2 1 5 2 0
5 2 1 2 1 6 2 0
4 2 1 2 1 4 3 0
6 2 0 2 0 9 0 0
4 2 0 2 0 4 0 0
6 2 1 4 0 8 1 0
####
1 0 0 5 0 16 8 0 1 0
2 0 0 5 0 16 8 0 5 0
2 1 0 5 0 16 8 0 4 0
3 0 0 6 0 19 7 0 8 0
3 1 0 5 0 16 8 0 2 0
3 2 0 6 0 19 7 0 9 0
5 0 0 6 0 19 7 0 11 0
5 1 0 5 0 16 8 0 3 0
5 2 0 5 0 16 8 0 7 0
5 3 0 6 0 19 7 0 7 0
15 10 2 0 3 0 9 0 0 0
16 15 2 0 3 0 9 2 0 0
17 10 2 0 3 0 9 2 0 0
18 13 3 0 7 0 11 4 0 0
19 13 3 3 7 6 13 4 3 1
19 18 3 0 7 0 11 4 0 0
20 13 3 0 7 0 11 2 0 0
20 19 3 0 7 0 11 2 0 0
22 20 3 0 7 0 11 1 0 0
24 13 3 0 7 0 11 4 0 0
24 18 3 0 7 0 11 4 0 0
24 19 3 0 7 0 11 4 0 0
24 20 3 0 7 0 11 2 0 0
24 22 3 0 7 0 11 2 0 0
9 7 4 0 13 0 8 6 0 0
21 9 4 0 13 0 8 3 0 0
21 7 4 0 13 0 8 2 0 0
23 8 5 0 16 0 8 8 0 0
25 8 5 0 16 0 8 4 0 0
25 23 5 0 16 0 8 6 0 0
14 12 6 0 19 0 7 6 0 0
####
11 16 0 7 1 1 9
15 20 0 10 1 3 3
5 13 7 11 3 0 10
3 21 13 8 4 0 11
2 22 7 11 3 0 11
6 17 0 7 1 1 9
13 21 0 9 1 4 3
6 10 0 7 1 1 9
3 20 7 11 3 0 11
0 17 3 9 2 0 12
16 22 0 10 1 3 4
17 24 0 10 1 2 2
19 25 3 9 2 4 2
22 7 0 9 1 4 3
20 9 0 9 1 5 2
3 16 3 9 2 0 11
1 23 16 8 5 0 2
10 13 0 10 1 3 5
10 19 0 10 1 3 5
1 4 0 8 1 0 2
5 15 3 9 2 0 10
25 14 0 5 1 8 1
2 24 7 11 3 0 11
17 18 0 10 1 2 2
21 25 0 6 1 6 2
2 7 13 8 4 0 11
5 10 3 9 2 0 10
8 12 0 5 1 6 1
0 19 7 11 3 0 12
2 11 0 8 1 0 11
9 23 0 6 1 7 1
3 8 16 8 5 0 11
0 6 0 8 1 0 12
0 9 13 8 4 0 12
11 15 0 7 1 1 9
7 8 0 6 1 5 2
