1 0 3 0 4 0 16 0
1 0 3 0 4 0 18 0
1 0 4 0 3 0 8 0
1 0 2 0 0 0 2 0
1 0 2 0 2 0 5 0
1 0 1 0 1 0 2 0
4 2 1 2 1 5 4 0
1 0 3 0 3 0 13 0
4 1 2 2 0 4 2 0
5 2 1 2 1 6 2 0
5 2 0 1 0 6 0 0
2 1 0 0 0 1 0 1
5 2 0 1 0 5 0 0
2 1 2 0 3 1 11 0
2 1 2 0 3 1 12 0
6 2 1 2 1 9 2 0
7 1 0 2 0 9 0 1
4 2 1 2 1 5 2 0
3 2 2 1 1 3 5 0
7 2 1 2 0 11 1 0
3 2 1 1 1 3 5 0
8 1 0 2 0 12 0 1
4 2 0 2 0 4 0 0
6 2 1 2 0 8 1 0
3 2 2 1 3 3 6 0
2 1 0 0 0 1 0 1
5 2 1 2 0 7 1 0
6 1 0 2 0 8 0 1
5 2 1 3 1 8 3 0
4 2 1 2 1 4 3 0
####
1 0 0 7 0 22 8 0 9 0
2 0 0 7 0 22 8 0 9 0
2 1 0 7 0 22 8 0 8 0
4 0 0 7 0 22 8 0 6 0
4 1 0 7 0 22 8 0 5 0
4 2 0 7 0 22 8 0 5 0
5 0 0 5 0 17 10 0 4 0
5 1 0 5 0 17 10 0 5 0
5 4 0 5 0 17 10 0 3 0
7 0 0 7 0 22 8 0 11 0
7 1 0 7 0 22 8 0 10 0
7 2 0 7 0 22 8 0 10 0
7 4 0 7 0 22 8 0 7 0
14 13 0 6 0 18 5 0 8 0
25 11 1 0 0 0 11 0 0 0
20 18 2 0 4 0 10 2 0 0
24 18 2 0 4 0 10 1 0 0
24 20 2 0 4 0 10 0 0 0
22 6 3 0 7 0 12 4 0 0
22 8 3 0 7 0 12 3 0 0
22 17 3 0 7 0 12 3 0 0
8 6 3 0 7 0 12 2 0 0
17 6 3 0 7 0 12 2 0 0
17 8 3 0 7 0 12 2 0 0
29 6 3 0 7 0 12 4 0 0
29 22 3 0 7 0 12 2 0 0
29 8 3 0 7 0 12 3 0 0
29 17 3 0 7 0 12 3 0 0
10 9 4 0 12 0 12 2 0 0
12 10 4 0 12 0 12 4 0 0
12 9 4 0 12 0 12 2 0 0
26 10 4 0 12 0 12 4 0 0
26 12 4 0 12 0 12 4 0 0
26 9 4 0 12 0 12 2 0 0
28 10 4 0 12 0 12 4 0 0
28 12 4 0 12 0 12 4 0 0
28 26 4 0 12 0 12 4 0 0
28 9 4 0 12 0 12 2 0 0
27 15 5 0 17 0 10 6 0 0
27 23 5 0 17 0 10 4 0 0
23 15 5 0 17 0 10 4 0 0
19 16 6 0 20 0 9 6 0 0
####
18 22 0 8 1 3 5
3 25 0 11 1 0 2
24 8 0 8 1 3 6
0 20 4 10 2 0 16
24 17 0 8 1 3 6
6 28 0 10 1 5 4
29 9 0 10 1 4 3
3 11 0 11 1 0 2
5 26 12 12 4 0 2
15 19 0 5 1 9 2
7 29 7 12 3 0 13
0 9 12 12 4 0 16
4 19 20 9 6 0 5
14 18 0 7 1 1 12
0 24 4 10 2 0 16
8 10 0 10 1 4 2
2 23 17 10 5 0 8
19 21 0 3 1 11 1
7 14 0 11 1 0 13
2 6 7 12 3 0 8
23 16 0 5 1 8 1
13 24 0 7 1 1 11
1 13 0 11 1 0 18
2 10 12 12 4 0 8
13 28 8 9 3 1 11
17 26 0 10 1 5 2
14 20 0 7 1 1 12
7 22 7 12 3 0 13
26 27 0 8 1 7 1
1 12 12 12 4 0 18
8 12 0 10 1 4 2
4 17 7 12 3 0 5
9 23 0 8 1 6 2
1 18 4 10 2 0 18
28 15 0 8 1 8 3
18 29 0 8 1 3 5
20 6 0 8 1 3 5
2 15 17 10 5 0 8
