1 0 3 0 4 0 12 0
6 1 1 2 0 10 1 0
1 0 4 0 6 0 20 0
1 0 1 0 1 0 3 0
1 0 3 0 4 0 18 0
1 0 4 0 3 0 12 0
2 1 0 0 0 1 0 1
1 0 4 0 4 0 13 0
2 1 0 0 0 1 0 1
2 1 2 0 2 1 9 0
3 2 0 1 0 3 0 0
2 1 3 0 3 1 16 0
3 2 1 1 2 3 4 0
3 2 1 1 1 3 7 0
4 2 1 2 2 5 6 0
4 2 1 2 1 5 2 0
4 2 1 2 1 5 3 0
4 2 2 2 1 5 3 0
5 2 2 2 2 7 5 0
8 1 0 2 0 11 0 1
6 2 1 2 0 8 1 0
6 2 1 2 1 9 2 0
6 1 0 2 0 7 0 1
3 2 1 1 1 2 3 0
7 1 0 2 0 9 0 1
5 2 1 4 1 9 2 0
5 2 1 2 0 6 1 0
3 2 2 1 2 3 7 0
5 1 0 2 0 6 0 1
5 2 1 2 0 7 1 0
7 2 0 3 0 15 0 0
7 2 1 2 0 10 1 0
####
2 0 0 6 0 22 9 0 14 0
3 2 0 7 0 25 7 0 5 0
4 0 0 6 0 22 9 0 13 0
4 2 0 7 0 25 7 0 9 0
4 3 0 7 0 25 7 0 8 0
5 0 0 6 0 22 9 0 9 0
5 2 0 7 0 25 7 0 7 0
5 3 0 7 0 25 7 0 6 0
5 4 0 7 0 25 7 0 10 0
7 0 0 6 0 22 9 0 7 0
7 2 0 7 0 25 7 0 8 0
7 3 0 7 0 25 7 0 7 0
7 4 0 7 0 25 7 0 11 0
7 5 0 7 0 25 7 0 9 0
11 9 0 5 0 18 7 0 10 0
12 10 2 0 4 0 11 1 0 0
13 10 2 0 4 0 11 1 0 0
13 12 2 0 4 0 11 2 0 0
23 10 2 0 4 0 11 1 0 0
23 12 2 4 4 13 14 2 4 1
23 13 2 0 4 0 11 2 0 0
27 10 2 0 4 0 11 2 0 0
27 12 2 4 4 13 14 1 5 1
27 23 0 4 0 13 8 0 5 0
17 14 3 0 9 0 10 4 0 0
17 15 3 0 9 0 10 1 0 0
17 16 3 3 9 9 13 1 3 1
15 14 3 0 9 0 10 1 0 0
16 14 3 0 9 0 10 0 0 0
16 15 3 0 9 0 10 2 0 0
25 18 4 0 13 0 11 3 0 0
26 18 4 0 13 0 11 3 0 0
26 25 4 0 13 0 11 4 0 0
28 18 4 0 13 0 11 2 0 0
28 25 4 0 13 0 11 3 0 0
28 26 4 0 13 0 11 3 0 0
29 18 4 0 13 0 11 2 0 0
29 25 4 2 13 4 14 3 1 1
29 26 4 0 13 0 11 3 0 0
29 28 4 0 13 0 11 2 0 0
20 1 5 0 18 0 10 5 0 0
21 20 5 0 18 0 10 2 0 0
21 1 5 0 18 0 10 5 0 0
22 20 5 0 18 0 10 5 0 0
22 21 5 0 18 0 10 5 0 0
22 1 5 0 18 0 10 6 0 0
30 24 6 0 22 0 9 10 0 0
31 24 6 0 22 0 9 4 0 0
31 30 6 0 22 0 9 10 0 0
####
0 27 4 11 2 0 12
5 31 22 9 6 0 12
2 18 13 11 4 0 20
17 29 0 9 1 5 3
31 19 0 4 1 10 1
27 15 0 9 1 3 7
3 21 18 10 5 0 3
11 23 0 9 1 1 16
25 1 0 9 1 9 2
2 12 4 11 2 0 20
7 29 13 11 4 0 13
15 26 0 9 1 5 2
5 8 0 10 1 0 12
7 20 18 10 5 0 13
2 26 13 11 4 0 20
7 15 9 10 3 0 13
2 9 0 10 1 0 20
17 28 0 9 1 5 3
14 18 0 9 1 5 6
27 16 0 9 1 3 7
0 17 9 10 3 0 12
4 23 4 11 2 0 18
21 31 0 7 1 9 2
12 17 0 9 1 3 4
16 25 0 9 1 5 3
18 20 0 9 1 7 5
23 25 4 10 2 2 3
11 13 0 9 1 1 16
4 10 4 11 2 0 18
29 30 4 8 2 7 1
9 10 0 9 1 1 9
18 21 0 9 1 7 5
11 12 0 9 1 1 16
4 11 0 10 1 0 18
9 27 0 9 1 1 9
5 16 9 10 3 0 12
20 24 0 7 1 8 1
13 14 0 9 1 3 7
7 13 4 11 2 0 13
26 22 0 9 1 6 1
5 14 9 10 3 0 12
0 6 0 10 1 0 12
1 30 0 7 1 10 1
