1 0 4 0 2 0 14 0
1 0 3 0 4 0 16 0
1 0 3 0 2 0 13 0
1 0 4 0 5 0 17 0
1 0 3 0 2 0 5 0
4 2 1 2 1 5 9 0
2 1 2 0 3 1 16 0
5 1 1 2 1 6 8 0
10 2 1 2 1 15 3 0
4 2 1 2 1 5 2 0
3 2 1 1 1 3 9 0
4 2 1 2 1 5 8 0
11 2 1 2 1 16 2 0
7 2 1 2 1 11 6 0
2 1 0 0 0 1 0 1
3 2 2 1 2 3 13 0
13 1 0 2 0 18 0 1
5 2 1 2 0 7 1 0
2 1 0 0 0 1 0 1
8 2 1 2 1 12 5 0
2 1 0 0 0 1 0 1
9 2 1 2 1 13 4 0
6 2 1 3 1 10 7 0
6 2 0 2 0 9 0 0
12 2 1 2 0 17 1 0
####
1 0 0 12 0 19 6 0 20 0
2 0 0 12 0 19 6 0 17 0
2 1 0 12 0 19 6 0 21 0
3 0 0 12 0 19 6 0 21 0
3 1 0 12 0 19 6 0 25 0
3 2 0 12 0 19 6 0 22 0
4 0 0 12 0 19 6 0 11 0
4 1 0 12 0 19 6 0 15 0
4 2 0 12 0 19 6 0 12 0
4 3 0 12 0 19 6 0 16 0
20 18 1 0 0 0 9 0 0 0
15 10 2 10 4 13 8 0 17 1
11 5 3 9 6 10 9 2 15 1
11 9 3 0 6 0 8 0 0 0
9 5 3 0 6 0 8 2 0 0
17 7 4 0 9 0 7 4 0 0
23 22 5 0 11 0 7 3 0 0
####
1 21 15 6 8 0 16
10 11 0 5 1 3 9
22 13 0 3 1 10 7
4 8 16 6 9 0 5
0 20 0 9 1 0 14
1 15 4 7 2 0 16
4 12 17 6 10 0 5
2 5 6 8 3 0 13
15 5 0 5 1 3 13
3 24 18 6 11 0 17
6 10 0 6 1 1 16
21 8 0 2 1 13 4
12 24 0 2 1 16 2
11 22 2 5 2 5 8
4 23 11 7 5 0 5
0 11 6 8 3 0 14
9 17 0 5 1 5 2
3 6 0 9 1 0 17
17 23 0 4 1 7 1
1 10 4 7 2 0 16
6 15 0 6 1 1 16
19 21 0 2 1 12 5
3 13 13 6 6 0 17
0 18 0 9 1 0 14
3 19 14 6 7 0 17
13 19 0 2 1 11 6
7 22 0 4 1 6 8
2 14 0 9 1 0 13
2 17 9 7 4 0 13
8 12 0 2 1 15 3
5 7 0 5 1 5 9
24 16 0 2 1 17 1
15 9 0 5 1 3 13
0 9 6 8 3 0 14
