1 0 3 0 5 0 14 0
1 0 2 0 1 0 4 0
3 1 1 2 1 3 2 0
1 0 3 0 2 0 6 0
6 2 1 2 1 10 2 0
1 0 1 0 1 0 5 0
1 0 2 0 3 0 14 0
1 0 4 0 4 0 16 0
1 0 2 0 2 0 10 0
2 2 2 0 2 2 9 0
3 2 1 2 1 4 5 0
2 2 2 0 3 2 7 0
3 1 2 2 2 3 4 0
7 2 1 3 0 12 1 0
2 2 1 0 2 2 4 0
4 2 1 2 1 6 4 0
3 2 2 2 1 4 3 0
3 2 1 2 1 4 2 0
4 2 1 3 0 8 1 0
4 2 1 3 0 9 1 0
2 1 0 0 0 1 0 1
8 1 0 2 0 13 0 1
2 2 1 0 1 2 3 0
5 1 0 2 0 9 0 1
2 1 0 0 0 1 0 1
5 2 0 2 0 10 0 0
4 2 0 2 0 6 0 0
5 2 1 4 1 9 3 0
####
1 0 0 4 0 15 10 0 5 0
3 0 0 7 0 20 8 0 11 0
5 0 0 4 0 15 10 0 5 0
5 3 0 3 0 11 11 0 2 0
6 0 0 7 0 20 8 0 13 0
6 1 0 4 0 15 10 0 5 0
6 3 0 7 0 20 8 0 10 0
6 5 0 4 0 15 10 0 6 0
7 0 0 7 0 20 8 0 12 0
7 1 0 4 0 15 10 0 5 0
7 3 0 7 0 20 8 0 9 0
7 5 0 4 0 15 10 0 8 0
7 6 0 7 0 20 8 0 11 0
8 0 0 7 0 20 8 0 13 0
8 1 0 4 0 15 10 0 5 0
8 3 0 7 0 20 8 0 10 0
8 6 0 7 0 20 8 0 12 0
8 7 0 7 0 20 8 0 11 0
11 9 0 6 0 14 7 0 9 0
14 11 1 0 0 0 13 0 0 0
20 11 1 0 0 0 13 0 0 0
20 14 1 0 0 0 13 0 0 0
22 9 1 0 0 0 13 0 0 0
22 11 1 0 0 0 13 0 0 0
22 14 1 3 0 9 16 0 4 1
22 20 1 0 0 0 13 0 0 0
10 2 2 0 6 0 12 2 0 0
12 10 2 5 6 9 13 1 5 1
12 2 2 0 6 0 12 2 0 0
16 10 2 0 6 0 12 0 0 0
16 12 2 0 6 0 12 1 0 0
16 2 2 2 6 4 15 2 2 1
17 10 2 0 6 0 12 2 0 0
17 12 0 2 0 4 8 0 2 0
17 2 2 0 6 0 12 2 0 0
19 15 3 0 11 0 11 3 0 0
19 18 3 0 11 0 11 3 0 0
18 15 3 0 11 0 11 2 0 0
26 15 3 0 11 0 11 2 0 0
26 19 3 0 11 0 11 3 0 0
26 18 3 0 11 0 11 2 0 0
25 23 4 0 15 0 10 5 0 0
27 23 4 0 15 0 10 5 0 0
27 25 4 0 15 0 10 6 0 0
####
15 27 0 7 1 6 4
6 9 0 13 1 0 14
3 15 11 11 3 0 6
2 18 0 9 1 3 2
1 17 6 12 2 0 4
10 15 0 9 1 4 5
8 9 0 13 1 0 10
0 16 6 12 2 0 14
0 10 6 12 2 0 14
7 11 0 13 1 0 16
13 21 0 2 1 12 1
7 20 0 13 1 0 16
18 23 0 7 1 8 1
22 2 0 11 1 2 3
12 13 8 6 4 3 4
4 13 0 2 1 10 2
0 11 0 13 1 0 14
19 25 0 7 1 9 1
9 17 0 11 1 2 9
11 27 9 9 3 2 7
6 22 0 13 1 0 14
16 18 0 9 1 4 3
8 25 15 10 4 0 10
7 14 0 13 1 0 16
17 19 0 9 1 4 2
1 24 0 13 1 0 4
9 10 0 11 1 2 9
27 4 0 4 1 9 3
16 26 0 9 1 4 3
7 22 0 13 1 0 16
3 26 11 11 3 0 6
11 12 0 11 1 2 7
14 16 0 11 1 2 4
12 19 0 9 1 3 4
5 14 0 13 1 0 5
3 4 18 8 5 0 6
