1 0 3 0 5 0 13 0
1 0 3 0 1 0 7 0
1 0 4 0 5 0 11 0
1 0 2 0 3 0 6 0
1 0 1 0 1 0 2 0
1 0 2 0 3 0 10 0
4 2 0 2 0 6 0 0
2 1 3 0 3 1 10 0
5 2 1 2 0 6 1 0
3 2 2 1 2 3 4 0
2 2 2 0 1 2 3 0
3 1 0 2 0 3 0 1
2 2 1 0 2 2 5 0
3 2 2 2 1 4 4 0
3 2 1 1 1 2 3 0
6 1 0 2 0 10 0 1
4 2 0 2 0 5 0 0
5 1 0 2 0 6 0 1
4 2 1 2 1 5 2 0
4 2 1 2 1 4 2 0
3 2 1 2 0 4 1 0
3 1 0 1 0 2 0 1
6 1 0 2 0 7 0 1
5 2 1 3 0 9 1 0
4 2 1 2 0 5 1 0
####
1 0 0 5 0 17 8 0 7 0
2 0 0 5 0 17 8 0 6 0
2 1 0 5 0 17 8 0 8 0
3 0 0 5 0 17 8 0 5 0
3 1 0 3 0 9 11 0 2 0
3 2 0 5 0 17 8 0 3 0
4 0 0 4 0 14 9 0 4 0
4 2 0 4 0 14 9 0 3 0
5 0 0 5 0 17 8 0 7 0
5 1 0 5 0 17 8 0 8 0
5 2 0 5 0 17 8 0 8 0
5 3 0 3 0 9 11 0 4 0
12 7 0 4 0 14 5 0 5 0
12 10 1 0 0 0 9 0 0 0
13 9 2 3 3 8 14 0 3 1
13 11 2 0 3 0 12 2 0 0
14 9 2 0 3 0 12 2 0 0
20 9 2 0 3 0 12 1 0 0
20 11 2 0 3 0 12 2 0 0
20 13 2 0 3 0 12 2 0 0
20 14 2 0 3 0 12 1 0 0
21 9 2 0 3 0 12 2 0 0
21 14 2 0 3 0 12 2 0 0
21 20 2 0 3 0 12 1 0 0
16 6 3 0 9 0 11 2 0 0
18 16 3 0 9 0 11 4 0 0
18 6 3 0 9 0 11 2 0 0
19 16 3 0 9 0 11 1 0 0
19 18 3 0 9 0 11 1 0 0
19 6 3 0 9 0 11 3 0 0
24 16 3 0 9 0 11 2 0 0
24 18 3 0 9 0 11 2 0 0
24 19 3 0 9 0 11 4 0 0
24 6 3 0 9 0 11 3 0 0
23 8 4 0 14 0 9 5 0 0
23 17 4 0 14 0 9 5 0 0
17 8 4 0 14 0 9 6 0 0
22 15 5 0 17 0 8 7 0 0
####
19 8 0 8 1 4 2
7 21 0 9 1 1 10
10 11 0 9 1 2 3
0 20 3 12 2 0 13
24 17 0 8 1 5 1
0 14 3 12 2 0 13
2 18 9 11 3 0 11
0 7 0 9 1 0 13
1 6 9 11 3 0 7
18 23 0 8 1 5 2
2 19 9 11 3 0 11
2 9 3 12 2 0 11
12 13 0 9 1 2 5
1 16 9 11 3 0 7
3 10 0 9 1 0 6
5 12 0 9 1 0 10
13 16 0 11 1 4 4
2 13 3 12 2 0 11
23 15 0 5 1 9 1
4 24 9 11 3 0 2
9 24 0 11 1 3 4
7 14 0 9 1 1 10
14 19 0 11 1 2 3
7 9 0 9 1 1 10
5 10 0 9 1 0 10
1 12 0 9 1 0 7
8 22 0 5 1 6 1
9 23 5 9 2 3 4
3 8 14 9 4 0 6
13 18 0 11 1 4 4
10 20 0 9 1 2 3
20 6 0 11 1 4 1
