1 0 2 0 4 0 15 0
1 0 2 0 1 0 4 0
1 0 4 0 5 0 12 0
1 0 2 0 2 0 5 0
1 0 2 0 2 0 4 0
4 2 1 2 1 4 2 0
1 0 4 0 4 0 15 0
2 1 2 0 2 1 13 0
8 2 1 2 0 10 1 0
2 1 3 0 2 1 5 0
3 1 0 1 0 2 0 1
3 2 1 1 1 3 10 0
4 2 1 2 2 5 9 0
9 1 0 2 0 11 0 1
6 2 1 2 1 8 3 0
6 2 1 2 1 7 3 0
8 2 1 4 0 13 1 0
3 2 1 1 0 3 1 0
3 2 1 1 0 3 1 0
3 2 1 1 1 2 3 0
5 2 2 2 2 6 8 0
7 2 1 2 1 9 2 0
4 2 0 2 0 5 0 0
9 2 0 4 0 16 0 0
7 2 1 2 1 9 2 0
2 1 0 0 0 1 0 1
####
1 0 0 8 0 18 8 0 9 0
2 0 0 8 0 18 8 0 14 0
2 1 0 8 0 18 8 0 9 0
3 0 0 8 0 18 8 0 9 0
3 1 0 8 0 18 8 0 4 0
3 2 0 8 0 18 8 0 9 0
4 0 0 8 0 18 8 0 8 0
4 2 0 8 0 18 8 0 9 0
6 0 0 8 0 18 8 0 16 0
6 1 0 8 0 18 8 0 11 0
6 2 0 8 0 18 8 0 16 0
6 3 0 8 0 18 8 0 11 0
6 4 0 8 0 18 8 0 10 0
9 7 0 7 0 15 5 0 9 0
17 10 2 0 3 0 11 2 0 0
18 10 2 0 3 0 11 2 0 0
18 11 2 6 3 10 13 0 5 1
18 17 2 0 3 0 11 2 0 0
19 11 2 6 3 10 13 2 7 1
19 18 0 6 0 10 7 0 2 0
12 5 3 5 8 7 11 4 5 1
22 12 3 0 8 0 9 2 0 0
22 5 3 0 8 0 9 2 0 0
15 14 5 0 12 0 8 4 0 0
24 21 6 0 14 0 8 6 0 0
16 8 7 0 16 0 8 8 0 0
23 13 8 0 18 0 8 12 0 0
####
8 13 0 4 1 10 1
2 18 3 11 2 0 12
4 8 16 8 7 0 4
6 21 14 8 6 0 15
9 18 0 8 1 1 5
7 11 0 8 1 1 13
3 17 3 11 2 0 5
18 23 10 7 6 3 1
3 24 14 8 6 0 5
12 20 0 4 1 5 9
6 7 0 9 1 0 15
1 25 0 9 1 0 4
0 9 0 9 1 0 15
21 8 0 4 1 9 2
7 19 0 8 1 1 13
1 5 8 9 3 0 4
9 17 0 8 1 1 5
6 22 8 9 3 0 15
2 20 11 7 4 0 12
16 23 0 4 1 13 1
0 12 8 9 3 0 15
9 10 0 8 1 1 5
4 14 12 8 5 0 4
17 22 0 8 1 3 1
11 12 0 8 1 3 10
20 14 0 3 1 6 8
6 19 3 11 2 0 15
15 24 0 4 1 7 3
5 16 5 5 4 4 2
24 16 0 4 1 9 2
2 11 3 11 2 0 12
19 5 0 8 1 2 3
14 21 0 4 1 8 3
2 15 12 8 5 0 12
20 15 0 3 1 6 8
