1 0 4 0 5 0 13 0
1 0 3 0 3 0 8 0
1 0 3 0 4 0 14 0
6 1 1 2 1 9 2 0
1 0 2 0 2 0 11 0
3 2 1 2 1 4 7 0
1 0 2 0 0 0 2 0
2 1 3 0 2 1 6 0
1 0 2 0 3 0 13 0
1 0 3 0 3 0 9 0
2 2 1 0 0 2 1 0
2 2 1 0 1 2 4 0
8 2 0 2 0 16 0 0
2 1 0 0 0 1 0 1
2 1 2 0 1 1 8 0
4 2 1 3 2 7 6 0
3 2 2 1 2 3 3 0
4 2 1 2 1 6 2 0
5 2 2 2 2 8 5 0
2 1 0 0 0 1 0 1
3 2 1 2 1 4 3 0
7 2 1 3 0 15 1 0
4 2 1 2 1 5 2 0
6 2 1 2 0 10 1 0
5 2 1 4 0 6 1 0
6 2 0 3 0 8 0 0
3 1 0 1 0 2 0 1
3 1 0 2 0 3 0 1
2 2 1 0 1 2 8 0
7 2 0 2 0 12 0 0
3 1 0 1 0 2 0 1
####
1 0 0 7 0 23 8 0 7 0
2 0 0 7 0 23 8 0 10 0
2 1 0 7 0 23 8 0 13 0
4 0 0 7 0 23 8 0 10 0
4 1 0 7 0 23 8 0 13 0
4 2 0 7 0 23 8 0 16 0
8 0 0 7 0 23 8 0 8 0
8 1 0 7 0 23 8 0 11 0
8 2 0 7 0 23 8 0 14 0
8 4 0 7 0 23 8 0 14 0
9 0 0 7 0 23 8 0 6 0
9 1 0 7 0 23 8 0 9 0
9 2 0 7 0 23 8 0 12 0
9 4 0 7 0 23 8 0 12 0
9 8 0 7 0 23 8 0 10 0
10 7 1 0 0 0 14 0 0 0
11 10 1 0 0 0 14 0 0 0
14 7 0 4 0 11 10 0 3 0
14 11 1 6 0 16 15 0 7 1
19 13 1 0 0 0 14 0 0 0
28 11 0 6 0 16 8 0 8 0
28 14 0 6 0 16 8 0 9 0
16 5 2 0 7 0 13 1 0 0
20 5 2 5 7 10 14 1 6 1
26 16 2 0 7 0 13 2 0 0
27 16 2 0 7 0 13 2 0 0
27 20 2 0 7 0 13 2 0 0
27 26 2 0 7 0 13 2 0 0
30 16 2 0 7 0 13 2 0 0
30 26 2 0 7 0 13 2 0 0
30 27 2 0 7 0 13 2 0 0
17 15 3 4 13 7 11 3 4 1
22 17 3 0 13 0 10 2 0 0
22 15 3 0 13 0 10 1 0 0
24 18 4 0 16 0 9 3 0 0
25 3 5 0 18 0 10 6 0 0
25 23 5 0 18 0 10 6 0 0
23 3 5 0 18 0 10 6 0 0
29 21 6 0 21 0 9 1 0 0
####
0 7 0 14 1 0 13
3 21 0 5 1 9 2
2 22 13 10 3 0 14
7 16 0 13 1 1 6
0 10 0 14 1 0 13
8 28 0 14 1 0 13
16 24 3 8 2 3 3
20 17 0 9 1 4 3
28 5 0 13 1 2 8
18 23 0 5 1 8 5
0 17 13 10 3 0 13
16 22 0 9 1 3 3
1 5 7 13 2 0 8
9 11 0 14 1 0 9
10 27 0 13 1 2 1
15 18 0 5 1 7 6
21 12 0 3 1 15 1
8 16 7 13 2 0 13
0 29 21 9 6 0 13
4 28 0 14 1 0 11
22 24 0 5 1 5 2
23 29 0 5 1 10 1
9 10 0 14 1 0 9
5 15 0 9 1 4 7
14 15 6 10 2 1 8
4 20 7 13 2 0 11
2 14 0 14 1 0 14
6 19 0 14 1 0 2
18 3 0 5 1 8 5
1 12 23 8 7 0 8
7 26 0 13 1 1 6
14 25 11 10 4 1 8
2 11 0 14 1 0 14
9 23 18 10 5 0 9
24 25 0 5 1 6 1
17 21 5 5 3 6 2
7 30 0 13 1 1 6
1 18 16 9 4 0 8
11 20 0 13 1 2 4
6 13 0 14 1 0 2
