1 0 3 0 1 0 5 0
1 0 3 0 4 0 19 0
1 0 3 0 5 0 11 0
1 0 1 0 1 0 8 0
1 0 2 0 3 0 6 0
1 0 4 0 4 0 15 0
5 2 0 2 0 7 0 0
6 2 1 2 2 6 6 0
2 1 2 0 2 1 18 0
8 1 0 2 0 11 0 1
9 2 1 2 1 11 2 0
5 2 1 2 1 7 4 0
6 2 1 2 2 9 3 0
3 2 1 1 1 3 9 0
3 2 1 1 2 3 7 0
7 2 2 2 1 8 5 0
7 2 2 2 0 10 2 0
10 2 1 2 0 12 1 0
4 2 1 2 1 4 8 0
8 2 0 2 0 11 0 0
4 2 2 2 1 5 6 0
8 2 1 2 1 10 3 0
8 1 0 2 0 9 0 1
11 1 0 2 0 13 0 1
5 2 1 2 1 5 7 0
####
1 0 0 7 0 12 10 0 8 0
2 0 0 7 0 12 10 0 6 0
2 1 0 10 0 18 7 0 12 0
3 0 0 7 0 12 10 0 7 0
3 1 0 7 0 12 10 0 11 0
3 2 0 7 0 12 10 0 9 0
4 1 0 10 0 18 7 0 13 0
4 2 0 10 0 18 7 0 7 0
5 0 0 7 0 12 10 0 5 0
5 1 0 10 0 18 7 0 17 0
5 2 0 10 0 18 7 0 11 0
5 3 0 7 0 12 10 0 8 0
5 4 0 10 0 18 7 0 12 0
14 13 2 0 1 0 8 2 0 0
20 18 3 0 3 0 8 4 0 0
11 6 4 0 5 0 9 6 0 0
24 6 4 0 5 0 9 6 0 0
24 11 4 0 5 0 9 6 0 0
12 7 5 0 8 0 8 8 0 0
16 15 6 0 10 0 8 10 0 0
19 9 7 0 12 0 10 4 0 0
21 9 7 0 12 0 10 12 0 0
21 19 7 0 12 0 10 12 0 0
22 9 7 0 12 0 10 12 0 0
22 19 7 0 12 0 10 12 0 0
22 21 7 0 12 0 10 12 0 0
####
8 13 0 3 1 1 18
10 17 0 2 1 11 2
16 9 0 6 1 10 2
5 13 1 8 2 0 15
12 16 0 4 1 9 3
3 14 1 8 2 0 8
8 14 0 3 1 1 18
7 15 0 4 1 6 6
17 23 0 2 1 12 1
2 16 10 8 6 0 11
15 22 0 6 1 8 5
1 24 5 9 4 0 19
5 11 5 9 4 0 15
18 24 0 5 1 4 8
2 20 3 8 3 0 11
0 12 8 8 5 0 5
14 20 0 4 1 3 7
16 19 0 6 1 10 2
11 12 0 5 1 7 4
5 10 16 7 8 0 15
24 7 0 5 1 5 7
0 19 12 10 7 0 5
15 21 0 6 1 8 5
4 17 17 7 9 0 6
5 7 8 8 5 0 15
20 11 0 5 1 5 6
4 15 10 8 6 0 6
1 18 3 8 3 0 19
2 21 12 10 7 0 11
1 8 0 7 1 0 19
0 6 5 9 4 0 5
13 18 0 4 1 3 9
21 10 0 5 1 10 3
20 6 0 5 1 5 6
