1 0 2 0 2 0 13 0
1 0 4 0 4 0 11 0
1 0 3 0 7 0 21 0
1 0 2 0 2 0 17 0
8 1 1 2 1 11 6 0
1 0 4 0 5 0 14 0
2 1 3 0 3 1 20 0
6 2 1 2 1 8 8 0
3 2 2 1 0 2 2 0
11 2 1 2 1 18 2 0
12 2 1 2 0 19 1 0
3 2 1 1 2 3 16 0
6 2 1 2 1 8 8 0
9 2 1 3 2 16 5 0
3 2 0 1 0 3 0 0
4 2 2 2 3 4 15 0
5 2 2 2 1 6 10 0
7 2 1 2 1 10 7 0
13 1 0 2 0 20 0 1
5 2 1 2 1 6 9 0
6 1 0 2 0 7 0 1
4 1 0 2 0 3 0 1
7 2 1 2 1 10 7 0
10 2 2 2 1 17 4 0
8 2 1 2 1 11 6 0
11 2 0 4 0 19 0 0
####
1 0 0 12 0 20 6 0 19 0
2 0 0 12 0 20 6 0 26 0
2 1 0 12 0 20 6 0 23 0
3 0 0 12 0 20 6 0 25 0
3 1 0 12 0 20 6 0 22 0
3 2 0 12 0 20 6 0 29 0
5 0 0 12 0 20 6 0 22 0
5 1 0 12 0 20 6 0 19 0
5 2 0 12 0 20 6 0 26 0
5 3 0 12 0 20 6 0 25 0
11 8 2 8 1 13 10 2 11 1
14 8 2 0 1 0 8 2 0 0
14 11 2 0 1 0 8 2 0 0
21 15 3 0 4 0 7 4 0 0
19 16 4 8 6 12 8 6 14 1
12 7 5 7 8 9 9 1 12 1
20 7 5 0 8 0 8 8 0 0
20 12 5 0 8 0 8 8 0 0
22 17 6 6 11 7 8 3 10 1
24 4 7 5 13 5 8 5 8 1
25 9 10 0 17 0 7 18 0 0
####
5 9 17 7 10 0 14
2 8 1 8 2 0 21
1 17 11 7 6 0 11
0 7 8 8 5 0 13
3 11 1 8 2 0 17
24 13 0 3 1 11 6
15 19 0 4 1 4 15
16 7 0 5 1 6 10
6 14 0 4 1 1 20
3 10 19 6 11 0 17
5 12 8 8 5 0 14
1 14 1 8 2 0 11
10 18 0 2 1 19 1
4 13 0 3 1 11 6
17 24 0 4 1 10 7
12 17 0 5 1 8 8
23 25 0 3 1 17 4
8 25 13 5 8 2 2
2 6 0 6 1 0 21
1 23 16 6 9 0 11
6 11 0 4 1 1 20
8 21 0 5 1 2 2
5 24 13 7 7 0 14
9 10 0 3 1 18 2
22 4 0 4 1 10 7
7 22 0 5 1 8 8
13 23 0 2 1 16 5
1 22 11 7 6 0 11
6 8 0 4 1 1 20
5 16 6 7 4 0 14
0 19 6 7 4 0 13
23 9 0 3 1 17 4
19 12 0 5 1 6 9
16 20 0 5 1 6 10
2 15 4 7 3 0 21
11 15 0 5 1 3 16
15 16 0 4 1 4 15
