1 0 4 0 4 0 12 0
1 0 4 0 4 0 13 0
7 2 1 2 1 9 2 0
1 0 3 0 4 0 17 0
9 2 1 4 0 21 1 0
1 0 3 0 4 0 10 0
1 0 3 0 4 0 12 0
4 2 1 2 1 5 6 0
2 1 2 0 2 1 14 0
3 2 1 1 1 3 7 0
5 2 1 2 1 6 5 0
4 2 1 2 1 5 4 0
6 2 1 2 1 8 4 0
10 2 0 4 0 22 0 0
5 2 1 2 2 7 5 0
5 2 1 2 1 6 3 0
2 1 2 0 3 1 8 0
3 2 1 1 0 2 1 0
4 2 1 2 1 4 6 0
7 2 1 2 1 9 3 0
6 2 2 2 1 8 4 0
8 2 1 4 1 15 2 0
2 1 0 0 0 1 0 1
7 2 0 4 0 12 0 0
3 2 1 1 1 3 7 0
3 2 2 1 1 3 5 0
####
1 0 0 9 0 20 6 0 20 0
3 0 0 9 0 20 6 0 24 0
3 1 0 9 0 20 6 0 26 0
5 0 0 9 0 20 6 0 17 0
5 1 0 9 0 20 6 0 19 0
5 3 0 9 0 20 6 0 23 0
6 0 0 9 0 20 6 0 18 0
6 1 0 9 0 20 6 0 20 0
6 3 0 9 0 20 6 0 24 0
6 5 0 9 0 20 6 0 17 0
16 8 0 8 0 17 4 0 17 0
24 9 2 7 3 13 10 2 11 1
24 17 0 4 0 8 7 0 3 0
25 9 0 7 0 13 5 0 10 0
25 17 2 0 3 0 9 2 0 0
25 24 0 7 0 13 5 0 9 0
18 7 3 6 7 10 9 4 9 1
18 11 3 6 7 10 9 2 8 1
11 7 3 6 7 10 9 2 7 1
14 10 4 5 10 7 9 3 7 1
15 10 4 5 10 7 9 4 6 1
15 14 4 5 10 7 9 4 5 1
20 12 5 4 13 5 8 3 5 1
19 2 6 3 15 2 9 5 3 1
23 19 6 0 15 0 8 5 0 0
23 2 6 0 15 0 8 8 0 0
####
0 20 13 7 5 0 12
3 11 7 8 3 0 17
8 9 0 7 1 1 14
9 18 0 7 1 3 7
6 17 3 9 2 0 12
2 4 1 4 2 9 2
1 2 15 8 6 0 13
16 17 0 7 1 1 8
8 24 0 7 1 1 14
6 10 10 8 4 0 12
0 24 3 9 2 0 12
10 12 0 5 1 6 5
4 13 0 2 1 21 1
5 25 3 9 2 0 10
17 23 8 7 4 2 1
16 25 0 7 1 1 8
19 21 0 4 1 9 3
0 22 0 8 1 0 12
7 14 0 6 1 5 6
25 11 0 7 1 3 5
0 12 13 7 5 0 12
21 4 0 2 1 15 2
5 15 10 8 4 0 10
1 9 3 9 2 0 13
3 19 15 8 6 0 17
14 20 0 5 1 7 5
18 10 0 6 1 4 6
20 23 0 5 1 8 4
24 7 0 7 1 3 7
20 2 0 5 1 8 4
15 21 5 4 3 6 3
12 19 0 5 1 8 4
3 8 0 8 1 0 17
25 13 13 5 7 3 5
1 18 7 8 3 0 13
5 14 10 8 4 0 10
1 7 7 8 3 0 13
11 15 0 6 1 5 4
6 16 0 8 1 0 12
