1 0 4 0 6 0 16 0
1 0 2 0 3 0 12 0
1 0 3 0 3 0 12 0
1 0 3 0 4 0 11 0
1 0 3 0 1 0 18 0
1 0 2 0 2 0 12 0
2 1 0 0 0 1 0 1
11 2 1 2 0 17 1 0
2 1 3 0 2 1 10 0
3 2 1 1 1 3 7 0
5 2 1 2 1 7 10 0
6 2 1 2 2 8 9 0
2 1 0 0 0 1 0 1
5 2 0 3 0 8 0 0
2 1 1 0 2 1 15 0
3 2 2 1 2 3 14 0
9 2 2 2 2 15 5 0
7 2 2 2 1 10 8 0
4 2 1 2 0 5 1 0
10 2 1 2 0 16 1 0
8 1 0 2 0 11 0 1
4 2 1 2 1 5 11 0
10 2 1 2 1 16 2 0
12 1 0 2 0 18 0 1
3 2 1 1 0 3 1 0
2 1 0 0 0 1 0 1
8 2 1 4 2 14 6 0
11 2 0 4 0 18 0 0
####
1 0 0 11 0 21 7 0 16 0
2 0 0 11 0 21 7 0 18 0
2 1 0 11 0 21 7 0 14 0
3 0 0 11 0 21 7 0 15 0
3 1 0 11 0 21 7 0 11 0
3 2 0 11 0 21 7 0 13 0
4 0 0 11 0 21 7 0 20 0
4 1 0 11 0 21 7 0 16 0
4 2 0 11 0 21 7 0 18 0
4 3 0 11 0 21 7 0 15 0
5 0 0 11 0 21 7 0 17 0
5 1 0 11 0 21 7 0 13 0
5 2 0 11 0 21 7 0 15 0
5 3 0 11 0 21 7 0 12 0
5 4 0 11 0 21 7 0 17 0
12 6 1 0 0 0 11 0 0 0
14 6 1 0 0 0 11 0 0 0
14 8 0 10 0 16 6 0 14 0
14 12 1 0 0 0 11 0 0 0
25 8 1 0 0 0 11 0 0 0
15 9 2 9 5 13 10 0 12 1
24 9 2 8 5 11 11 2 3 1
24 15 0 8 0 11 5 0 7 0
21 18 3 0 8 0 8 2 0 0
13 10 4 0 10 0 8 4 0 0
26 20 7 0 14 0 8 11 0 0
22 19 9 0 17 0 8 16 0 0
27 7 10 0 19 0 8 18 0 0
####
9 26 6 5 5 3 7
10 11 0 3 1 7 10
8 13 5 7 3 1 10
17 20 0 3 1 10 8
0 7 19 8 10 0 16
8 9 0 8 1 1 10
4 12 0 11 1 0 18
0 16 16 7 8 0 16
26 16 0 3 1 14 6
3 17 13 7 6 0 11
8 24 0 8 1 1 10
2 19 17 8 9 0 12
1 25 0 11 1 0 12
0 15 5 9 2 0 16
0 9 5 9 2 0 16
24 27 11 5 8 3 1
16 22 0 3 1 15 5
22 7 0 4 1 16 2
15 18 0 5 1 3 14
7 23 0 3 1 17 1
18 13 0 4 1 5 1
4 14 0 11 1 0 18
5 24 5 9 2 0 12
14 15 0 8 1 1 15
16 19 0 3 1 15 5
11 17 0 2 1 8 9
5 10 10 8 4 0 12
4 6 0 11 1 0 18
3 22 17 8 9 0 11
2 21 8 8 3 0 12
15 21 0 5 1 3 14
2 11 12 7 5 0 12
19 27 0 4 1 16 1
1 8 0 11 1 0 12
3 18 8 8 3 0 11
21 10 0 4 1 5 11
17 26 0 3 1 10 8
