1 0 4 0 1 0 9 0
1 0 3 0 3 0 13 0
1 0 3 0 3 0 13 0
6 2 1 2 1 9 5 0
1 0 2 0 2 0 7 0
1 0 4 0 7 0 19 0
1 0 2 0 3 0 12 0
4 2 1 2 2 4 4 0
9 2 1 2 1 17 2 0
2 1 3 0 3 1 14 0
4 2 1 2 1 5 7 0
4 2 1 2 1 5 5 0
3 2 1 1 2 3 4 0
7 2 1 4 1 14 4 0
2 1 2 0 2 1 4 0
2 1 2 0 3 1 13 0
10 2 1 3 0 19 1 0
2 1 0 0 0 1 0 1
5 2 2 4 1 8 3 0
4 2 0 2 0 4 0 0
6 2 1 2 0 10 1 0
11 2 0 4 0 24 0 0
3 2 1 1 1 3 8 0
3 2 1 1 1 3 4 0
5 2 1 3 1 7 6 0
2 1 0 0 0 1 0 1
3 2 2 1 2 3 10 0
8 2 1 4 1 16 3 0
3 2 1 1 0 3 1 0
6 2 0 2 0 10 0 0
####
1 0 0 10 0 23 7 0 14 0
2 0 0 10 0 23 7 0 16 0
2 1 0 10 0 23 7 0 20 0
4 0 0 10 0 23 7 0 11 0
4 1 0 10 0 23 7 0 15 0
4 2 0 10 0 23 7 0 17 0
5 0 0 10 0 23 7 0 22 0
5 1 0 10 0 23 7 0 26 0
5 2 0 10 0 23 7 0 28 0
5 4 0 10 0 23 7 0 23 0
6 0 0 10 0 23 7 0 14 0
6 1 0 10 0 23 7 0 18 0
6 2 0 10 0 23 7 0 20 0
6 4 0 10 0 23 7 0 15 0
6 5 0 10 0 23 7 0 26 0
14 9 0 9 0 18 6 0 13 0
15 9 1 9 0 18 12 0 23 1
15 14 0 9 0 18 6 0 12 0
25 17 1 0 0 0 11 0 0 0
22 12 2 8 5 13 12 2 9 1
23 12 2 8 5 13 12 0 5 1
23 22 2 8 5 13 12 2 10 1
26 12 2 8 5 13 12 2 10 1
26 22 2 8 5 13 12 2 15 1
26 23 2 8 5 13 12 2 11 1
28 22 2 0 5 0 11 1 0 0
28 26 2 0 5 0 11 0 0 0
10 7 3 7 10 9 11 4 8 1
11 10 3 7 10 9 11 4 10 1
11 7 3 7 10 9 11 2 6 1
19 10 3 0 10 0 10 3 0 0
19 7 3 0 10 0 10 2 0 0
19 11 3 0 10 0 10 2 0 0
24 18 4 6 14 7 9 2 6 1
20 3 5 5 16 4 10 4 4 1
29 3 5 0 16 0 9 0 0 0
29 20 5 0 16 0 9 6 0 0
####
5 9 0 11 1 0 19
1 26 5 11 2 0 13
9 22 0 10 1 1 14
16 21 0 2 1 19 1
2 12 5 11 2 0 13
26 11 0 9 1 3 10
0 3 16 9 5 0 9
15 26 0 10 1 1 13
28 19 0 9 1 3 1
5 8 21 7 8 0 19
6 14 0 11 1 0 12
20 21 4 4 5 10 1
2 23 5 11 2 0 13
0 17 0 11 1 0 9
1 28 5 11 2 0 13
6 22 5 11 2 0 12
26 7 0 9 1 3 10
22 10 0 9 1 3 8
8 16 0 2 1 17 2
0 29 16 9 5 0 9
18 20 0 5 1 8 3
11 13 5 5 3 5 5
14 28 0 10 1 1 4
3 13 0 4 1 9 5
0 25 0 11 1 0 9
7 18 0 6 1 4 4
2 10 10 10 3 0 13
12 18 4 7 2 3 4
10 24 0 6 1 5 7
1 19 10 10 3 0 13
5 15 0 11 1 0 19
4 20 16 9 5 0 7
4 11 10 10 3 0 7
15 24 9 7 3 1 13
14 16 17 6 8 1 4
5 7 10 10 3 0 19
13 27 0 2 1 14 4
9 23 0 10 1 1 14
24 3 0 5 1 7 6
18 29 0 5 1 8 3
27 8 0 2 1 16 3
23 27 10 6 5 3 4
9 12 0 10 1 1 14
