1 0 2 0 1 0 5 0
1 0 2 0 2 0 9 0
1 0 2 0 2 0 3 0
1 0 2 0 2 0 4 0
1 0 3 0 2 0 7 0
1 0 1 0 1 0 2 0
1 0 2 0 0 0 2 0
1 0 2 0 1 0 9 0
1 0 3 0 4 0 14 0
2 1 2 0 1 1 9 0
2 1 2 0 1 1 3 0
9 2 1 2 0 13 1 0
3 2 1 1 1 3 7 0
2 1 0 0 0 1 0 1
5 2 1 2 1 7 5 0
6 2 1 2 1 8 4 0
7 2 1 2 1 10 3 0
4 2 1 2 0 4 1 0
2 1 0 0 0 1 0 1
2 1 0 0 0 1 0 1
4 2 0 2 0 4 0 0
3 2 0 1 0 3 0 0
2 1 1 0 1 1 3 0
5 1 0 2 0 5 0 1
4 2 1 2 1 5 6 0
10 1 0 2 0 14 0 1
3 2 1 1 0 3 1 0
8 2 1 2 1 12 2 0
3 2 0 1 0 3 0 0
3 2 1 1 1 2 2 0
####
1 0 0 9 0 20 10 0 9 0
2 0 0 9 0 20 10 0 5 0
2 1 0 9 0 20 10 0 8 0
4 0 0 9 0 20 10 0 8 0
4 1 0 9 0 20 10 0 11 0
4 2 0 9 0 20 10 0 7 0
5 3 0 4 0 14 11 0 4 0
7 0 0 9 0 20 10 0 10 0
7 1 0 9 0 20 10 0 13 0
7 2 0 9 0 20 10 0 9 0
7 4 0 9 0 20 10 0 12 0
8 0 0 9 0 20 10 0 11 0
8 1 0 9 0 20 10 0 14 0
8 2 0 9 0 20 10 0 10 0
8 4 0 9 0 20 10 0 13 0
8 7 0 9 0 20 10 0 15 0
10 9 1 0 0 0 15 0 0 0
18 13 1 0 0 0 15 0 0 0
21 12 2 0 6 0 14 2 0 0
26 12 2 0 6 0 14 2 0 0
26 21 2 0 6 0 14 2 0 0
28 12 2 0 6 0 14 2 0 0
28 21 2 0 6 0 14 2 0 0
28 26 2 0 6 0 14 2 0 0
24 20 3 0 11 0 12 1 0 0
####
7 21 6 14 2 0 9
7 12 6 14 2 0 9
1 26 6 14 2 0 9
8 9 0 15 1 0 14
10 21 0 11 1 1 3
0 16 17 10 6 0 5
27 11 0 2 1 12 2
10 26 0 11 1 1 3
0 28 6 14 2 0 5
26 20 0 8 1 3 1
4 19 0 15 1 0 7
8 10 0 15 1 0 14
9 28 0 11 1 1 9
8 20 11 12 3 0 14
12 24 0 8 1 3 7
24 14 0 5 1 5 6
17 23 0 5 1 4 1
2 27 18 10 7 0 3
29 17 0 8 1 2 2
1 24 11 12 3 0 9
6 18 0 15 1 0 2
5 17 11 12 3 0 2
4 14 14 11 4 0 7
14 15 0 3 1 7 5
22 29 0 11 1 1 3
3 22 0 15 1 0 4
4 15 16 10 5 0 7
2 11 19 10 8 0 3
16 27 0 2 1 10 3
6 13 0 15 1 0 2
3 29 6 14 2 0 4
11 25 0 2 1 13 1
15 16 0 2 1 8 4
9 12 0 11 1 1 9
