1 0 4 0 6 0 15 0
4 2 1 2 1 4 4 0
1 0 3 0 2 0 12 0
1 0 3 0 4 0 9 0
1 0 2 0 2 0 5 0
6 2 1 2 1 8 4 0
1 0 2 0 3 0 9 0
7 2 1 2 0 11 1 0
7 2 1 4 1 9 3 0
1 0 4 0 4 0 10 0
2 1 2 0 2 1 9 0
3 2 0 2 0 4 0 0
4 2 1 2 2 5 6 0
2 1 2 0 2 1 13 0
5 2 1 2 1 6 3 0
2 1 2 0 2 1 5 0
4 1 0 2 0 5 0 1
2 2 2 0 1 2 5 0
2 1 0 0 0 1 0 1
8 2 1 3 1 12 2 0
2 2 1 0 0 2 1 0
9 2 1 2 0 13 1 0
3 1 0 2 0 3 0 1
10 2 0 4 0 23 0 0
3 2 1 2 0 4 1 0
3 2 1 2 1 4 3 0
5 2 2 2 2 6 5 0
6 2 1 4 1 9 2 0
3 2 1 1 1 3 7 0
3 2 1 1 1 3 5 0
####
2 0 0 9 0 23 7 0 22 0
3 0 0 9 0 23 7 0 18 0
3 2 0 9 0 23 7 0 12 0
4 0 0 9 0 23 7 0 18 0
4 2 0 9 0 23 7 0 12 0
4 3 0 9 0 23 7 0 8 0
6 0 0 9 0 23 7 0 21 0
6 2 0 9 0 23 7 0 15 0
6 3 0 9 0 23 7 0 11 0
6 4 0 9 0 23 7 0 11 0
9 0 0 9 0 23 7 0 19 0
9 2 0 9 0 23 7 0 13 0
9 3 0 9 0 23 7 0 9 0
9 4 0 9 0 23 7 0 9 0
9 6 0 9 0 23 7 0 12 0
13 10 0 8 0 17 7 0 18 0
15 10 0 8 0 17 7 0 8 0
15 13 0 8 0 17 7 0 14 0
17 10 0 8 0 17 7 0 9 0
17 13 0 8 0 17 7 0 15 0
17 15 0 8 0 17 7 0 5 0
18 17 1 0 0 0 12 0 0 0
20 15 1 0 0 0 12 0 0 0
20 17 1 0 0 0 12 0 0 0
20 18 1 0 0 0 12 0 0 0
22 11 2 0 6 0 12 2 0 0
24 11 2 0 6 0 12 2 0 0
25 11 2 0 6 0 12 2 0 0
25 22 2 0 6 0 12 2 0 0
28 11 2 0 6 0 12 0 0 0
28 24 2 0 6 0 12 1 0 0
28 25 2 7 6 11 13 1 8 1
29 22 2 0 6 0 12 1 0 0
29 25 2 7 6 11 13 1 6 1
29 28 2 7 6 11 13 2 10 1
16 12 3 0 12 0 9 4 0 0
12 1 3 6 12 8 10 4 8 1
26 14 4 5 15 6 9 6 6 1
27 5 5 4 17 4 9 9 4 1
8 7 6 3 19 2 9 11 2 1
####
3 15 0 12 1 0 9
8 19 0 3 1 9 3
25 27 5 8 3 4 3
17 25 0 12 1 2 5
9 18 0 12 1 0 10
15 19 15 7 6 1 5
3 7 19 8 6 0 9
6 17 0 12 1 0 9
28 12 0 9 1 3 7
5 8 0 4 1 8 4
6 29 6 12 2 0 9
3 20 0 12 1 0 9
10 12 6 9 2 1 9
1 14 0 5 1 4 4
14 27 0 4 1 6 3
26 8 2 4 2 6 5
13 29 0 12 1 1 13
9 17 0 12 1 0 10
7 23 2 3 3 11 1
19 21 0 2 1 12 2
9 14 15 8 4 0 10
9 20 0 12 1 0 10
4 5 17 8 5 0 5
0 25 6 12 2 0 15
21 23 0 2 1 13 1
2 10 0 12 1 0 12
10 24 0 12 1 1 9
13 28 0 12 1 1 13
17 22 0 12 1 2 5
0 1 12 9 3 0 15
15 24 0 12 1 1 5
2 28 6 12 2 0 12
0 26 15 8 4 0 15
12 26 0 5 1 5 6
24 16 0 9 1 4 1
0 13 0 12 1 0 15
2 11 6 12 2 0 12
20 11 0 12 1 2 1
27 7 0 4 1 9 2
26 5 0 4 1 6 5
29 1 0 9 1 3 5
4 21 22 7 8 0 5
