1 0 2 0 1 0 3 0
1 0 3 0 2 0 11 0
1 0 3 0 3 0 10 0
1 0 3 0 3 0 10 0
1 0 2 0 2 0 10 0
7 2 1 2 0 10 1 0
1 0 3 0 2 0 7 0
1 0 2 0 1 0 8 0
1 0 3 0 1 0 7 0
2 1 0 0 0 1 0 1
2 1 2 0 0 1 2 0
2 1 1 0 1 1 7 0
2 1 0 0 0 1 0 1
2 1 0 0 0 1 0 1
2 1 0 0 0 1 0 1
6 2 1 2 1 9 3 0
2 1 1 0 1 1 6 0
3 2 0 1 0 3 0 0
2 1 0 0 0 1 0 1
7 2 1 2 1 11 2 0
5 2 1 2 1 7 3 0
3 2 1 1 1 3 5 0
8 2 1 2 0 13 1 0
4 2 1 2 1 5 5 0
3 2 1 1 1 3 6 0
9 2 0 4 0 21 0 0
3 2 0 1 0 3 0 0
6 2 1 2 1 9 2 0
5 2 1 2 1 7 4 0
4 2 1 2 1 5 4 0
####
1 0 0 8 0 21 9 0 10 0
2 0 0 8 0 21 9 0 6 0
2 1 0 8 0 21 9 0 14 0
3 0 0 8 0 21 9 0 10 0
3 1 0 8 0 21 9 0 18 0
3 2 0 8 0 21 9 0 14 0
4 0 0 8 0 21 9 0 10 0
4 1 0 8 0 21 9 0 18 0
4 2 0 8 0 21 9 0 14 0
4 3 0 8 0 21 9 0 18 0
6 0 0 8 0 21 9 0 6 0
6 1 0 8 0 21 9 0 14 0
6 2 0 8 0 21 9 0 10 0
6 3 0 8 0 21 9 0 14 0
6 4 0 8 0 21 9 0 14 0
7 0 0 8 0 21 9 0 7 0
7 1 0 8 0 21 9 0 15 0
7 2 0 8 0 21 9 0 11 0
7 3 0 8 0 21 9 0 15 0
7 4 0 8 0 21 9 0 15 0
7 6 0 8 0 21 9 0 11 0
8 0 0 8 0 21 9 0 5 0
8 1 0 8 0 21 9 0 13 0
8 2 0 8 0 21 9 0 9 0
8 3 0 8 0 21 9 0 13 0
8 4 0 8 0 21 9 0 13 0
8 6 0 8 0 21 9 0 9 0
8 7 0 8 0 21 9 0 10 0
16 11 0 7 0 13 9 0 11 0
16 14 1 0 0 0 16 0 0 0
18 10 1 0 0 0 16 0 0 0
21 17 2 0 8 0 12 1 0 0
24 21 0 6 0 9 5 0 9 0
26 17 2 0 8 0 12 2 0 0
26 21 2 0 8 0 12 1 0 0
29 23 3 5 12 7 11 0 7 1
28 20 4 4 14 5 11 2 5 1
27 15 5 3 16 3 11 4 3 1
19 5 6 2 18 1 11 6 1 1
####
10 17 0 12 1 1 2
2 18 0 16 1 0 10
7 12 0 16 1 0 8
3 11 0 16 1 0 10
1 15 16 10 5 0 11
8 9 0 16 1 0 7
16 21 0 12 1 1 6
19 22 0 3 1 11 2
8 28 14 10 4 0 7
11 24 0 12 1 1 7
15 19 0 4 1 9 3
10 26 0 12 1 1 2
1 16 0 16 1 0 11
7 24 8 12 2 0 8
1 14 0 16 1 0 11
5 25 1 3 2 10 1
4 23 12 10 3 0 10
24 23 0 6 1 3 6
27 5 0 4 1 9 2
3 27 16 10 5 0 10
20 27 0 4 1 7 3
0 22 20 9 7 0 3
2 10 0 16 1 0 10
8 17 8 12 2 0 7
6 26 8 12 2 0 7
3 5 18 10 6 0 10
6 19 18 10 6 0 7
4 29 12 10 3 0 10
22 25 0 2 1 13 1
23 28 0 4 1 5 5
29 20 0 4 1 5 4
2 21 8 12 2 0 10
0 13 0 16 1 0 3
21 29 0 6 1 3 5
6 20 14 10 4 0 7
28 15 0 4 1 7 4
