1 0 3 0 1 0 6 0
1 0 4 0 3 0 14 0
1 0 2 0 1 0 8 0
5 2 1 2 2 9 6 0
1 0 2 0 1 0 11 0
1 0 4 0 4 0 12 0
2 1 1 0 1 1 3 0
1 0 4 0 3 0 16 0
2 2 1 0 1 2 9 0
3 1 1 2 1 3 8 0
5 2 1 2 2 7 6 0
2 1 0 0 0 1 0 1
10 1 0 2 0 21 0 1
2 1 0 0 0 1 0 1
2 2 1 0 1 2 9 0
7 2 1 2 1 17 3 0
3 2 1 2 1 4 8 0
3 2 1 2 1 3 8 0
8 2 1 2 1 19 2 0
7 2 0 2 0 16 0 0
2 1 0 0 0 1 0 1
4 2 1 2 1 6 7 0
4 2 1 3 1 7 7 0
2 1 0 0 0 1 0 1
9 2 1 2 0 20 1 0
2 2 1 0 1 2 9 0
6 2 2 4 1 15 5 0
####
1 0 0 9 0 20 7 0 15 0
2 0 0 9 0 20 7 0 9 0
2 1 0 9 0 20 7 0 16 0
4 0 0 9 0 20 7 0 12 0
4 1 0 9 0 20 7 0 19 0
4 2 0 9 0 20 7 0 13 0
5 0 0 9 0 20 7 0 14 0
5 1 0 9 0 20 7 0 21 0
5 2 0 9 0 20 7 0 15 0
5 4 0 9 0 20 7 0 18 0
7 0 0 9 0 20 7 0 18 0
7 1 0 9 0 20 7 0 25 0
7 2 0 9 0 20 7 0 19 0
7 4 0 9 0 20 7 0 22 0
7 5 0 9 0 20 7 0 24 0
8 6 0 8 0 12 9 0 9 0
11 6 1 0 0 0 14 0 0 0
14 6 0 8 0 12 9 0 9 0
14 8 1 8 0 12 15 0 14 1
20 14 1 0 0 0 14 0 0 0
25 6 0 8 0 12 9 0 9 0
25 8 1 8 0 12 15 0 14 1
25 14 1 8 0 12 15 0 14 1
25 23 1 0 0 0 14 0 0 0
17 9 2 7 8 9 10 2 12 1
17 16 2 7 8 9 10 1 12 1
16 9 2 7 8 9 10 2 12 1
22 21 3 6 11 7 9 3 10 1
10 3 4 5 13 5 9 5 8 1
19 15 6 0 16 0 8 16 0 0
####
25 16 0 11 1 2 9
14 17 0 11 1 2 9
26 19 0 3 1 15 5
9 22 0 5 1 3 8
1 17 8 9 2 0 14
7 25 0 14 1 0 16
8 9 0 11 1 2 9
16 21 0 5 1 4 8
10 26 0 3 1 7 6
5 8 0 14 1 0 12
1 20 0 14 1 0 14
26 15 0 3 1 15 5
0 15 16 8 6 0 6
1 16 8 9 2 0 14
1 14 0 14 1 0 14
7 19 16 8 6 0 16
2 13 0 14 1 0 8
4 23 0 14 1 0 11
0 11 0 14 1 0 6
15 18 0 3 1 17 3
22 3 0 4 1 7 7
7 14 0 14 1 0 16
6 18 10 9 6 1 3
18 24 0 2 1 19 2
5 24 19 7 8 0 12
4 25 0 14 1 0 11
17 22 0 5 1 3 8
5 21 11 8 3 0 12
2 3 13 8 4 0 8
3 26 0 3 1 9 6
5 10 13 8 4 0 12
0 6 0 14 1 0 6
21 10 0 4 1 6 7
24 12 0 2 1 20 1
7 8 0 14 1 0 16
