1 0 4 0 4 0 8 0
1 0 4 0 3 0 12 0
1 0 4 0 6 0 25 0
2 1 3 0 6 1 22 0
1 0 3 0 3 0 9 0
1 0 2 0 3 0 9 0
7 2 1 2 1 7 4 0
1 0 3 0 1 0 7 0
5 2 1 2 1 6 2 0
8 2 1 4 1 13 3 0
6 2 1 2 0 8 1 0
7 2 1 2 1 7 3 0
7 2 1 3 0 10 1 0
2 1 1 0 1 1 6 0
2 1 0 0 0 1 0 1
9 2 1 4 1 18 2 0
10 2 1 2 0 19 1 0
5 2 1 2 0 5 1 0
3 1 3 1 5 2 21 0
4 2 2 2 3 3 12 0
5 2 1 3 2 4 8 0
6 2 0 2 0 7 0 0
6 2 2 2 2 6 7 0
3 2 1 1 1 3 5 0
4 2 1 2 1 5 4 0
2 1 0 0 0 1 0 1
4 2 2 1 2 4 6 0
5 2 2 2 1 5 6 0
11 2 0 2 0 20 0 0
7 1 0 2 0 9 0 1
8 2 0 4 0 13 0 0
5 2 1 2 1 6 2 0
6 2 1 2 1 6 4 0
4 2 1 1 1 3 2 0
####
1 0 0 10 0 27 7 0 10 0
2 0 0 10 0 27 7 0 19 0
2 1 0 10 0 27 7 0 19 0
4 0 0 10 0 27 7 0 11 0
4 1 0 10 0 27 7 0 11 0
4 2 0 10 0 27 7 0 20 0
5 0 0 7 0 23 8 0 4 0
5 1 0 7 0 23 8 0 6 0
5 2 0 7 0 23 8 0 12 0
5 4 0 6 0 19 10 0 4 0
7 0 0 10 0 27 7 0 9 0
7 1 0 10 0 27 7 0 9 0
7 2 0 10 0 27 7 0 18 0
7 4 0 10 0 27 7 0 10 0
7 5 0 5 0 15 10 0 1 0
13 3 0 9 0 23 5 0 16 0
23 18 2 8 4 21 9 1 14 1
24 19 3 7 6 17 11 3 12 1
26 19 3 4 6 13 12 4 6 1
26 24 3 0 6 0 10 3 0 0
33 19 3 0 6 0 10 4 0 0
33 24 3 0 6 0 10 3 0 0
33 26 3 0 6 0 10 4 0 0
20 8 4 3 10 8 13 6 3 1
20 17 4 0 10 0 11 6 0 0
27 20 4 6 10 12 12 6 9 1
27 8 4 3 10 8 13 6 1 1
27 17 4 0 10 0 11 6 0 0
31 20 4 0 10 0 11 6 0 0
31 8 4 0 10 0 11 0 0 0
31 27 4 0 10 0 11 6 0 0
31 17 4 0 10 0 11 6 0 0
17 8 4 0 10 0 11 6 0 0
22 10 5 0 15 0 10 1 0 0
22 21 5 0 15 0 10 8 0 0
32 22 5 5 15 8 11 8 7 1
32 10 5 0 15 0 10 8 0 0
32 21 5 0 15 0 10 8 0 0
21 10 5 0 15 0 10 8 0 0
12 6 6 0 19 0 10 3 0 0
12 11 6 0 19 0 10 12 0 0
29 6 6 0 19 0 10 3 0 0
29 12 6 0 19 0 10 4 0 0
29 11 6 0 19 0 10 10 0 0
11 6 6 4 19 4 11 10 5 1
30 9 7 0 23 0 8 5 0 0
####
6 9 0 6 1 7 4
7 21 15 10 5 0 7
0 27 10 11 4 0 8
18 26 0 6 1 2 21
16 28 0 2 1 19 1
18 19 0 6 1 2 21
5 26 6 10 3 0 9
22 6 0 8 1 6 7
24 9 13 6 4 5 4
0 32 15 10 5 0 8
9 15 0 3 1 13 3
7 24 6 10 3 0 7
33 17 0 9 1 3 2
3 20 6 9 3 1 22
2 23 4 8 2 0 25
26 8 0 9 1 4 6
0 11 19 10 6 0 8
4 13 0 10 1 0 9
1 28 27 7 10 0 12
27 32 0 9 1 5 6
4 10 15 10 5 0 9
7 14 0 10 1 0 7
2 6 19 10 6 0 25
20 22 0 9 1 4 8
0 25 0 10 1 0 8
5 17 10 11 4 0 9
4 16 26 7 9 0 9
32 11 0 8 1 6 4
2 3 0 10 1 0 25
3 19 2 8 2 1 22
19 20 0 9 1 3 12
23 24 0 6 1 3 5
31 10 0 9 1 6 2
1 31 10 11 4 0 12
13 23 0 6 1 1 6
1 22 15 10 5 0 12
8 12 4 9 2 6 2
22 12 0 8 1 6 7
19 27 0 9 1 3 12
2 33 6 10 3 0 25
26 31 0 9 1 4 6
17 21 0 9 1 5 1
1 8 10 11 4 0 12
3 18 0 6 1 1 22
12 30 0 6 1 10 1
27 30 8 7 3 5 6
11 15 2 5 2 7 3
10 29 0 8 1 8 1
15 16 0 2 1 18 2
18 33 0 6 1 2 21
