1 0 3 0 2 0 6 0
1 0 4 0 6 0 17 0
9 2 1 2 0 17 1 0
1 0 4 0 4 0 14 0
1 0 4 0 6 0 15 0
6 2 1 2 1 7 4 0
1 0 1 0 1 0 8 0
7 2 1 2 0 8 1 0
1 0 3 0 1 0 5 0
7 2 1 4 1 13 3 0
2 1 2 0 2 1 5 0
2 1 1 0 1 1 3 0
10 1 0 2 0 18 0 1
4 2 1 2 1 4 8 0
5 2 1 2 2 5 7 0
5 2 0 2 0 6 0 0
2 1 3 0 4 1 16 0
3 2 1 1 1 3 7 0
3 2 1 1 1 3 2 0
4 2 1 2 1 5 6 0
4 2 1 2 0 5 1 0
8 2 1 3 1 15 2 0
2 1 0 0 0 1 0 1
3 2 2 1 2 3 11 0
4 2 1 2 1 5 2 0
5 2 1 3 0 8 1 0
8 2 0 4 0 13 0 0
6 2 2 2 2 6 6 0
5 2 1 3 1 6 5 0
2 1 0 0 0 1 0 1
2 1 0 0 0 1 0 1
####
1 0 0 9 0 24 7 0 13 0
3 0 0 9 0 24 7 0 7 0
3 1 0 9 0 24 7 0 18 0
4 0 0 9 0 24 7 0 9 0
4 1 0 9 0 24 7 0 20 0
4 3 0 9 0 24 7 0 14 0
6 0 0 9 0 24 7 0 8 0
6 1 0 9 0 24 7 0 19 0
6 3 0 9 0 24 7 0 13 0
6 4 0 9 0 24 7 0 15 0
8 3 0 4 0 13 10 0 5 0
8 4 0 4 0 13 10 0 3 0
16 10 0 6 0 15 8 0 8 0
16 11 0 8 0 18 7 0 13 0
30 29 1 0 0 0 12 0 0 0
23 17 2 7 6 15 10 2 12 1
19 13 3 6 9 11 11 4 10 1
20 19 3 0 9 0 10 2 0 0
20 13 3 0 9 0 10 1 0 0
24 19 3 0 9 0 10 4 0 0
24 20 3 0 9 0 10 1 0 0
24 13 3 4 9 8 12 4 4 1
15 14 4 0 13 0 10 3 0 0
25 15 4 0 13 0 10 4 0 0
25 14 4 3 13 4 12 6 2 1
28 15 4 0 13 0 10 4 0 0
28 14 4 5 13 7 11 6 8 1
28 25 4 0 13 0 10 6 0 0
27 5 5 4 17 5 9 8 6 1
9 7 6 0 19 0 8 14 0 0
26 21 7 0 21 0 8 18 0 0
####
5 9 0 4 1 7 4
3 15 13 10 4 0 14
21 2 0 3 1 15 2
4 27 17 8 5 0 15
16 28 7 10 3 1 16
2 12 0 2 1 17 1
3 7 19 8 6 0 14
6 17 6 9 2 0 8
28 5 0 6 1 6 5
16 17 0 9 1 1 16
9 21 0 4 1 13 3
1 16 0 12 1 0 17
0 24 9 10 3 0 6
3 10 0 12 1 0 14
1 14 13 10 4 0 17
10 18 0 9 1 1 5
25 26 4 6 3 8 1
1 5 17 8 5 0 17
4 23 6 9 2 0 15
14 27 0 6 1 5 7
8 29 0 12 1 0 5
18 20 0 7 1 3 2
0 22 0 12 1 0 6
17 19 0 7 1 3 7
19 28 0 8 1 5 6
1 13 9 10 3 0 17
16 23 0 9 1 1 16
8 30 0 12 1 0 5
3 19 9 10 3 0 14
11 21 15 8 6 1 3
27 9 0 4 1 6 6
4 20 9 10 3 0 15
23 24 0 7 1 3 11
4 11 0 12 1 0 15
7 26 0 4 1 8 1
13 14 0 8 1 4 8
10 25 7 10 3 1 5
24 25 0 8 1 5 2
27 7 0 4 1 6 6
8 18 6 9 2 0 5
20 15 0 8 1 5 1
23 13 0 7 1 3 11
0 2 23 7 8 0 6
