1 0 4 0 5 0 19 0
1 0 4 0 3 0 11 0
1 0 4 0 5 0 17 0
7 2 1 2 0 14 1 0
1 0 4 0 5 0 25 0
1 0 1 0 2 0 8 0
2 1 2 0 5 1 16 0
4 2 1 2 1 5 3 0
3 1 3 1 3 2 15 0
7 2 1 2 2 9 5 0
10 2 0 3 0 12 0 0
4 2 1 2 2 5 6 0
4 2 2 1 2 4 7 0
4 2 1 1 1 4 8 0
2 1 2 0 2 1 12 0
5 2 2 2 2 6 5 0
5 2 1 2 1 6 7 0
2 1 0 0 0 1 0 1
8 2 2 3 2 10 4 0
6 2 1 2 0 7 1 0
8 2 0 3 0 15 0 0
5 2 1 4 1 10 2 0
10 2 0 2 0 18 0 0
9 2 1 4 0 17 1 0
5 2 1 2 1 6 3 0
7 1 0 2 0 8 0 1
6 2 1 4 1 13 2 0
9 2 1 2 0 11 1 0
3 2 2 1 2 3 11 0
6 2 1 2 1 8 6 0
####
1 0 0 9 0 23 7 0 13 0
2 0 0 9 0 23 7 0 16 0
2 1 0 9 0 23 7 0 11 0
4 0 0 9 0 23 7 0 22 0
4 1 0 9 0 23 7 0 17 0
4 2 0 9 0 23 7 0 20 0
5 0 0 9 0 23 7 0 12 0
5 1 0 9 0 23 7 0 7 0
5 2 0 9 0 23 7 0 10 0
5 4 0 9 0 23 7 0 16 0
14 6 1 8 0 20 10 0 13 1
17 6 1 0 0 0 8 0 0 0
17 14 1 0 0 0 8 0 0 0
28 8 2 7 3 18 9 2 11 1
12 7 3 6 5 14 11 4 4 1
12 11 3 4 5 10 11 4 6 1
13 12 3 6 5 14 11 4 7 1
13 7 3 6 5 14 11 1 7 1
13 11 3 0 5 0 9 1 0 0
11 7 3 0 5 0 9 2 0 0
16 15 4 0 9 0 9 3 0 0
24 16 4 0 9 0 9 6 0 0
24 15 4 3 9 6 11 6 4 1
24 21 4 0 9 0 9 9 0 0
21 16 4 5 9 10 11 3 5 1
21 15 4 0 9 0 9 4 0 0
26 19 5 0 13 0 8 6 0 0
29 19 5 0 13 0 8 5 0 0
29 26 5 0 13 0 8 5 0 0
25 3 6 0 16 0 8 8 0 0
25 9 6 0 16 0 8 7 0 0
9 3 6 0 16 0 8 7 0 0
20 18 7 0 19 0 7 9 0 0
27 23 8 0 21 0 7 13 0 0
22 10 9 0 23 0 7 15 0 0
####
0 27 21 7 8 0 19
1 3 16 8 6 0 11
7 21 0 8 1 5 3
8 13 0 6 1 2 15
29 9 0 6 1 8 6
23 22 0 4 1 17 1
24 26 0 7 1 6 3
9 18 0 5 1 9 5
15 19 0 7 1 6 5
1 29 13 8 5 0 11
15 26 0 7 1 6 5
0 28 3 7 2 0 19
18 23 0 4 1 10 4
0 9 16 8 6 0 19
4 19 13 8 5 0 25
5 12 5 9 3 0 8
18 27 0 4 1 10 4
8 10 18 4 7 2 15
13 16 0 8 1 4 8
12 24 0 8 1 4 7
26 3 0 6 1 13 2
16 29 0 7 1 6 7
27 10 0 4 1 11 1
19 25 0 6 1 7 1
3 20 0 5 1 14 1
12 21 0 8 1 4 7
2 16 9 9 4 0 17
14 28 0 5 1 1 12
6 18 16 5 6 1 16
1 24 9 9 4 0 11
21 23 8 6 4 10 2
4 14 0 8 1 0 25
14 20 16 5 6 1 12
28 7 0 6 1 3 11
2 7 5 9 3 0 17
1 22 23 7 9 0 11
6 8 0 5 1 1 16
28 11 0 6 1 3 11
8 12 0 6 1 2 15
4 6 0 8 1 0 25
0 13 5 9 3 0 19
4 17 0 8 1 0 25
2 11 5 9 3 0 17
2 15 9 9 4 0 17
11 15 0 8 1 5 6
