1 0 4 0 4 0 10 0
1 0 4 0 4 0 16 0
1 0 1 0 2 0 7 0
1 0 4 0 4 0 8 0
6 2 1 2 1 10 2 0
3 2 1 2 1 4 5 0
3 1 0 2 0 3 0 1
1 0 3 0 3 0 10 0
4 2 1 4 1 8 4 0
2 1 2 0 3 1 7 0
6 2 0 2 0 7 0 0
2 1 0 0 0 1 0 1
2 1 2 0 2 1 6 0
2 2 1 0 1 2 2 0
2 1 0 0 0 1 0 1
2 2 2 0 1 2 7 0
5 2 2 2 1 5 3 0
3 2 1 1 1 3 5 0
7 2 1 4 0 12 1 0
3 2 2 1 1 3 6 0
4 2 0 2 0 5 0 0
5 2 1 3 1 9 3 0
7 1 0 2 0 7 0 1
6 2 1 2 0 6 1 0
8 1 0 2 0 13 0 1
4 2 1 2 2 4 4 0
####
1 0 0 7 0 20 6 0 14 0
2 0 0 7 0 20 6 0 12 0
2 1 0 7 0 20 6 0 12 0
3 1 0 6 0 18 7 0 9 0
7 0 0 7 0 20 6 0 14 0
7 1 0 7 0 20 6 0 14 0
7 2 0 7 0 20 6 0 12 0
7 3 0 5 0 15 8 0 4 0
11 9 1 0 0 0 11 0 0 0
13 9 0 6 0 14 7 0 6 0
14 12 1 0 0 0 11 0 0 0
15 9 0 6 0 14 7 0 10 0
15 13 1 6 0 14 12 0 6 1
6 5 2 0 6 0 9 2 0 0
17 5 2 0 6 0 9 1 0 0
17 6 2 0 6 0 9 1 0 0
19 5 2 5 6 10 10 1 8 1
20 8 3 0 10 0 8 5 0 0
25 8 3 0 10 0 8 3 0 0
25 20 3 0 10 0 8 1 0 0
21 16 4 0 13 0 7 5 0 0
10 4 5 0 15 0 8 7 0 0
23 4 5 0 15 0 8 7 0 0
23 10 5 0 15 0 8 6 0 0
22 18 6 0 18 0 7 10 0 0
####
19 8 0 7 1 3 6
25 16 0 5 1 4 4
3 25 10 8 3 0 8
4 18 0 5 1 10 2
23 22 0 5 1 6 1
1 17 6 9 2 0 16
1 15 0 11 1 0 16
17 25 0 7 1 3 5
15 5 0 10 1 2 7
3 14 0 11 1 0 8
5 8 0 7 1 4 5
1 20 10 8 3 0 16
2 19 6 9 2 0 7
16 10 0 5 1 5 3
7 15 0 11 1 0 10
9 21 7 8 3 1 7
0 11 0 11 1 0 10
12 17 0 10 1 1 6
7 10 15 8 5 0 10
0 4 15 8 5 0 10
3 16 13 7 4 0 8
18 24 0 3 1 12 1
1 13 0 11 1 0 16
8 21 0 5 1 8 4
16 23 0 5 1 5 3
21 4 0 5 1 9 3
0 5 6 9 2 0 10
19 20 0 7 1 3 6
3 12 0 11 1 0 8
7 13 0 11 1 0 10
15 6 0 10 1 2 7
13 18 12 8 5 2 2
0 9 0 11 1 0 10
12 23 9 9 4 1 6
9 19 0 10 1 1 7
