1 0 3 0 2 0 8 0
1 0 2 0 2 0 7 0
1 0 3 0 4 0 9 0
1 0 3 0 4 0 12 0
2 1 1 0 2 1 5 0
1 0 2 0 1 0 5 0
1 0 4 0 4 0 15 0
2 1 2 0 1 1 3 0
2 1 1 0 2 1 3 0
1 0 2 0 4 0 20 0
4 2 1 2 2 5 5 0
4 2 1 2 0 5 1 0
2 1 0 0 0 1 0 1
2 1 0 0 0 1 0 1
3 2 1 2 1 4 2 0
5 2 0 3 0 8 0 0
5 2 1 2 0 7 1 0
4 2 1 3 0 7 1 0
2 2 2 0 3 2 13 0
3 2 1 2 0 4 1 0
5 2 2 3 2 8 4 0
5 1 0 2 0 8 0 1
6 2 0 2 0 8 0 0
3 2 1 2 1 3 3 0
6 1 0 2 0 9 0 1
4 2 0 2 0 6 0 0
4 2 1 2 1 5 2 0
3 2 2 2 2 4 8 0
7 1 0 2 0 12 0 1
2 2 2 0 2 2 5 0
7 1 0 2 0 12 0 1
6 2 2 3 0 11 2 0
####
2 0 0 5 0 20 10 0 3 0
2 1 0 4 0 16 11 0 5 0
3 0 0 6 0 23 9 0 7 0
3 1 0 4 0 16 11 0 5 0
3 2 0 4 0 16 11 0 4 0
5 0 0 6 0 23 9 0 5 0
5 3 0 6 0 23 9 0 6 0
6 0 0 6 0 23 9 0 8 0
6 1 0 3 0 11 12 0 2 0
6 2 0 5 0 20 10 0 6 0
6 3 0 6 0 23 9 0 9 0
6 5 0 6 0 23 9 0 7 0
9 0 0 6 0 23 9 0 8 0
9 1 0 4 0 16 11 0 6 0
9 2 0 5 0 20 10 0 6 0
9 3 0 6 0 23 9 0 9 0
9 5 0 6 0 23 9 0 7 0
9 6 0 6 0 23 9 0 10 0
8 4 0 5 0 16 9 0 3 0
12 8 1 0 0 0 14 0 0 0
18 4 0 5 0 16 9 0 6 0
18 7 0 3 0 9 11 0 2 0
18 8 0 5 0 16 9 0 5 0
29 7 0 3 0 9 11 0 3 0
29 13 1 0 0 0 14 0 0 0
29 18 1 0 0 0 14 0 0 0
23 14 2 0 7 0 11 2 0 0
23 19 2 0 7 0 11 2 0 0
27 23 2 0 7 0 11 2 0 0
27 14 2 0 7 0 11 2 0 0
27 19 2 0 7 0 11 2 0 0
19 14 2 0 7 0 11 2 0 0
26 10 3 0 11 0 12 4 0 0
26 11 3 0 11 0 12 4 0 0
26 17 3 0 11 0 12 1 0 0
26 25 3 0 11 0 12 1 0 0
11 10 3 0 11 0 12 2 0 0
17 10 3 0 11 0 12 2 0 0
17 11 3 0 11 0 12 2 0 0
25 10 3 0 11 0 12 2 0 0
25 11 3 0 11 0 12 2 0 0
25 17 3 0 11 0 12 4 0 0
16 15 4 0 16 0 11 2 0 0
20 16 4 0 16 0 11 1 0 0
20 15 4 0 16 0 11 4 0 0
21 16 4 0 16 0 11 3 0 0
21 15 4 0 16 0 11 3 0 0
21 20 4 0 16 0 11 4 0 0
24 22 5 0 20 0 10 3 0 0
31 22 5 0 20 0 10 3 0 0
31 24 5 0 20 0 10 4 0 0
30 28 6 0 23 0 9 6 0 0
####
14 17 0 9 1 4 2
29 19 0 11 1 2 5
9 29 0 14 1 0 20
0 16 16 11 4 0 8
27 11 0 9 1 4 8
23 26 0 9 1 3 3
9 18 0 14 1 0 20
1 29 0 14 1 0 7
26 16 0 9 1 5 2
31 30 0 5 1 11 2
3 14 7 11 2 0 12
5 8 0 14 1 0 5
18 23 0 11 1 2 13
2 26 11 12 3 0 9
2 19 7 11 2 0 9
7 15 9 11 3 1 3
3 10 11 12 3 0 12
5 12 0 14 1 0 5
18 27 0 11 1 2 13
16 22 0 7 1 7 1
27 10 0 9 1 4 8
19 25 0 9 1 4 1
6 25 11 12 3 0 15
0 4 0 14 1 0 8
3 27 7 11 2 0 12
0 22 20 10 5 0 8
6 18 0 14 1 0 15
6 11 11 12 3 0 15
1 13 0 14 1 0 7
20 31 0 7 1 8 4
6 23 7 11 2 0 15
4 20 9 11 3 1 5
31 28 0 5 1 11 2
2 7 0 14 1 0 9
20 24 0 7 1 8 4
8 31 13 10 4 1 3
17 21 0 9 1 7 1
10 20 0 9 1 5 5
7 17 4 12 2 1 3
29 14 0 11 1 2 5
11 15 0 9 1 5 1
