1 0 3 0 2 0 8 0
1 0 3 0 3 0 13 0
1 0 2 0 2 0 3 0
7 2 1 2 0 9 1 0
1 0 3 0 5 0 18 0
1 0 2 0 4 0 10 0
8 1 0 2 0 13 0 1
5 1 0 2 0 5 0 1
6 2 1 2 1 8 2 0
8 2 0 4 0 13 0 0
2 1 1 0 1 1 5 0
2 1 3 0 3 1 13 0
3 2 1 1 2 2 4 0
3 2 1 1 2 3 10 0
4 2 2 2 3 5 9 0
5 2 2 2 1 6 4 0
4 2 2 2 1 4 3 0
5 2 1 2 1 7 3 0
3 2 1 1 1 3 2 0
4 2 1 3 0 4 1 0
6 1 0 2 0 7 0 1
6 2 1 2 1 8 2 0
7 2 1 3 0 12 1 0
2 1 0 0 0 1 0 1
####
1 0 0 7 0 17 7 0 7 0
2 0 0 7 0 17 7 0 4 0
2 1 0 7 0 17 7 0 7 0
4 0 0 7 0 17 7 0 10 0
4 1 0 7 0 17 7 0 13 0
4 2 0 7 0 17 7 0 10 0
5 0 0 7 0 17 7 0 6 0
5 1 0 7 0 17 7 0 9 0
5 2 0 7 0 17 7 0 6 0
5 4 0 7 0 17 7 0 12 0
11 10 1 6 0 14 10 0 8 1
13 12 2 5 3 11 10 2 6 1
18 12 2 0 3 0 8 2 0 0
18 13 2 5 3 11 10 2 5 1
16 14 3 4 6 8 10 1 4 1
19 14 3 4 6 8 10 4 3 1
19 16 3 0 6 0 8 4 0 0
15 7 4 0 9 0 8 3 0 0
17 15 4 0 9 0 8 4 0 0
17 7 4 0 9 0 8 3 0 0
20 8 5 0 12 0 8 6 0 0
21 8 5 0 12 0 8 6 0 0
21 20 5 0 12 0 8 6 0 0
22 3 6 0 15 0 7 9 0 0
9 6 7 0 17 0 7 5 0 0
####
17 8 0 6 1 7 3
14 17 0 6 1 5 9
15 20 0 6 1 6 4
4 12 3 8 2 0 18
18 19 0 6 1 3 2
22 6 0 4 1 12 1
12 16 0 6 1 2 4
11 19 3 6 2 1 13
16 7 0 6 1 4 3
1 16 6 8 3 0 13
10 12 0 6 1 1 5
0 17 9 8 4 0 8
16 22 6 5 3 4 3
11 18 0 6 1 1 13
11 13 0 6 1 1 13
4 10 0 8 1 0 18
1 13 3 8 2 0 13
0 18 3 8 2 0 8
5 15 9 8 4 0 10
14 15 0 6 1 5 9
2 3 15 7 6 0 3
3 9 0 4 1 9 1
0 23 0 8 1 0 8
4 11 0 8 1 0 18
19 9 8 5 4 4 1
13 14 0 6 1 3 10
8 22 0 5 1 8 2
2 21 12 8 5 0 3
15 21 0 6 1 6 4
21 3 0 5 1 8 2
5 14 6 8 3 0 10
1 8 12 8 5 0 13
