1 0 3 0 3 0 8 0
1 0 4 0 5 0 10 0
1 0 4 0 3 0 10 0
6 2 1 2 1 7 3 0
1 0 2 0 2 0 6 0
1 0 2 0 1 0 8 0
2 1 2 0 2 1 9 0
1 0 3 0 3 0 11 0
4 1 0 2 0 5 0 1
3 2 1 2 1 4 3 0
3 2 1 1 0 3 1 0
2 1 1 0 1 1 3 0
3 2 1 1 1 3 6 0
4 2 1 3 1 7 2 0
2 2 1 0 1 2 2 0
7 2 1 2 1 9 2 0
4 2 1 2 1 4 5 0
5 2 1 2 0 8 1 0
4 2 0 2 0 4 0 0
3 2 1 2 0 4 1 0
2 2 1 0 1 2 4 0
6 2 0 2 0 10 0 0
5 2 1 2 1 5 4 0
8 2 1 2 0 10 1 0
9 1 0 2 0 11 0 1
####
2 0 0 5 0 14 8 0 7 0
2 1 0 8 0 18 7 0 10 0
4 0 0 5 0 14 8 0 7 0
4 2 0 5 0 14 8 0 6 0
5 0 0 5 0 14 8 0 4 0
5 1 0 8 0 18 7 0 13 0
5 2 0 8 0 18 7 0 9 0
5 4 0 5 0 14 8 0 3 0
7 0 0 5 0 14 8 0 8 0
7 1 0 8 0 18 7 0 9 0
7 2 0 8 0 18 7 0 5 0
7 4 0 5 0 14 8 0 7 0
7 5 0 8 0 18 7 0 8 0
20 11 0 4 0 10 6 0 5 0
20 14 1 0 0 0 10 0 0 0
10 9 2 0 4 0 10 0 0 0
12 10 2 0 4 0 10 2 0 0
19 9 2 0 4 0 10 2 0 0
18 16 3 0 8 0 10 4 0 0
18 13 3 0 8 0 10 2 0 0
13 8 3 0 8 0 10 4 0 0
21 3 5 0 14 0 8 3 0 0
####
19 8 0 8 1 4 1
3 15 0 3 1 7 3
2 18 8 10 3 0 10
0 20 0 10 1 0 8
0 14 0 10 1 0 8
13 17 0 6 1 7 2
1 6 0 10 1 0 10
12 16 0 8 1 3 6
7 20 0 10 1 0 11
15 23 0 2 1 9 2
2 9 4 10 2 0 10
7 15 16 7 6 0 11
4 19 4 10 2 0 6
1 16 8 10 3 0 10
6 10 0 8 1 1 9
5 12 4 10 2 0 8
10 18 0 8 1 3 1
0 17 12 8 4 0 8
16 22 0 6 1 4 5
20 9 0 8 1 2 4
11 13 4 8 2 1 3
22 3 0 4 1 5 4
7 14 0 10 1 0 11
1 23 17 7 7 0 10
14 19 0 8 1 2 2
2 10 4 10 2 0 10
2 3 14 8 5 0 10
5 21 14 8 5 0 8
6 12 0 8 1 1 9
23 24 0 2 1 10 1
4 11 0 10 1 0 6
9 13 0 8 1 4 3
1 22 12 8 4 0 10
17 21 0 4 1 8 1
