1 0 4 0 3 0 8 0
1 0 4 0 6 0 17 0
5 2 0 2 0 6 0 0
2 1 1 0 2 1 4 0
1 0 2 0 2 0 8 0
1 0 2 0 2 0 6 0
1 0 3 0 3 0 5 0
2 1 3 0 3 1 11 0
1 0 4 0 5 0 10 0
3 2 1 1 1 3 3 0
4 2 1 2 0 5 1 0
2 2 1 0 1 2 5 0
6 1 0 2 0 7 0 1
4 2 1 2 1 4 2 0
3 2 1 2 1 3 4 0
5 2 1 2 0 6 1 0
5 2 1 2 1 6 2 0
3 2 2 1 1 3 3 0
6 2 1 2 0 7 1 0
4 2 1 2 0 4 1 0
6 1 0 2 0 7 0 1
4 2 1 2 1 4 3 0
4 2 1 2 1 5 2 0
3 2 1 1 1 3 2 0
5 2 1 2 0 6 1 0
4 1 0 2 0 4 0 1
3 2 1 1 1 3 3 0
7 2 0 4 0 13 0 0
####
1 0 0 6 0 21 7 0 9 0
4 1 0 5 0 18 9 0 7 0
5 0 0 6 0 21 7 0 8 0
5 1 0 6 0 21 7 0 5 0
5 4 0 5 0 18 9 0 5 0
6 0 0 6 0 21 7 0 8 0
6 1 0 6 0 21 7 0 5 0
6 4 0 5 0 18 9 0 4 0
6 5 0 6 0 21 7 0 4 0
8 0 0 6 0 21 7 0 11 0
8 1 0 6 0 21 7 0 8 0
8 5 0 6 0 21 7 0 7 0
8 6 0 6 0 21 7 0 7 0
7 3 1 0 0 0 9 0 0 0
11 7 0 5 0 18 4 0 6 0
17 9 2 0 3 0 11 2 0 0
17 14 2 0 3 0 11 1 0 0
23 9 2 0 3 0 11 2 0 0
23 14 0 4 0 13 6 0 4 0
23 17 2 0 3 0 11 2 0 0
26 9 2 0 3 0 11 2 0 0
26 17 2 0 3 0 11 2 0 0
26 23 2 0 3 0 11 2 0 0
19 10 3 0 8 0 12 4 0 0
19 13 3 0 8 0 12 4 0 0
21 19 3 0 8 0 12 3 0 0
21 10 3 3 8 7 13 2 2 1
22 19 3 0 8 0 12 4 0 0
22 10 3 0 8 0 12 4 0 0
22 13 3 0 8 0 12 4 0 0
25 19 3 0 8 0 12 2 0 0
25 21 3 0 8 0 12 3 0 0
25 22 3 0 8 0 12 4 0 0
25 10 3 0 8 0 12 4 0 0
25 13 3 0 8 0 12 4 0 0
13 10 3 0 8 0 12 4 0 0
16 2 4 0 14 0 10 3 0 0
15 2 4 0 14 0 10 6 0 0
24 2 4 0 14 0 10 6 0 0
24 16 4 0 14 0 10 0 0 0
24 15 4 0 14 0 10 6 0 0
18 12 5 0 18 0 9 2 0 0
20 12 5 0 18 0 9 8 0 0
####
1 3 0 9 1 0 17
15 20 0 7 1 6 1
0 2 14 10 4 0 8
9 22 0 11 1 3 3
1 15 14 10 4 0 17
8 19 8 12 3 0 10
6 24 14 10 4 0 5
17 25 0 11 1 3 3
0 10 8 12 3 0 8
21 16 0 10 1 4 3
11 14 0 8 1 2 5
3 17 0 8 1 1 4
5 23 3 11 2 0 6
8 14 3 11 2 0 10
4 9 3 11 2 0 8
0 21 8 12 3 0 8
18 27 0 4 1 7 1
0 11 0 9 1 0 8
10 27 7 7 3 5 1
5 22 8 12 3 0 6
7 23 0 8 1 1 11
16 18 0 7 1 6 2
1 7 0 9 1 0 17
6 18 18 9 5 0 5
17 19 0 11 1 3 3
23 10 0 11 1 3 2
13 24 0 10 1 4 2
1 13 8 12 3 0 17
8 11 0 9 1 0 10
22 15 0 10 1 5 2
19 2 0 10 1 4 1
8 17 3 11 2 0 10
26 13 0 11 1 3 3
7 9 0 8 1 1 11
7 26 0 8 1 1 11
4 26 3 11 2 0 8
14 21 0 11 1 3 4
24 12 0 7 1 6 1
6 16 14 10 4 0 5
