1 0 2 0 4 0 11 0
1 0 3 0 5 0 14 0
2 1 3 0 3 1 7 0
1 0 4 0 7 0 19 0
1 0 3 0 4 0 19 0
1 0 4 0 2 0 12 0
2 1 2 0 2 1 4 0
5 2 1 3 0 8 1 0
1 0 2 0 2 0 15 0
10 2 1 2 0 18 1 0
1 0 3 0 1 0 10 0
4 2 1 2 1 6 10 0
1 0 3 0 3 0 23 0
2 1 2 0 1 1 3 0
3 2 1 2 0 4 1 0
11 2 1 3 0 21 1 0
2 2 1 0 2 2 5 0
4 2 1 2 1 5 10 0
5 2 1 4 1 10 9 0
7 2 1 2 1 13 7 0
3 2 0 1 0 3 0 0
2 1 1 0 1 1 2 0
8 2 1 2 2 14 6 0
11 1 0 2 0 19 0 1
3 2 2 2 1 4 4 0
2 2 2 0 3 2 15 0
2 1 0 0 0 1 0 1
3 2 1 2 0 4 1 0
6 1 0 2 0 9 0 1
4 1 0 2 0 5 0 1
3 2 1 2 1 4 11 0
3 2 2 2 1 4 12 0
6 2 1 2 1 11 8 0
9 2 2 2 2 16 5 0
4 2 0 2 0 6 0 0
10 2 1 3 1 19 2 0
12 2 0 2 0 22 0 0
4 2 0 4 0 9 0 0
4 2 1 2 1 6 2 0
2 1 0 0 0 1 0 1
####
1 0 0 11 0 31 9 0 6 0
3 0 0 11 0 31 9 0 13 0
3 1 0 11 0 31 9 0 13 0
4 0 0 11 0 31 9 0 15 0
4 1 0 11 0 31 9 0 15 0
4 3 0 11 0 31 9 0 22 0
5 0 0 11 0 31 9 0 11 0
5 1 0 11 0 31 9 0 11 0
5 3 0 11 0 31 9 0 18 0
5 4 0 11 0 31 9 0 20 0
8 0 0 11 0 31 9 0 12 0
8 1 0 11 0 31 9 0 12 0
8 3 0 11 0 31 9 0 19 0
8 4 0 11 0 31 9 0 21 0
8 5 0 11 0 31 9 0 17 0
10 0 0 11 0 31 9 0 8 0
10 1 0 11 0 31 9 0 8 0
10 3 0 11 0 31 9 0 15 0
10 4 0 11 0 31 9 0 17 0
10 5 0 11 0 31 9 0 13 0
10 8 0 11 0 31 9 0 14 0
12 0 0 11 0 31 9 0 15 0
12 1 0 11 0 31 9 0 15 0
12 3 0 11 0 31 9 0 22 0
12 4 0 11 0 31 9 0 24 0
12 5 0 11 0 31 9 0 20 0
12 8 0 11 0 31 9 0 21 0
12 10 0 11 0 31 9 0 17 0
6 2 0 10 0 23 9 0 3 0
13 2 0 2 0 6 14 0 2 0
13 6 1 2 0 6 22 0 2 1
16 2 1 4 0 14 18 0 4 1
21 2 0 2 0 6 14 0 2 0
21 6 0 2 0 6 14 0 2 0
21 13 0 2 0 6 14 0 2 0
25 2 0 10 0 23 9 0 13 0
25 6 0 10 0 23 9 0 12 0
25 16 1 0 0 0 16 0 0 0
39 16 1 0 0 0 16 0 0 0
39 25 1 0 0 0 16 0 0 0
20 14 2 0 8 0 14 2 0 0
24 14 2 0 8 0 14 2 0 0
27 14 2 1 8 0 20 2 0 1
27 20 2 0 8 0 14 2 0 0
30 24 2 0 8 0 14 2 0 0
30 27 2 0 8 0 14 1 0 0
31 14 2 0 8 0 14 1 0 0
31 20 2 0 8 0 14 1 0 0
31 24 2 0 8 0 14 2 0 0
31 27 2 0 8 0 14 1 0 0
31 30 2 9 8 17 15 2 16 1
17 11 3 8 14 11 15 4 14 1
29 17 3 0 14 0 14 4 0 0
29 11 3 0 14 0 14 2 0 0
34 17 3 0 14 0 14 4 0 0
34 11 3 0 14 0 14 4 0 0
34 29 3 0 14 0 14 4 0 0
37 17 3 0 14 0 14 3 0 0
37 11 3 0 14 0 14 5 0 0
37 29 3 0 14 0 14 5 0 0
37 34 3 0 14 0 14 4 0 0
38 17 3 0 14 0 14 2 0 0
38 11 3 0 14 0 14 2 0 0
38 29 3 0 14 0 14 2 0 0
38 34 3 0 14 0 14 2 0 0
38 37 3 0 14 0 14 4 0 0
18 7 4 0 20 0 10 6 0 0
32 28 5 0 22 0 10 8 0 0
35 9 9 0 27 0 10 2 0 0
23 15 10 0 29 0 10 4 0 0
####
14 37 0 12 1 4 1
25 31 0 14 1 2 15
32 19 0 3 1 11 8
5 26 0 16 1 0 12
19 22 0 2 1 13 7
12 16 0 16 1 0 23
27 37 0 12 1 4 1
15 36 0 3 1 21 1
22 33 0 2 1 14 6
16 24 0 14 1 2 5
10 34 14 14 3 0 10
1 2 0 16 1 0 14
35 15 0 4 1 19 2
5 36 31 9 11 0 12
25 30 0 14 1 2 15
21 27 0 14 1 1 2
24 38 0 12 1 4 4
1 16 0 16 1 0 14
0 24 8 14 2 0 11
3 31 8 14 2 0 19
2 35 19 10 8 1 7
24 34 0 12 1 4 4
3 6 0 16 1 0 19
7 28 0 4 1 8 1
5 22 25 9 7 0 12
11 18 0 8 1 6 10
13 20 0 14 1 1 3
6 15 21 10 9 1 4
0 33 26 9 8 0 11
31 11 0 12 1 4 12
33 35 0 3 1 16 5
38 7 0 8 1 6 2
4 38 14 14 3 0 19
31 29 0 12 1 4 12
3 13 0 16 1 0 19
5 11 14 14 3 0 12
8 21 0 16 1 0 15
12 25 0 16 1 0 23
10 19 24 9 6 0 10
8 30 8 14 2 0 15
4 25 0 16 1 0 19
1 9 27 10 9 0 14
2 14 0 14 1 1 7
17 18 0 8 1 5 10
18 32 0 4 1 10 9
2 7 12 10 3 1 7
3 32 22 10 5 0 19
13 14 0 14 1 1 3
12 39 0 16 1 0 23
4 17 14 14 3 0 19
9 23 0 4 1 18 1
30 17 0 12 1 4 11
10 20 8 14 2 0 10
33 9 0 3 1 16 5
6 27 0 14 1 1 4
