1 0 4 0 1 0 10 0
1 0 3 0 2 0 6 0
1 0 3 0 3 0 7 0
1 0 2 0 2 0 10 0
1 0 3 0 5 0 16 0
2 1 0 0 0 1 0 1
2 1 2 0 1 1 4 0
6 2 1 2 1 9 3 0
2 1 3 0 3 1 11 0
3 2 1 1 1 3 2 0
3 2 1 1 1 3 3 0
7 2 1 2 1 10 2 0
3 2 1 1 1 3 6 0
2 1 0 0 0 1 0 1
3 2 0 1 0 3 0 0
8 2 1 2 0 11 1 0
4 2 1 2 1 5 5 0
4 2 1 3 1 4 2 0
5 2 1 4 0 8 1 0
5 2 1 2 1 7 4 0
6 2 0 2 0 10 0 0
9 1 0 2 0 12 0 1
2 1 0 0 0 1 0 1
####
1 0 0 8 0 17 6 0 10 0
2 0 0 8 0 17 6 0 9 0
2 1 0 8 0 17 6 0 7 0
3 0 0 8 0 17 6 0 11 0
3 1 0 8 0 17 6 0 9 0
3 2 0 8 0 17 6 0 8 0
4 0 0 8 0 17 6 0 13 0
4 1 0 8 0 17 6 0 11 0
4 2 0 8 0 17 6 0 10 0
4 3 0 8 0 17 6 0 12 0
6 5 1 0 0 0 10 0 0 0
8 5 1 0 0 0 10 0 0 0
8 6 1 4 0 8 12 0 5 1
10 9 2 3 5 4 11 2 3 1
12 9 2 0 5 0 9 2 0 0
12 10 2 0 5 0 9 2 0 0
14 9 2 0 5 0 9 2 0 0
14 10 2 0 5 0 9 2 0 0
14 12 2 0 5 0 9 0 0 0
17 16 3 0 9 0 7 1 0 0
19 18 4 0 11 0 7 3 0 0
20 7 5 0 13 0 7 3 0 0
####
6 9 0 9 1 1 4
10 17 0 6 1 3 3
0 20 13 7 5 0 10
4 8 0 10 1 0 16
0 14 5 9 2 0 10
12 16 0 6 1 3 6
9 18 2 6 2 3 2
7 11 0 3 1 9 3
1 11 15 6 6 0 6
6 14 0 9 1 1 4
2 9 5 9 2 0 7
19 7 0 4 1 7 4
3 10 5 9 2 0 10
8 10 0 9 1 1 11
3 16 9 7 3 0 10
18 20 0 4 1 8 1
4 5 0 10 1 0 16
0 12 5 9 2 0 10
1 19 11 7 4 0 6
8 17 4 7 2 1 11
16 19 0 4 1 5 5
17 18 0 4 1 4 2
2 7 13 7 5 0 7
1 22 0 10 1 0 6
4 6 0 10 1 0 16
8 12 0 9 1 1 11
15 21 0 2 1 11 1
0 13 0 10 1 0 10
2 15 16 6 7 0 7
11 15 0 2 1 10 2
