1 0 2 0 2 0 5 0
1 0 2 0 3 0 14 0
1 0 2 0 2 0 5 0
1 0 4 0 4 0 13 0
1 0 3 0 3 0 11 0
1 0 4 0 4 0 16 0
7 2 1 2 1 10 4 0
1 0 4 0 5 0 17 0
5 2 1 2 0 7 1 0
2 1 2 0 3 1 15 0
2 1 2 0 2 1 6 0
6 2 0 4 0 9 0 0
8 2 1 4 1 14 3 0
9 2 1 2 1 16 2 0
2 1 2 0 2 1 5 0
3 2 1 1 1 3 3 0
5 2 0 2 0 6 0 0
3 2 2 1 2 3 5 0
5 2 1 2 1 7 6 0
3 2 1 1 1 3 8 0
4 2 1 2 1 5 2 0
4 2 1 2 0 5 1 0
4 2 1 2 1 5 7 0
10 2 1 2 0 17 1 0
3 2 1 1 1 3 5 0
6 2 0 2 0 8 0 0
11 1 0 2 0 18 0 1
5 2 1 2 0 6 1 0
4 2 1 2 1 5 2 0
4 2 1 3 1 4 4 0
6 2 1 2 1 8 5 0
3 2 1 1 0 3 1 0
####
1 0 0 10 0 24 8 0 9 0
2 1 0 5 0 17 10 0 9 0
3 0 0 10 0 24 8 0 8 0
3 1 0 10 0 24 8 0 13 0
3 2 0 5 0 17 10 0 6 0
4 0 0 10 0 24 8 0 11 0
4 1 0 10 0 24 8 0 16 0
4 3 0 10 0 24 8 0 15 0
5 0 0 10 0 24 8 0 11 0
5 1 0 10 0 24 8 0 16 0
5 3 0 10 0 24 8 0 15 0
5 4 0 10 0 24 8 0 18 0
7 0 0 10 0 24 8 0 10 0
7 1 0 10 0 24 8 0 15 0
7 2 0 5 0 17 10 0 5 0
7 3 0 10 0 24 8 0 14 0
7 4 0 10 0 24 8 0 17 0
7 5 0 10 0 24 8 0 17 0
10 9 0 9 0 21 4 0 13 0
19 17 2 0 3 0 12 2 0 0
24 19 0 8 0 16 6 0 11 0
31 15 2 3 3 9 15 2 2 1
21 20 3 0 8 0 12 4 0 0
22 20 3 0 8 0 12 4 0 0
22 21 3 0 8 0 12 4 0 0
28 20 3 0 8 0 12 0 0 0
28 22 3 0 8 0 12 2 0 0
29 20 3 0 8 0 12 1 0 0
29 22 0 7 0 11 6 0 9 0
29 28 3 0 8 0 12 1 0 0
16 8 4 0 13 0 11 2 0 0
18 16 4 0 13 0 11 6 0 0
18 8 4 0 13 0 11 4 0 0
27 16 4 0 13 0 11 6 0 0
27 18 4 0 13 0 11 6 0 0
27 8 4 0 13 0 11 2 0 0
25 11 5 0 17 0 10 4 0 0
30 25 5 0 17 0 10 1 0 0
30 11 5 0 17 0 10 7 0 0
####
5 9 0 10 1 0 16
4 18 13 11 4 0 11
17 20 0 10 1 3 5
28 8 0 9 1 5 2
3 28 8 12 3 0 13
23 26 0 2 1 17 1
21 16 0 9 1 5 1
19 22 0 10 1 3 8
18 30 0 7 1 7 6
5 23 23 8 9 0 16
3 24 3 12 2 0 13
14 31 0 8 1 1 5
0 21 8 12 3 0 5
12 13 0 2 1 14 3
27 25 0 7 1 6 1
3 20 8 12 3 0 13
1 14 0 10 1 0 14
7 19 3 12 2 0 17
29 12 8 6 4 4 4
9 17 0 8 1 1 15
3 6 20 8 6 0 13
20 27 0 9 1 5 2
4 10 0 10 1 0 11
31 11 9 8 3 3 1
2 31 3 12 2 0 5
8 11 0 7 1 7 1
10 24 0 8 1 1 6
4 25 17 10 5 0 11
14 15 0 8 1 1 5
6 12 0 2 1 10 4
7 17 3 12 2 0 17
30 6 0 4 1 8 5
13 23 0 2 1 16 2
24 29 0 10 1 3 5
1 22 8 12 3 0 14
5 16 13 11 4 0 16
0 13 22 8 8 0 5
15 28 0 10 1 3 3
17 21 0 10 1 3 5
7 30 17 10 5 0 17
22 18 0 9 1 5 7
5 27 13 11 4 0 16
2 15 3 12 2 0 5
10 29 5 8 2 1 6
9 19 0 8 1 1 15
7 8 13 11 4 0 17
