1 0 4 0 3 0 11 0
1 0 3 0 2 0 13 0
1 0 4 0 6 0 14 0
1 0 4 0 2 0 8 0
5 1 0 2 0 6 0 1
7 2 1 2 1 9 2 0
5 2 1 2 1 6 4 0
2 1 2 0 3 1 11 0
8 2 1 2 0 10 1 0
2 1 1 0 1 1 6 0
7 2 0 2 0 10 0 0
3 2 2 1 1 2 7 0
3 2 1 1 2 3 5 0
2 1 0 0 0 1 0 1
4 2 2 2 1 5 4 0
6 2 1 2 1 8 3 0
4 2 1 2 1 4 5 0
9 2 0 2 0 11 0 0
5 2 1 2 1 7 2 0
6 2 1 2 0 9 1 0
2 1 0 0 0 1 0 1
4 1 0 2 0 3 0 1
####
1 0 0 8 0 17 5 0 7 0
2 0 0 8 0 17 5 0 10 0
2 1 0 8 0 17 5 0 11 0
3 0 0 8 0 17 5 0 8 0
3 1 0 8 0 17 5 0 9 0
3 2 0 8 0 17 5 0 12 0
9 7 0 5 0 10 6 0 6 0
13 9 1 0 0 0 8 0 0 0
16 14 3 0 6 0 7 2 0 0
21 14 3 0 6 0 7 2 0 0
21 16 3 0 6 0 7 4 0 0
6 4 4 0 9 0 7 3 0 0
18 4 4 0 9 0 7 4 0 0
18 6 4 0 9 0 7 3 0 0
19 15 5 0 12 0 6 3 0 0
10 5 6 0 14 0 6 5 0 0
####
11 16 0 5 1 2 7
16 6 0 6 1 4 5
0 20 0 8 1 0 11
14 4 0 6 1 5 4
1 6 9 7 4 0 13
18 19 0 5 1 7 2
7 11 0 6 1 1 11
2 5 14 6 6 0 14
3 17 17 5 8 0 8
15 5 0 4 1 8 3
5 8 0 3 1 9 2
0 15 12 6 5 0 11
3 10 14 6 6 0 8
14 18 0 6 1 5 4
3 16 6 7 3 0 8
19 10 0 4 1 9 1
6 15 0 5 1 6 4
12 14 0 5 1 3 5
1 13 0 8 1 0 13
7 18 5 7 3 1 11
0 12 4 6 2 0 11
1 9 0 8 1 0 13
3 19 12 6 5 0 8
11 21 0 5 1 2 7
8 17 0 2 1 10 1
0 8 16 5 7 0 11
2 14 6 7 3 0 14
2 7 0 8 1 0 14
2 11 4 6 2 0 14
9 12 0 6 1 1 6
