1 0 2 0 2 0 8 0
1 0 2 0 1 0 6 0
1 0 2 0 1 0 4 0
1 0 2 0 2 0 6 0
1 0 3 0 4 0 11 0
1 0 3 0 1 0 9 0
2 1 1 0 1 1 2 0
1 0 3 0 1 0 4 0
2 1 2 0 1 1 10 0
3 2 0 1 0 3 0 0
2 1 0 0 0 1 0 1
5 2 1 2 1 6 6 0
6 2 1 2 1 8 5 0
3 2 1 1 1 2 8 0
7 2 1 2 1 10 4 0
3 2 1 1 0 3 1 0
2 1 0 0 0 1 0 1
8 2 1 2 1 11 3 0
2 1 0 0 0 1 0 1
9 2 1 2 1 12 2 0
11 1 0 2 0 14 0 1
4 1 0 2 0 4 0 1
2 2 0 0 0 2 0 0
10 2 1 2 0 13 1 0
4 2 1 2 1 4 7 0
####
1 0 0 10 0 17 8 0 11 0
3 0 0 10 0 17 8 0 12 0
3 1 0 10 0 17 8 0 9 0
4 0 0 10 0 17 8 0 16 0
4 1 0 10 0 17 8 0 13 0
4 3 0 10 0 17 8 0 14 0
5 0 0 10 0 17 8 0 13 0
5 1 0 10 0 17 8 0 10 0
5 3 0 10 0 17 8 0 11 0
5 4 0 10 0 17 8 0 15 0
7 1 0 1 0 0 13 0 0 0
7 2 0 3 0 9 9 0 3 0
18 6 1 0 0 0 13 0 0 0
22 16 1 0 0 0 13 0 0 0
13 9 2 0 6 0 10 2 0 0
####
5 9 6 10 2 0 9
14 17 0 2 1 10 4
8 13 0 9 1 1 10
2 18 0 13 1 0 4
4 8 0 13 1 0 11
8 9 0 9 1 1 10
7 16 0 13 1 0 4
7 15 6 10 2 0 4
0 24 9 9 3 0 8
1 14 13 8 6 0 6
4 13 6 10 2 0 11
0 17 14 8 7 0 8
4 23 16 8 9 0 11
6 15 0 9 1 1 2
2 6 0 13 1 0 4
17 19 0 2 1 11 3
12 14 0 2 1 8 5
13 24 0 5 1 2 8
5 11 11 8 4 0 9
23 20 0 2 1 13 1
3 19 15 8 8 0 6
24 11 0 3 1 4 7
7 22 0 13 1 0 4
11 12 0 2 1 6 6
5 10 0 13 1 0 9
3 12 12 8 5 0 6
1 22 0 13 1 0 6
15 21 0 5 1 3 1
19 23 0 2 1 12 2
