1 0 2 0 1 0 6 0
1 0 3 0 4 0 19 0
4 1 2 2 3 5 5 0
1 0 3 0 4 0 12 0
1 0 3 0 4 0 10 0
4 2 1 2 1 5 6 0
4 2 1 2 0 5 1 0
5 2 1 3 0 6 1 0
5 1 3 1 0 6 3 0
6 2 1 2 1 8 4 0
1 0 3 0 4 0 19 0
2 1 0 0 0 1 0 1
3 2 1 2 1 4 4 0
2 2 2 0 4 2 16 0
6 2 0 3 0 10 0 0
9 2 1 2 0 14 1 0
3 2 2 2 3 4 6 0
6 1 0 1 0 7 0 1
3 2 2 2 2 4 9 0
2 2 1 0 1 2 5 0
7 2 1 4 1 12 3 0
6 2 0 2 0 8 0 0
5 2 1 2 1 6 5 0
8 2 1 2 1 13 2 0
10 1 0 2 0 15 0 1
####
1 0 0 9 0 19 6 0 14 0
3 0 0 9 0 19 6 0 8 0
3 1 0 9 0 19 6 0 14 0
4 0 0 9 0 19 6 0 11 0
4 1 0 9 0 19 6 0 17 0
4 3 0 9 0 19 6 0 11 0
10 0 0 9 0 19 6 0 14 0
10 1 0 9 0 19 6 0 20 0
10 3 0 9 0 19 6 0 14 0
10 4 0 9 0 19 6 0 17 0
19 13 1 8 0 16 9 0 11 1
16 12 2 0 3 0 8 2 0 0
18 16 2 3 3 6 12 2 3 1
18 12 2 7 3 13 9 2 9 1
5 2 3 0 6 0 8 4 0 0
6 2 3 2 6 3 12 4 1 1
6 5 3 0 6 0 8 4 0 0
8 7 4 1 9 0 12 6 0 1
22 7 4 0 9 0 8 6 0 0
22 8 4 0 9 0 8 6 0 0
17 14 5 0 12 0 9 10 0 0
17 9 5 0 12 0 9 8 0 0
14 9 5 0 12 0 9 10 0 0
21 17 5 0 12 0 9 9 0 0
21 14 5 0 12 0 9 11 0 0
21 9 5 0 12 0 9 9 0 0
####
3 15 18 6 8 0 12
7 21 0 7 1 6 1
4 18 3 8 2 0 10
2 8 0 6 1 5 5
16 2 0 6 1 4 6
22 9 0 7 1 6 5
1 6 6 8 3 0 19
16 7 3 6 2 4 6
6 14 3 7 2 5 1
8 14 0 7 1 6 3
12 20 10 4 4 4 4
18 5 0 6 1 4 9
13 16 0 6 1 2 16
4 23 17 6 7 0 10
0 11 0 8 1 0 6
23 15 0 2 1 13 2
3 16 3 8 2 0 12
5 22 0 6 1 5 6
10 22 9 8 4 0 19
9 20 0 5 1 8 4
4 5 6 8 3 0 10
1 13 0 8 1 0 19
10 13 0 8 1 0 19
8 21 0 7 1 6 3
10 19 0 8 1 0 19
18 6 0 6 1 4 9
1 19 0 8 1 0 19
8 17 0 7 1 6 3
2 7 0 6 1 5 5
20 23 0 2 1 12 3
3 12 3 8 2 0 12
15 24 0 2 1 14 1
19 12 0 6 1 2 5
13 18 0 6 1 2 16
0 9 12 9 5 0 6
