1 0 3 0 3 0 9 0
1 0 3 0 4 0 10 0
1 0 2 0 3 0 9 0
1 0 4 0 5 0 12 0
1 0 3 0 2 0 12 0
1 0 2 0 2 0 4 0
1 0 1 0 2 0 9 0
2 2 2 0 2 2 8 0
3 2 1 2 1 4 5 0
8 1 0 2 0 16 0 1
5 2 1 2 1 7 3 0
2 1 2 0 3 1 8 0
3 2 1 1 1 3 4 0
3 2 1 2 0 4 1 0
5 2 1 2 1 6 3 0
2 1 2 0 1 1 7 0
6 2 1 4 1 14 2 0
3 2 1 1 1 2 5 0
7 1 0 2 0 8 0 1
4 2 1 2 1 4 3 0
5 2 1 2 1 6 2 0
4 2 0 2 0 5 0 0
3 1 0 1 0 2 0 1
6 2 1 2 0 7 1 0
3 2 2 1 0 3 2 0
4 2 0 3 0 8 0 0
7 2 1 2 0 15 1 0
4 2 1 2 1 4 4 0
4 2 1 2 1 6 4 0
####
1 0 0 7 0 21 8 0 12 0
2 0 0 3 0 9 12 0 4 0
3 0 0 7 0 21 8 0 10 0
3 1 0 7 0 21 8 0 14 0
3 2 0 6 0 19 9 0 7 0
4 0 0 7 0 21 8 0 9 0
4 1 0 7 0 21 8 0 13 0
4 2 0 6 0 19 9 0 9 0
4 3 0 7 0 21 8 0 11 0
5 0 0 7 0 21 8 0 7 0
5 1 0 7 0 21 8 0 11 0
5 3 0 7 0 21 8 0 9 0
5 4 0 7 0 21 8 0 8 0
6 0 0 7 0 21 8 0 10 0
6 1 0 7 0 21 8 0 14 0
6 2 0 3 0 9 12 0 4 0
6 3 0 7 0 21 8 0 12 0
6 4 0 7 0 21 8 0 11 0
6 5 0 7 0 21 8 0 9 0
11 7 0 2 0 6 8 0 2 0
15 7 0 6 0 18 4 0 10 0
12 8 2 0 3 0 13 0 0 0
13 8 2 0 3 0 13 2 0 0
17 8 0 5 0 12 7 0 8 0
22 17 2 0 3 0 13 2 0 0
24 12 2 0 3 0 13 2 0 0
24 13 2 1 3 0 18 0 0 1
21 19 3 0 9 0 12 4 0 0
25 19 3 0 9 0 12 4 0 0
25 21 3 0 9 0 12 3 0 0
27 21 3 0 9 0 12 1 0 0
27 25 3 0 9 0 12 2 0 0
28 19 3 0 9 0 12 2 0 0
28 21 3 0 9 0 12 1 0 0
28 25 3 0 9 0 12 4 0 0
28 27 3 4 9 7 13 2 6 1
20 10 4 0 14 0 10 3 0 0
14 10 4 3 14 4 11 4 4 1
23 16 5 0 17 0 9 5 0 0
26 18 6 0 19 0 9 7 0 0
####
0 27 9 12 3 0 9
4 8 3 13 2 0 12
1 17 3 13 2 0 10
1 15 0 10 1 0 10
4 12 3 13 2 0 12
5 26 19 9 6 0 4
8 28 0 11 1 4 5
11 24 0 9 1 1 8
3 7 0 10 1 0 12
2 19 9 12 3 0 9
6 7 0 10 1 0 9
27 14 0 8 1 4 4
13 25 0 11 1 4 1
3 10 14 10 4 0 12
0 24 3 13 2 0 9
3 20 14 10 4 0 12
1 28 9 12 3 0 10
15 22 0 9 1 1 7
3 23 17 9 5 0 12
28 10 0 8 1 6 4
26 9 0 3 1 15 1
16 26 0 4 1 14 2
17 27 0 11 1 2 5
11 12 0 9 1 1 8
19 20 0 8 1 4 3
15 17 0 9 1 1 7
7 8 0 9 1 2 8
20 23 0 5 1 6 2
14 16 0 5 1 6 3
10 16 0 5 1 7 3
7 13 0 9 1 2 8
0 13 3 13 2 0 9
2 11 0 10 1 0 9
12 19 0 11 1 3 4
24 25 0 11 1 3 2
5 14 14 10 4 0 4
4 21 9 12 3 0 12
24 21 0 11 1 3 2
23 18 0 4 1 7 1
