1 0 3 0 3 0 7 0
1 0 2 0 4 0 11 0
1 0 2 0 2 0 4 0
1 0 2 0 3 0 5 0
1 0 2 0 3 0 7 0
1 0 1 0 1 0 3 0
1 0 3 0 5 0 13 0
2 2 2 0 2 2 4 0
2 1 2 0 1 1 4 0
2 2 2 0 2 2 5 0
3 2 2 2 0 4 2 0
3 2 1 2 1 4 2 0
2 1 1 0 1 1 2 0
4 2 0 4 0 6 0 0
3 2 1 1 1 3 2 0
2 2 1 0 0 2 1 0
4 2 1 2 0 5 1 0
3 1 0 2 0 3 0 1
3 2 1 2 0 4 1 0
4 2 0 3 0 7 0 0
4 1 0 2 0 5 0 1
5 1 0 2 0 7 0 1
4 1 0 2 0 5 0 1
4 2 1 2 0 6 1 0
3 2 1 1 0 3 1 0
5 1 0 2 0 6 0 1
####
1 0 0 4 0 17 9 0 5 0
2 1 0 4 0 17 9 0 4 0
3 0 0 4 0 17 9 0 3 0
3 1 0 4 0 17 9 0 4 0
4 0 0 3 0 11 13 0 4 0
4 1 0 3 0 11 13 0 3 0
4 3 0 3 0 11 13 0 3 0
5 1 0 4 0 17 9 0 5 0
5 2 0 4 0 17 9 0 3 0
6 0 0 4 0 17 9 0 5 0
6 1 0 4 0 17 9 0 6 0
6 2 0 2 0 5 13 0 2 0
6 3 0 4 0 17 9 0 4 0
6 4 0 3 0 11 13 0 4 0
8 7 0 2 0 6 11 0 1 0
9 7 1 0 0 0 12 0 0 0
9 8 1 0 0 0 12 0 0 0
12 7 1 2 0 6 18 0 1 1
15 7 1 0 0 0 12 0 0 0
15 9 1 0 0 0 12 0 0 0
11 10 2 0 5 0 13 2 0 0
14 11 2 0 5 0 13 2 0 0
17 10 2 0 5 0 13 2 0 0
17 11 2 0 5 0 13 2 0 0
18 10 2 0 5 0 13 2 0 0
18 11 2 0 5 0 13 0 0 0
18 14 2 0 5 0 13 2 0 0
18 17 2 0 5 0 13 2 0 0
24 10 2 0 5 0 13 2 0 0
24 11 2 0 5 0 13 0 0 0
24 18 2 0 5 0 13 0 0 0
19 16 3 0 11 0 13 3 0 0
19 13 3 0 11 0 13 5 0 0
20 16 3 0 11 0 13 4 0 0
20 19 3 0 11 0 13 3 0 0
20 13 3 0 11 0 13 2 0 0
22 19 3 0 11 0 13 2 0 0
22 20 3 0 11 0 13 4 0 0
22 13 3 0 11 0 13 5 0 0
23 16 3 0 11 0 13 4 0 0
23 19 3 0 11 0 13 3 0 0
23 20 3 0 11 0 13 2 0 0
23 22 3 0 11 0 13 1 0 0
23 13 3 0 11 0 13 2 0 0
25 21 4 0 17 0 9 6 0 0
####
4 7 0 12 1 0 7
6 9 0 12 1 0 13
11 23 0 12 1 4 2
8 19 6 11 2 1 4
4 12 0 12 1 0 7
24 13 0 12 1 3 1
9 18 0 11 1 2 5
8 14 0 11 1 1 4
6 7 0 12 1 0 13
3 10 5 13 2 0 5
0 24 5 13 2 0 7
12 24 0 11 1 1 2
0 11 5 13 2 0 7
23 21 0 8 1 6 1
9 11 0 11 1 2 5
7 10 0 11 1 2 4
16 25 0 8 1 5 1
10 22 0 12 1 4 2
6 15 0 12 1 0 13
18 20 0 12 1 4 1
2 16 11 13 3 0 4
3 23 11 13 3 0 5
10 19 0 12 1 4 2
0 18 5 13 2 0 7
1 9 0 12 1 0 11
15 17 0 11 1 2 1
14 16 0 12 1 3 2
7 13 6 11 2 2 4
5 14 5 13 2 0 3
1 8 0 12 1 0 11
2 15 0 12 1 0 4
