1 0 3 0 1 0 4 0
15 2 0 2 0 22 0 0
1 0 3 0 6 0 11 0
1 0 4 0 6 0 21 0
1 0 4 0 5 0 15 0
1 0 4 0 3 0 18 0
1 0 3 0 2 0 19 0
13 2 1 2 1 18 2 0
11 2 1 2 1 14 4 0
2 1 1 0 1 1 18 0
11 2 1 2 2 14 3 0
4 2 1 2 1 6 16 0
2 1 0 0 0 1 0 1
8 2 1 2 2 11 12 0
5 2 1 2 1 7 15 0
2 1 3 0 2 1 20 0
2 1 3 0 1 1 6 0
2 1 0 0 0 1 0 1
12 2 2 2 1 16 2 0
9 2 2 2 2 12 11 0
3 1 0 1 0 2 0 1
2 1 0 0 0 1 0 1
3 1 0 1 0 2 0 1
14 2 0 4 0 19 0 0
6 2 1 2 1 8 14 0
3 2 1 1 1 3 2 0
10 2 0 2 0 13 0 0
13 2 1 2 0 18 1 0
7 2 1 2 1 10 13 0
12 2 1 3 1 17 3 0
3 1 0 1 0 2 0 1
3 2 1 2 1 4 17 0
14 2 1 4 0 20 1 0
10 2 2 2 2 13 9 0
####
2 0 0 14 0 27 7 0 5 0
3 0 0 14 0 27 7 0 14 0
3 2 0 14 0 27 7 0 19 0
4 0 0 14 0 27 7 0 8 0
4 2 0 14 0 27 7 0 13 0
4 3 0 14 0 27 7 0 22 0
5 0 0 14 0 27 7 0 11 0
5 2 0 14 0 27 7 0 16 0
5 3 0 14 0 27 7 0 25 0
5 4 0 14 0 27 7 0 19 0
6 0 0 14 0 27 7 0 13 0
6 2 0 14 0 27 7 0 18 0
6 3 0 14 0 27 7 0 27 0
6 4 0 14 0 27 7 0 21 0
6 5 0 14 0 27 7 0 24 0
15 9 0 13 0 21 7 0 25 0
16 9 0 13 0 21 7 0 15 0
16 15 0 13 0 21 7 0 16 0
22 20 2 0 6 0 11 2 0 0
25 20 2 0 6 0 11 1 0 0
25 22 2 0 6 0 11 1 0 0
30 25 2 0 6 0 11 2 0 0
31 25 2 12 6 16 12 2 12 1
31 30 2 0 6 0 11 2 0 0
33 26 9 0 17 0 8 16 0 0
10 8 10 0 19 0 8 18 0 0
29 18 11 0 21 0 8 1 0 0
27 7 12 0 23 0 8 3 0 0
32 23 13 0 25 0 8 6 0 0
####
32 1 0 3 1 20 1
3 15 0 12 1 0 21
6 9 0 12 1 0 19
0 27 23 8 12 0 4
2 18 21 8 11 0 11
19 26 0 3 1 12 11
15 31 0 11 1 1 20
33 8 0 4 1 13 9
25 32 14 7 11 3 2
11 14 0 2 1 6 16
3 7 23 8 12 0 21
19 33 0 3 1 12 11
4 33 17 8 9 0 15
3 14 12 7 4 0 21
18 23 2 4 2 16 2
0 21 0 12 1 0 4
4 19 16 7 8 0 15
15 30 0 11 1 1 20
5 12 0 12 1 0 18
18 27 0 4 1 16 2
16 29 15 8 10 1 6
10 18 0 4 1 14 3
16 22 0 11 1 1 6
8 29 0 4 1 14 4
28 13 0 2 1 10 13
2 16 0 12 1 0 11
27 23 0 4 1 18 1
29 7 0 4 1 17 3
4 28 14 7 6 0 15
7 32 0 4 1 18 2
31 11 0 6 1 4 17
24 28 0 2 1 8 14
15 25 0 11 1 1 20
5 11 11 7 3 0 18
14 24 0 2 1 7 15
5 24 13 7 5 0 18
13 19 0 2 1 11 12
33 10 0 4 1 13 9
9 31 0 11 1 1 18
6 26 17 8 9 0 19
0 1 27 7 14 0 4
5 10 19 8 10 0 18
4 17 0 12 1 0 15
3 8 19 8 10 0 21
6 13 15 7 7 0 19
16 20 0 11 1 1 6
2 25 6 11 2 0 11
