1 0 2 0 2 0 8 0
1 0 3 0 2 0 7 0
1 0 3 0 4 0 14 0
1 0 3 0 3 0 17 0
1 0 3 0 4 0 15 0
4 2 1 2 2 5 9 0
2 1 0 0 0 1 0 1
4 2 1 2 1 5 2 0
2 1 3 0 3 1 12 0
6 2 1 2 1 9 5 0
6 1 0 2 0 9 0 1
7 1 0 2 0 9 0 1
9 2 1 2 1 13 2 0
11 2 0 2 0 15 0 0
3 1 0 1 0 2 0 1
7 2 1 2 1 10 4 0
2 1 2 0 3 1 16 0
10 2 1 2 0 14 1 0
3 2 1 1 1 3 3 0
5 2 2 2 2 7 8 0
6 2 1 2 0 8 1 0
8 2 1 2 1 12 3 0
5 2 1 3 0 8 1 0
3 2 2 1 1 3 11 0
4 1 0 2 0 4 0 1
####
1 0 0 10 0 19 6 0 8 0
2 0 0 10 0 19 6 0 11 0
2 1 0 10 0 19 6 0 13 0
3 0 0 10 0 19 6 0 12 0
3 1 0 10 0 19 6 0 14 0
3 2 0 10 0 19 6 0 17 0
4 0 0 10 0 19 6 0 11 0
4 1 0 10 0 19 6 0 13 0
4 2 0 10 0 19 6 0 16 0
4 3 0 10 0 19 6 0 17 0
16 8 0 9 0 16 4 0 14 0
23 18 2 0 3 0 8 2 0 0
7 5 3 0 6 0 8 4 0 0
24 7 3 0 6 0 8 4 0 0
24 5 3 0 6 0 8 4 0 0
22 19 4 0 9 0 7 3 0 0
10 9 5 0 11 0 8 5 0 0
20 10 5 0 11 0 8 5 0 0
20 9 5 0 11 0 8 6 0 0
15 11 6 0 14 0 7 8 0 0
####
4 7 6 8 3 0 15
2 8 0 8 1 0 14
5 19 0 5 1 5 9
1 15 14 7 6 0 7
8 19 6 5 3 1 12
4 12 17 6 8 0 15
1 6 0 8 1 0 7
2 5 6 8 3 0 14
3 17 18 6 9 0 17
8 14 0 6 1 1 12
0 21 16 6 7 0 8
9 15 0 5 1 9 5
4 23 3 8 2 0 15
12 17 0 2 1 13 2
3 16 0 8 1 0 17
21 12 0 2 1 12 3
22 10 0 5 1 8 1
16 18 0 6 1 1 16
3 13 19 6 10 0 17
2 20 11 8 5 0 14
16 23 0 6 1 1 16
0 18 3 8 2 0 8
1 9 11 8 5 0 7
17 13 0 2 1 14 1
7 22 0 5 1 5 2
19 20 0 5 1 7 8
23 24 0 6 1 3 11
23 5 0 6 1 3 11
19 9 0 5 1 7 8
8 22 6 5 3 1 12
15 21 0 3 1 10 4
20 11 0 5 1 8 1
18 7 0 6 1 3 3
