1 0 2 0 2 0 4 0
1 0 3 0 3 0 9 0
1 0 3 0 2 0 7 0
1 0 2 0 2 0 4 0
2 1 2 0 3 1 7 0
1 0 3 0 4 0 14 0
1 0 2 0 2 0 12 0
1 0 3 0 3 0 9 0
2 1 1 0 1 1 11 0
6 2 1 3 1 8 3 0
3 2 2 1 1 3 4 0
7 2 1 2 1 10 2 0
2 2 1 0 1 2 3 0
3 2 1 1 2 2 10 0
4 2 0 2 0 5 0 0
7 2 1 2 0 9 1 0
4 2 2 2 2 4 9 0
3 2 1 2 1 4 2 0
2 1 0 0 0 1 0 1
5 2 1 2 1 5 4 0
4 2 1 2 0 6 1 0
4 2 1 2 1 4 2 0
5 2 1 2 1 6 3 0
9 2 0 2 0 15 0 0
5 1 0 2 0 7 0 1
8 2 1 4 0 14 1 0
6 2 1 2 1 7 2 0
8 1 0 2 0 10 0 1
####
2 1 0 8 0 20 8 0 8 0
3 0 0 7 0 18 9 0 4 0
3 2 0 4 0 11 10 0 3 0
5 0 0 7 0 18 9 0 7 0
5 1 0 8 0 20 8 0 11 0
5 2 0 8 0 20 8 0 7 0
5 3 0 7 0 18 9 0 5 0
6 0 0 7 0 18 9 0 9 0
6 1 0 8 0 20 8 0 13 0
6 2 0 8 0 20 8 0 9 0
6 3 0 7 0 18 9 0 7 0
6 5 0 8 0 20 8 0 12 0
7 1 0 8 0 20 8 0 9 0
7 2 0 8 0 20 8 0 5 0
7 3 0 4 0 11 10 0 4 0
7 5 0 8 0 20 8 0 8 0
7 6 0 8 0 20 8 0 10 0
8 4 0 7 0 16 5 0 11 0
18 4 1 0 0 0 11 0 0 0
13 10 0 6 0 13 4 0 7 0
17 10 2 0 4 0 10 1 0 0
20 14 3 0 7 0 11 1 0 0
20 16 3 0 7 0 11 2 0 0
21 14 3 0 7 0 11 4 0 0
21 16 0 5 0 9 5 0 5 0
21 20 3 0 7 0 11 3 0 0
22 19 4 0 11 0 10 2 0 0
24 19 4 0 11 0 10 4 0 0
24 22 4 0 11 0 10 4 0 0
26 9 5 0 14 0 9 4 0 0
15 11 6 0 16 0 9 6 0 0
27 25 7 0 18 0 9 8 0 0
####
15 27 0 4 1 9 1
1 21 7 11 3 0 9
3 15 16 9 6 0 4
8 13 0 7 1 1 11
7 12 0 11 1 0 9
22 26 0 5 1 6 3
17 20 0 7 1 4 2
5 19 11 10 4 0 14
10 21 0 7 1 3 4
25 23 0 3 1 14 1
26 15 0 4 1 7 2
4 9 10 6 4 1 7
5 12 0 11 1 0 14
3 20 7 11 3 0 4
13 16 0 7 1 2 10
16 22 0 7 1 4 9
9 11 0 4 1 8 3
12 17 0 7 1 2 3
7 10 4 10 2 0 9
7 23 20 8 8 0 9
4 10 0 7 1 1 7
0 22 11 10 4 0 4
1 4 0 11 1 0 9
16 19 0 7 1 4 9
2 14 7 11 3 0 7
2 17 4 10 2 0 7
21 25 7 6 4 4 2
19 9 0 5 1 5 4
6 8 0 11 1 0 12
5 16 7 11 3 0 14
20 24 0 7 1 6 1
0 26 14 9 5 0 4
2 11 16 9 6 0 7
1 18 0 11 1 0 9
10 14 0 7 1 3 4
6 13 4 10 2 0 12
11 25 0 4 1 10 2
