1 0 4 0 4 0 10 0
1 0 3 0 2 0 5 0
2 1 2 0 2 1 5 0
1 0 3 0 3 0 9 0
1 0 1 0 2 0 9 0
1 0 3 0 2 0 9 0
3 1 1 2 1 3 3 0
1 0 3 0 3 0 10 0
6 2 1 3 0 12 1 0
1 0 3 0 2 0 10 0
1 0 1 0 2 0 9 0
3 2 1 2 1 4 3 0
2 1 0 0 0 1 0 1
3 2 1 2 1 4 2 0
4 2 1 2 1 5 2 0
4 2 1 2 1 6 2 0
4 2 1 2 1 5 3 0
2 1 0 0 0 1 0 1
2 1 2 0 1 1 6 0
5 2 1 2 0 8 1 0
2 2 1 0 1 2 3 0
2 2 1 0 1 2 4 0
6 2 0 3 0 11 0 0
7 2 0 4 0 19 0 0
4 2 1 2 0 6 1 0
2 2 2 0 2 2 8 0
3 2 1 2 1 4 3 0
2 1 0 0 0 1 0 1
5 2 0 2 0 8 0 0
5 2 1 3 1 9 2 0
3 2 1 1 1 3 4 0
5 2 1 2 0 7 1 0
####
1 0 0 5 0 21 10 0 5 0
3 0 0 6 0 23 9 0 9 0
3 1 0 4 0 17 12 0 4 0
4 0 0 6 0 23 9 0 9 0
4 1 0 5 0 21 10 0 5 0
4 3 0 6 0 23 9 0 8 0
5 0 0 6 0 23 9 0 9 0
5 1 0 4 0 17 12 0 3 0
5 3 0 6 0 23 9 0 8 0
5 4 0 6 0 23 9 0 8 0
7 0 0 6 0 23 9 0 12 0
7 1 0 5 0 21 10 0 2 0
7 3 0 6 0 23 9 0 11 0
7 4 0 6 0 23 9 0 11 0
7 5 0 6 0 23 9 0 11 0
9 0 0 6 0 23 9 0 9 0
9 1 0 4 0 17 12 0 4 0
9 3 0 6 0 23 9 0 8 0
9 4 0 6 0 23 9 0 8 0
9 5 0 6 0 23 9 0 8 0
9 7 0 6 0 23 9 0 11 0
10 0 0 6 0 23 9 0 9 0
10 1 0 5 0 21 10 0 5 0
10 3 0 6 0 23 9 0 8 0
10 4 0 6 0 23 9 0 8 0
10 5 0 6 0 23 9 0 8 0
10 7 0 6 0 23 9 0 11 0
10 9 0 6 0 23 9 0 8 0
18 2 0 5 0 15 9 0 5 0
20 17 1 0 0 0 16 0 0 0
21 2 0 5 0 15 9 0 4 0
21 17 1 0 0 0 16 0 0 0
21 18 1 5 0 15 17 0 7 1
21 20 1 0 0 0 16 0 0 0
25 2 0 5 0 15 9 0 4 0
25 18 0 5 0 15 9 0 7 0
25 21 0 5 0 15 9 0 6 0
13 6 2 0 8 0 13 2 0 0
11 6 0 4 0 10 6 0 4 0
26 11 2 0 8 0 13 0 0 0
30 13 2 0 8 0 13 0 0 0
30 6 2 4 8 10 14 2 5 1
30 11 0 4 0 10 6 0 5 0
24 16 3 0 13 0 12 2 0 0
15 14 3 0 13 0 12 3 0 0
16 14 0 3 0 6 5 0 3 0
28 19 4 0 17 0 12 1 0 0
29 28 4 0 17 0 12 4 0 0
31 19 4 0 17 0 12 5 0 0
31 28 4 0 17 0 12 3 0 0
31 29 4 2 17 2 13 1 1 1
22 8 5 0 21 0 10 5 0 0
####
18 22 13 10 4 1 6
7 21 0 16 1 0 10
8 23 0 3 1 12 1
0 14 13 12 3 0 10
2 8 13 10 4 1 5
5 13 8 13 2 0 9
31 23 2 5 2 7 1
11 14 0 9 1 4 3
19 22 0 6 1 8 1
21 6 0 13 1 2 4
15 19 0 8 1 6 2
18 30 0 13 1 1 6
26 15 0 9 1 4 3
5 30 8 13 2 0 9
14 31 0 8 1 5 2
29 8 0 6 1 9 2
6 29 4 9 2 3 3
9 21 0 16 1 0 10
5 12 0 16 1 0 9
16 29 0 8 1 5 3
3 20 0 16 1 0 9
25 26 0 13 1 2 8
3 31 17 12 4 0 9
0 11 8 13 2 0 10
9 17 0 16 1 0 10
7 28 17 12 4 0 10
3 16 13 12 3 0 9
20 13 0 13 1 2 3
1 24 13 12 3 0 5
25 11 0 13 1 2 8
9 20 0 16 1 0 10
24 28 0 8 1 6 1
13 24 0 9 1 4 2
7 18 0 16 1 0 10
1 19 17 12 4 0 5
4 25 0 16 1 0 9
30 16 0 9 1 3 4
0 26 8 13 2 0 10
1 27 0 16 1 0 5
10 25 0 16 1 0 9
2 15 5 12 2 1 5
0 2 0 16 1 0 10
