1 0 2 0 2 0 4 0
1 0 2 0 3 0 6 0
1 0 2 0 2 0 10 0
1 0 1 0 2 0 12 0
1 0 3 0 3 0 10 0
1 0 3 0 5 0 15 0
1 0 1 0 1 0 3 0
4 2 1 2 0 4 1 0
6 2 1 2 1 8 3 0
2 1 0 0 0 1 0 1
7 2 1 2 1 10 2 0
9 1 0 2 0 14 0 1
4 2 1 2 2 4 9 0
5 1 0 2 0 5 0 1
2 1 3 0 4 1 14 0
6 2 1 2 2 8 3 0
2 1 1 0 1 1 3 0
7 2 2 2 0 10 2 0
3 2 1 1 1 2 2 0
3 2 2 1 1 3 11 0
3 2 1 1 0 2 1 0
8 2 0 4 0 12 0 0
4 1 0 2 0 4 0 1
5 2 2 2 2 6 8 0
3 2 1 1 1 3 2 0
8 1 0 2 0 11 0 1
8 2 1 4 0 13 1 0
####
2 1 0 8 0 19 8 0 6 0
3 1 0 8 0 19 8 0 8 0
3 2 0 8 0 19 8 0 10 0
4 0 0 4 0 10 9 0 4 0
4 1 0 8 0 19 8 0 5 0
4 2 0 8 0 19 8 0 7 0
4 3 0 8 0 19 8 0 9 0
5 1 0 8 0 19 8 0 10 0
5 2 0 8 0 19 8 0 12 0
5 3 0 8 0 19 8 0 14 0
5 4 0 8 0 19 8 0 11 0
6 1 0 8 0 19 8 0 4 0
6 2 0 8 0 19 8 0 6 0
6 3 0 8 0 19 8 0 8 0
6 4 0 8 0 19 8 0 5 0
6 5 0 8 0 19 8 0 10 0
20 19 2 5 3 9 14 2 4 1
24 19 2 6 3 12 12 2 6 1
24 20 2 0 3 0 11 2 0 0
22 12 3 0 7 0 10 2 0 0
15 8 5 0 12 0 9 2 0 0
17 10 6 0 14 0 9 0 0 0
25 21 7 0 16 0 10 2 0 0
26 21 7 0 16 0 10 2 0 0
26 25 7 0 16 0 10 2 0 0
####
4 7 7 10 3 0 10
4 8 12 9 5 0 10
23 8 0 4 1 6 8
1 17 14 9 6 0 6
24 26 9 7 5 3 2
0 16 0 10 1 0 4
26 11 0 4 1 13 1
6 24 3 11 2 0 3
17 25 0 5 1 10 2
10 26 0 5 1 10 2
19 22 0 7 1 3 11
2 9 0 10 1 0 10
20 21 9 7 5 2 1
5 12 7 10 3 0 15
8 10 0 4 1 8 3
2 23 10 9 4 0 10
23 15 0 4 1 6 8
1 10 14 9 6 0 6
16 18 0 7 1 1 3
14 19 0 7 1 1 14
14 24 0 7 1 1 14
0 18 3 11 2 0 4
3 19 3 11 2 0 12
14 20 0 7 1 1 14
15 17 0 4 1 8 3
4 15 12 9 5 0 10
7 13 0 5 1 4 1
18 7 0 7 1 2 2
17 21 0 5 1 10 2
5 20 3 11 2 0 15
5 14 0 10 1 0 15
19 12 0 7 1 3 11
12 23 0 5 1 4 9
