1 0 3 0 4 0 11 0
1 0 2 0 3 0 17 0
1 0 3 0 3 0 10 0
12 2 0 4 0 17 0 0
8 2 1 2 2 12 7 0
1 0 3 0 4 0 12 0
1 0 2 0 3 0 14 0
2 1 2 0 1 1 3 0
4 2 1 2 2 4 12 0
2 1 0 0 0 1 0 1
5 2 2 2 4 5 11 0
9 2 2 4 2 13 6 0
10 2 1 3 0 15 1 0
11 2 0 2 0 16 0 0
10 2 1 2 2 14 3 0
6 2 2 2 2 7 10 0
2 1 2 0 3 1 16 0
11 2 2 2 0 15 2 0
3 2 2 1 1 3 10 0
3 2 1 1 1 3 13 0
4 1 0 2 0 4 0 1
3 1 0 1 0 2 0 1
12 1 0 2 0 16 0 1
7 2 1 4 1 10 8 0
7 2 1 2 0 8 1 0
####
1 0 0 11 0 18 7 0 17 0
2 0 0 11 0 18 7 0 10 0
2 1 0 11 0 18 7 0 15 0
5 0 0 11 0 18 7 0 12 0
5 1 0 11 0 18 7 0 17 0
5 2 0 11 0 18 7 0 10 0
6 0 0 11 0 18 7 0 15 0
6 1 0 11 0 18 7 0 20 0
6 2 0 11 0 18 7 0 13 0
6 5 0 11 0 18 7 0 15 0
16 7 0 9 0 13 5 0 10 0
19 18 2 9 3 12 10 2 13 1
20 8 3 0 6 0 7 4 0 0
24 23 6 5 10 6 9 2 4 1
14 12 9 0 14 0 7 8 0 0
17 13 10 0 16 0 7 10 0 0
22 3 11 0 18 0 7 13 0 0
####
23 4 0 3 1 10 8
5 9 0 8 1 0 12
14 17 0 4 1 14 3
19 8 0 5 1 3 13
10 11 4 2 4 5 11
7 21 0 6 1 1 3
7 12 11 5 8 1 3
0 14 14 7 9 0 11
10 15 0 2 1 5 11
17 3 0 4 1 15 2
11 14 0 3 1 13 6
18 23 4 5 4 3 10
15 23 0 3 1 7 10
0 15 9 6 5 0 11
12 13 0 4 1 15 1
1 16 0 8 1 0 17
6 10 8 6 4 0 14
0 24 10 7 6 0 11
8 10 0 3 1 4 12
5 18 3 8 2 0 12
2 13 16 7 10 0 10
18 20 0 5 1 3 10
16 18 0 6 1 1 16
5 17 16 7 10 0 12
17 22 0 4 1 15 2
16 19 0 6 1 1 16
11 12 0 3 1 13 6
4 11 0 2 1 12 7
6 19 3 8 2 0 14
2 7 0 8 1 0 10
15 24 0 3 1 7 10
24 3 6 4 5 8 1
1 8 6 7 3 0 17
2 4 12 6 7 0 10
