1 0 4 0 5 0 15 0
2 1 2 0 1 1 9 0
7 2 1 2 0 9 1 0
1 0 4 0 4 0 17 0
1 0 3 0 3 0 7 0
1 0 1 0 1 0 7 0
7 2 1 2 0 9 1 0
1 0 4 0 2 0 8 0
7 2 1 2 1 9 2 0
4 2 1 2 1 5 7 0
8 2 0 2 0 10 0 0
8 1 0 2 0 10 0 1
5 2 1 2 2 6 6 0
4 2 1 2 2 5 6 0
3 1 0 1 0 2 0 1
2 1 2 0 2 1 15 0
2 1 0 0 0 1 0 1
9 2 0 2 0 16 0 0
5 2 2 2 2 7 5 0
8 2 1 4 0 15 1 0
6 2 2 2 2 8 5 0
3 2 1 1 1 3 7 0
3 2 1 1 1 3 8 0
6 2 1 2 1 8 2 0
2 1 0 0 0 1 0 1
####
3 0 0 8 0 19 6 0 18 0
4 0 0 8 0 19 6 0 11 0
4 3 0 8 0 19 6 0 13 0
5 0 0 8 0 19 6 0 11 0
5 3 0 8 0 19 6 0 13 0
5 4 0 8 0 19 6 0 6 0
7 0 0 8 0 19 6 0 12 0
7 3 0 8 0 19 6 0 14 0
7 4 0 8 0 19 6 0 7 0
7 5 0 8 0 19 6 0 7 0
15 1 0 7 0 15 5 0 14 0
24 15 1 0 0 0 9 0 0 0
22 14 2 0 4 0 8 1 0 0
22 21 2 6 4 12 9 2 8 1
13 9 3 5 7 10 8 4 6 1
18 12 4 4 9 8 8 3 4 1
23 20 5 0 11 0 7 5 0 0
6 2 6 0 13 0 8 7 0 0
8 6 6 0 13 0 8 10 0 0
8 2 6 0 13 0 8 7 0 0
11 10 7 0 16 0 8 9 0 0
19 11 7 0 16 0 8 13 0 0
19 10 7 0 16 0 8 10 0 0
####
3 15 0 9 1 0 17
7 21 4 8 2 0 8
4 8 13 8 6 0 7
5 13 7 7 3 0 7
22 9 0 5 1 3 8
8 19 0 6 1 9 2
18 19 5 5 3 7 5
20 8 0 5 1 8 5
21 13 0 5 1 3 7
18 23 0 4 1 7 5
3 24 0 9 1 0 17
12 20 0 4 1 6 6
1 14 0 7 1 1 9
23 2 0 5 1 8 2
3 6 13 8 6 0 17
7 10 16 8 7 0 8
7 23 11 7 5 0 8
0 22 4 8 2 0 15
15 22 0 7 1 1 15
6 11 0 6 1 9 1
19 17 0 4 1 15 1
0 18 9 7 4 0 15
2 10 0 6 1 9 1
4 16 0 9 1 0 7
1 9 3 6 2 1 9
4 20 11 7 5 0 7
0 1 0 9 1 0 15
3 12 9 7 4 0 17
15 21 0 7 1 1 15
13 18 0 4 1 5 6
20 6 0 5 1 8 5
7 17 19 6 8 0 8
0 2 13 8 6 0 15
9 12 0 4 1 5 7
