1 0 4 0 3 0 9 0
1 0 2 0 1 0 5 0
1 0 3 0 5 0 16 0
1 0 2 0 4 0 12 0
1 0 3 0 4 0 10 0
2 1 2 0 2 1 7 0
1 0 3 0 4 0 16 0
6 2 1 2 0 8 1 0
2 1 3 0 2 1 11 0
2 1 3 0 4 1 14 0
6 2 1 4 1 12 2 0
5 2 1 3 1 8 2 0
4 2 1 2 1 5 3 0
3 2 1 1 2 2 3 0
3 2 1 1 1 3 4 0
6 2 1 2 0 9 1 0
4 2 2 2 0 4 2 0
7 2 1 2 0 13 1 0
3 2 2 1 2 3 9 0
7 2 0 2 0 10 0 0
5 2 1 2 1 6 2 0
2 1 0 0 0 1 0 1
4 2 1 2 1 5 3 0
4 2 1 3 1 6 4 0
5 2 1 2 1 8 3 0
3 2 0 1 0 3 0 0
3 2 1 2 1 4 3 0
8 1 0 2 0 14 0 1
7 2 0 4 0 11 0 0
5 1 0 2 0 5 0 1
####
2 0 0 6 0 20 9 0 8 0
2 1 0 7 0 23 7 0 8 0
3 0 0 6 0 20 9 0 9 0
3 1 0 7 0 23 7 0 8 0
3 2 0 7 0 23 7 0 10 0
4 0 0 6 0 20 9 0 4 0
4 1 0 7 0 23 7 0 7 0
4 2 0 7 0 23 7 0 9 0
4 3 0 7 0 23 7 0 9 0
6 0 0 6 0 20 9 0 10 0
6 1 0 7 0 23 7 0 10 0
6 2 0 7 0 23 7 0 12 0
6 3 0 7 0 23 7 0 12 0
6 4 0 7 0 23 7 0 11 0
8 5 0 6 0 19 5 0 7 0
9 5 0 6 0 19 5 0 9 0
9 8 0 6 0 19 5 0 10 0
18 13 2 4 4 11 14 2 4 1
25 13 2 0 4 0 11 1 0 0
25 14 2 0 4 0 11 2 0 0
25 18 2 0 4 0 11 1 0 0
26 13 2 0 4 0 11 2 0 0
26 18 2 5 4 14 12 2 6 1
26 25 2 0 4 0 11 1 0 0
16 12 3 3 9 7 13 1 2 1
22 16 3 0 9 0 10 0 0 0
22 12 3 0 9 0 10 1 0 0
23 16 3 0 9 0 10 1 0 0
23 12 3 0 9 0 10 2 0 0
23 22 3 0 9 0 10 1 0 0
20 11 4 0 13 0 10 3 0 0
24 20 4 0 13 0 10 4 0 0
24 11 4 0 13 0 10 3 0 0
29 20 4 0 13 0 10 3 0 0
29 11 4 0 13 0 10 2 0 0
29 24 4 0 13 0 10 3 0 0
15 7 5 0 17 0 9 5 0 0
15 10 5 0 17 0 9 5 0 0
10 7 5 0 17 0 9 6 0 0
19 17 6 0 20 0 9 7 0 0
28 19 6 0 20 0 9 7 0 0
28 17 6 0 20 0 9 9 0 0
####
9 26 0 9 1 1 14
1 21 0 10 1 0 5
4 7 17 9 5 0 10
6 9 0 10 1 0 16
10 17 0 6 1 12 2
0 20 13 10 4 0 9
8 23 5 8 2 1 11
0 14 4 11 2 0 9
2 18 4 11 2 0 16
16 28 7 7 3 4 2
20 7 0 7 1 6 2
2 22 9 10 3 0 16
5 26 0 9 1 1 7
9 18 0 9 1 1 14
15 19 0 6 1 9 1
3 17 20 9 6 0 12
14 22 0 9 1 3 4
18 23 0 9 1 3 9
8 14 0 9 1 1 11
12 20 0 8 1 5 3
18 12 0 9 1 3 9
16 29 0 8 1 4 2
13 16 0 9 1 2 3
6 25 4 11 2 0 16
7 28 0 6 1 8 1
24 10 0 7 1 8 3
8 25 0 9 1 1 11
2 16 9 10 3 0 16
1 24 13 10 4 0 5
5 11 9 8 3 1 7
4 5 0 10 1 0 10
0 12 9 10 3 0 9
22 11 0 8 1 5 3
17 27 0 4 1 13 1
23 24 0 8 1 6 4
9 13 0 9 1 1 14
0 19 20 9 6 0 9
4 15 17 9 5 0 10
3 8 0 10 1 0 12
6 13 4 11 2 0 16
26 10 8 8 3 4 3
11 15 0 7 1 8 2
