11 1 2 2 2 14 11 0
1 0 2 0 1 0 17 0
1 0 4 0 5 0 18 0
1 0 3 0 5 0 22 0
1 0 3 0 3 0 5 0
2 1 2 0 2 1 15 0
1 0 4 0 4 0 20 0
8 2 1 3 2 11 14 0
2 1 2 0 2 1 21 0
3 2 2 1 2 2 19 0
15 2 1 2 0 19 1 0
2 1 0 0 0 1 0 1
9 2 2 2 3 12 13 0
12 2 1 3 2 15 4 0
3 1 0 1 0 2 0 1
13 2 1 2 1 16 4 0
14 2 1 2 2 17 3 0
6 2 1 2 1 7 16 0
16 2 0 2 0 20 0 0
4 2 1 2 1 4 18 0
12 2 1 3 1 15 5 0
16 1 0 2 0 20 0 1
5 2 1 2 1 5 17 0
13 2 2 2 1 16 3 0
15 2 2 2 0 19 2 0
7 2 1 2 1 9 15 0
2 1 0 0 0 1 0 1
10 2 2 2 3 13 12 0
16 2 0 4 0 20 0 0
14 2 1 3 1 17 2 0
####
2 1 0 15 0 22 8 0 20 0
3 1 0 15 0 22 8 0 23 0
3 2 0 15 0 22 8 0 25 0
4 1 0 15 0 22 8 0 10 0
4 2 0 15 0 22 8 0 12 0
4 3 0 15 0 22 8 0 15 0
6 1 0 15 0 22 8 0 21 0
6 2 0 15 0 22 8 0 23 0
6 3 0 15 0 22 8 0 26 0
6 4 0 15 0 22 8 0 13 0
8 5 0 14 0 18 7 0 21 0
14 9 2 0 4 0 7 2 0 0
20 13 11 0 14 0 7 10 0 0
23 15 12 0 16 0 7 12 0 0
29 16 13 0 18 0 7 14 0 0
24 10 14 0 20 0 7 16 0 0
21 18 15 0 22 0 8 18 0 0
28 18 15 0 22 0 8 18 0 0
28 21 15 0 22 0 8 18 0 0
####
12 27 0 2 1 12 13
0 20 0 3 1 14 11
7 12 0 2 1 11 14
4 18 22 8 15 0 5
1 26 0 9 1 0 17
8 9 0 6 1 1 21
9 29 12 4 11 2 19
15 16 0 4 1 16 4
17 25 0 2 1 7 16
2 12 11 6 8 0 18
19 22 0 2 1 4 18
2 5 0 9 1 0 18
16 24 0 4 1 17 3
8 14 0 6 1 1 21
12 20 2 3 3 12 13
1 25 9 6 6 0 17
24 18 0 5 1 19 2
6 22 7 6 4 0 20
4 24 20 7 14 0 5
2 15 16 7 12 0 18
4 10 20 7 14 0 5
6 11 0 9 1 0 20
3 23 16 7 12 0 22
22 17 0 2 1 5 17
23 29 0 4 1 16 3
25 7 0 2 1 9 15
27 13 1 3 2 13 12
3 9 4 7 2 0 22
10 28 0 5 1 19 1
2 17 8 6 5 0 18
27 0 0 2 1 13 12
6 19 6 6 3 0 20
13 23 0 4 1 15 4
5 16 14 6 12 1 15
23 28 4 5 3 16 3
5 7 6 5 6 1 15
0 13 0 3 1 14 11
29 10 0 4 1 17 2
3 8 0 9 1 0 22
6 27 12 6 9 0 20
20 15 0 4 1 15 5
9 19 0 3 1 2 19
24 21 0 5 1 19 2
