1 0 3 0 3 0 10 0
1 0 3 0 5 0 10 0
1 0 4 0 4 0 13 0
5 2 1 2 1 6 2 0
1 0 4 0 2 0 9 0
2 1 0 0 0 1 0 1
1 0 1 0 1 0 2 0
1 0 4 0 5 0 12 0
2 1 1 0 2 1 4 0
5 2 1 2 1 5 2 0
4 2 1 2 0 5 1 0
2 1 2 0 3 1 9 0
4 1 0 2 0 4 0 1
2 1 3 0 3 1 9 0
6 2 1 4 0 13 1 0
3 2 1 1 0 3 1 0
3 2 1 1 1 3 2 0
5 2 0 4 0 11 0 0
3 2 1 1 1 3 4 0
3 2 2 1 1 3 5 0
4 2 1 2 0 5 1 0
7 2 0 2 0 14 0 0
2 1 0 0 0 1 0 1
3 2 1 1 0 3 1 0
4 1 0 2 0 4 0 1
4 2 1 2 1 5 3 0
3 2 2 1 1 3 3 0
4 2 1 2 1 4 3 0
4 2 0 2 0 4 0 0
4 1 0 2 0 4 0 1
####
1 0 0 6 0 23 7 0 10 0
2 0 0 6 0 23 7 0 9 0
2 1 0 6 0 23 7 0 9 0
4 0 0 6 0 23 7 0 9 0
4 1 0 6 0 23 7 0 9 0
4 2 0 6 0 23 7 0 8 0
6 0 0 4 0 19 9 0 4 0
6 2 0 4 0 19 9 0 4 0
6 4 0 4 0 19 9 0 2 0
7 0 0 6 0 23 7 0 8 0
7 1 0 6 0 23 7 0 8 0
7 2 0 6 0 23 7 0 7 0
7 4 0 6 0 23 7 0 7 0
7 6 0 4 0 19 9 0 5 0
11 8 0 3 0 14 8 0 4 0
13 11 0 5 0 18 6 0 8 0
22 5 1 0 0 0 11 0 0 0
16 15 2 0 5 0 12 0 0 0
18 15 2 0 5 0 12 2 0 0
19 16 2 0 5 0 12 2 0 0
19 18 0 4 0 12 7 0 6 0
23 15 2 0 5 0 12 2 0 0
23 18 2 0 5 0 12 2 0 0
23 19 2 0 5 0 12 0 0 0
26 15 2 0 5 0 12 0 0 0
26 16 2 2 5 8 15 0 2 1
26 19 2 0 5 0 12 1 0 0
26 23 2 0 5 0 12 1 0 0
20 10 3 1 11 0 17 2 0 1
20 12 3 0 11 0 14 2 0 0
24 20 3 0 11 0 14 2 0 0
24 10 3 0 11 0 14 2 0 0
24 12 3 0 11 0 14 2 0 0
25 20 3 0 11 0 14 4 0 0
25 24 3 0 11 0 14 1 0 0
25 10 3 0 11 0 14 3 0 0
25 12 3 0 11 0 14 3 0 0
12 10 3 0 11 0 14 4 0 0
27 20 3 0 11 0 14 1 0 0
27 24 3 0 11 0 14 4 0 0
27 25 0 3 0 4 9 0 4 0
28 20 3 0 11 0 14 4 0 0
28 25 3 0 11 0 14 4 0 0
28 10 3 0 11 0 14 3 0 0
28 12 3 0 11 0 14 3 0 0
29 24 3 0 11 0 14 4 0 0
29 25 3 0 11 0 14 2 0 0
29 10 3 0 11 0 14 3 0 0
29 12 3 0 11 0 14 3 0 0
29 27 3 0 11 0 14 4 0 0
29 28 3 0 11 0 14 2 0 0
17 3 4 0 19 0 9 6 0 0
17 9 4 0 19 0 9 3 0 0
9 3 0 2 0 1 4 0 2 0
####
11 16 0 11 1 1 9
10 17 0 11 1 5 1
4 18 5 12 2 0 9
2 8 0 11 1 0 13
7 25 11 14 3 0 12
7 16 5 12 2 0 12
4 22 0 11 1 0 9
0 3 19 9 4 0 10
20 17 0 11 1 5 1
11 19 0 11 1 1 9
3 14 0 4 1 6 2
26 10 0 14 1 3 3
2 19 5 12 2 0 13
7 15 5 12 2 0 12
0 21 23 7 6 0 10
6 10 11 14 3 0 2
18 27 0 14 1 3 4
2 23 5 12 2 0 13
0 11 0 11 1 0 10
19 25 0 14 1 3 5
26 12 0 14 1 3 3
19 28 0 14 1 3 5
9 14 0 4 1 5 2
4 5 0 11 1 0 9
1 13 0 11 1 0 10
23 29 0 14 1 3 1
13 15 0 11 1 1 9
1 9 19 9 4 0 10
27 9 0 11 1 4 3
25 3 0 11 1 5 3
4 20 11 14 3 0 9
8 26 0 11 1 1 4
13 23 0 11 1 1 9
15 24 0 14 1 3 1
2 28 11 14 3 0 13
7 26 5 12 2 0 12
1 27 11 14 3 0 10
13 18 0 11 1 1 9
14 21 0 2 1 13 1
16 20 0 14 1 3 2
