1 0 3 0 3 0 12 0
1 0 3 0 5 0 16 0
1 0 3 0 1 0 5 0
1 0 3 0 3 0 11 0
5 2 1 2 2 6 8 0
1 0 3 0 5 0 16 0
2 1 1 0 1 1 11 0
2 1 3 0 4 1 15 0
3 2 2 1 3 3 10 0
10 2 1 2 1 15 2 0
3 2 2 1 1 3 4 0
4 2 1 2 1 4 2 0
4 2 0 2 0 5 0 0
3 2 1 1 1 3 10 0
8 2 1 2 1 12 4 0
6 2 2 4 1 10 7 0
11 2 1 4 0 18 1 0
4 2 1 2 0 4 1 0
12 2 0 2 0 19 0 0
3 1 0 1 0 2 0 1
5 1 0 2 0 5 0 1
9 2 1 2 1 14 3 0
4 2 1 2 1 5 9 0
7 2 1 2 1 11 5 0
7 1 0 2 0 11 0 1
####
1 0 0 11 0 19 6 0 21 0
2 0 0 11 0 19 6 0 13 0
2 1 0 11 0 19 6 0 14 0
3 0 0 11 0 19 6 0 19 0
3 1 0 11 0 19 6 0 20 0
3 2 0 11 0 19 6 0 12 0
5 0 0 11 0 19 6 0 20 0
5 1 0 11 0 19 6 0 21 0
5 2 0 11 0 19 6 0 13 0
5 3 0 11 0 19 6 0 19 0
7 6 0 10 0 17 3 0 18 0
10 8 2 9 2 13 10 0 8 1
13 8 0 9 0 13 5 0 14 0
13 10 0 9 0 13 5 0 10 0
19 8 2 0 2 0 9 2 0 0
19 10 2 0 2 0 9 2 0 0
12 11 3 0 6 0 9 2 0 0
17 11 3 0 6 0 9 2 0 0
17 12 3 0 6 0 9 2 0 0
22 11 3 8 6 9 10 1 8 1
22 12 3 0 6 0 9 1 0 0
22 17 3 0 6 0 9 1 0 0
20 4 4 0 10 0 7 3 0 0
24 23 6 0 13 0 7 10 0 0
####
11 16 8 5 7 4 2
13 22 0 8 1 3 10
10 11 0 8 1 3 4
2 18 19 6 11 0 5
17 20 0 6 1 4 1
21 9 0 2 1 14 3
2 12 6 9 3 0 5
3 14 15 6 7 0 11
15 23 0 3 1 10 7
10 12 0 8 1 3 4
7 19 0 6 1 1 15
7 10 0 6 1 1 15
1 10 2 9 2 0 16
3 4 10 7 4 0 11
16 18 0 2 1 18 1
8 15 6 5 3 3 10
3 13 2 9 2 0 11
5 11 6 9 3 0 16
5 17 6 9 3 0 16
22 4 0 6 1 5 9
9 16 0 2 1 15 2
23 14 0 3 1 11 5
8 17 0 8 1 3 10
0 23 13 7 6 0 12
1 22 6 9 3 0 16
15 24 0 3 1 10 7
4 15 0 3 1 6 8
5 7 0 7 1 0 16
2 21 16 6 8 0 5
0 6 0 7 1 0 12
1 8 2 9 2 0 16
6 13 0 6 1 1 11
14 21 0 2 1 12 4
0 9 17 6 9 0 12
7 8 0 6 1 1 15
