1 0 3 0 3 0 8 0
1 0 3 0 3 0 12 0
11 2 1 2 0 20 1 0
1 0 2 0 3 0 16 0
2 1 3 0 3 1 15 0
1 0 4 0 4 0 15 0
1 0 1 0 2 0 14 0
1 0 4 0 4 0 7 0
5 2 1 2 2 8 7 0
2 1 2 0 1 1 13 0
1 0 3 0 3 0 16 0
7 2 1 2 2 10 7 0
9 2 1 2 2 18 4 0
2 1 1 0 1 1 10 0
5 2 1 3 1 8 9 0
3 2 1 1 2 3 3 0
4 2 2 2 0 5 2 0
11 2 0 2 0 20 0 0
2 2 1 0 1 2 2 0
3 2 1 1 1 3 11 0
8 2 2 4 1 17 6 0
2 1 0 0 0 1 0 1
3 2 1 1 1 3 9 0
2 1 0 0 0 1 0 1
10 2 2 2 1 19 3 0
6 2 1 2 1 9 8 0
12 2 0 4 0 24 0 0
3 2 1 2 0 3 1 0
5 1 0 2 0 6 0 1
9 2 0 4 0 21 0 0
3 1 0 1 0 2 0 1
4 2 1 2 1 5 10 0
4 2 1 3 1 6 8 0
####
1 0 0 11 0 25 8 0 13 0
3 0 0 11 0 25 8 0 15 0
3 1 0 11 0 25 8 0 18 0
5 0 0 11 0 25 8 0 17 0
5 1 0 11 0 25 8 0 20 0
5 3 0 11 0 25 8 0 22 0
6 0 0 11 0 25 8 0 15 0
6 1 0 11 0 25 8 0 18 0
6 3 0 11 0 25 8 0 20 0
6 5 0 11 0 25 8 0 22 0
7 0 0 11 0 25 8 0 7 0
7 1 0 11 0 25 8 0 10 0
7 3 0 11 0 25 8 0 12 0
7 5 0 11 0 25 8 0 14 0
7 6 0 11 0 25 8 0 12 0
10 0 0 11 0 25 8 0 15 0
10 1 0 11 0 25 8 0 18 0
10 3 0 11 0 25 8 0 20 0
10 5 0 11 0 25 8 0 22 0
10 6 0 11 0 25 8 0 20 0
10 7 0 11 0 25 8 0 12 0
9 4 0 10 0 19 7 0 18 0
13 4 0 10 0 19 7 0 16 0
13 9 0 10 0 19 7 0 16 0
18 4 0 10 0 19 7 0 10 0
18 9 0 10 0 19 7 0 10 0
18 13 0 10 0 19 7 0 8 0
21 13 1 0 0 0 13 0 0 0
23 18 1 0 0 0 13 0 0 0
19 15 0 6 0 9 7 0 6 0
22 15 0 6 0 9 7 0 4 0
22 19 2 9 6 14 13 0 14 1
27 15 2 0 6 0 12 1 0 0
27 19 0 9 0 14 6 0 8 0
27 22 0 9 0 14 6 0 6 0
30 19 2 0 6 0 12 2 0 0
31 16 3 5 11 6 12 1 4 1
32 16 3 5 11 6 12 3 2 1
32 31 3 8 11 11 11 2 12 1
28 14 4 0 14 0 10 4 0 0
28 8 4 0 14 0 10 5 0 0
14 8 4 7 14 8 11 3 10 1
29 12 8 0 20 0 9 4 0 0
17 2 10 0 23 0 9 8 0 0
####
13 22 0 11 1 1 10
1 21 0 13 1 0 12
6 9 0 13 1 0 14
27 26 14 6 9 3 1
24 17 0 3 1 19 3
0 2 23 9 10 0 8
16 28 0 6 1 5 2
10 15 6 12 2 0 16
20 29 0 3 1 17 6
5 19 6 12 2 0 15
15 16 0 8 1 3 3
7 16 11 10 3 0 7
3 17 23 9 10 0 16
2 26 0 3 1 20 1
20 12 0 3 1 17 6
18 27 0 11 1 2 2
16 29 6 5 5 5 2
10 18 0 13 1 0 16
8 20 2 4 3 8 7
12 24 0 3 1 18 4
5 25 17 8 5 0 15
5 22 6 12 2 0 15
7 23 0 13 1 0 7
10 31 11 10 3 0 16
1 24 22 8 9 0 12
25 11 0 2 1 9 8
5 11 18 8 6 0 15
7 27 6 12 2 0 7
1 13 0 13 1 0 12
4 14 8 9 3 1 15
7 18 0 13 1 0 7
0 12 20 9 8 0 8
24 2 0 3 1 19 3
0 8 14 10 4 0 8
19 31 0 8 1 3 11
14 25 0 4 1 8 9
31 14 0 6 1 5 10
4 15 0 11 1 1 15
11 20 0 2 1 10 7
9 30 0 11 1 1 13
32 8 0 6 1 6 8
9 19 0 11 1 1 13
3 4 0 13 1 0 16
22 32 0 8 1 3 9
4 32 5 9 2 1 15
