1 0 3 0 3 0 14 0
7 1 2 2 1 8 6 0
1 0 2 0 1 0 8 0
8 1 0 1 0 9 0 1
1 0 4 0 3 0 8 0
1 0 2 0 2 0 17 0
1 0 2 0 1 0 5 0
1 0 4 0 6 0 17 0
2 1 3 0 1 1 16 0
1 0 2 0 1 0 9 0
7 2 0 2 0 9 0 0
3 2 1 1 1 3 13 0
4 2 1 2 2 5 12 0
2 2 1 0 1 2 7 0
2 1 0 0 0 1 0 1
9 2 1 2 1 17 3 0
5 2 2 2 3 6 11 0
2 1 0 0 0 1 0 1
3 1 0 1 0 2 0 1
6 2 1 2 0 8 1 0
11 2 1 2 0 19 1 0
3 2 1 2 1 4 6 0
7 1 0 2 0 9 0 1
4 2 1 2 1 6 5 0
12 2 0 2 0 20 0 0
2 1 0 0 0 1 0 1
10 2 1 2 1 18 2 0
6 2 2 2 2 7 8 0
3 2 0 1 0 2 0 0
8 2 1 3 1 15 4 0
####
2 0 0 11 0 22 8 0 14 0
4 0 0 11 0 22 8 0 13 0
4 2 0 11 0 22 8 0 11 0
5 0 0 11 0 22 8 0 20 0
5 2 0 11 0 22 8 0 18 0
5 4 0 11 0 22 8 0 17 0
6 0 0 11 0 22 8 0 11 0
6 2 0 11 0 22 8 0 9 0
6 4 0 11 0 22 8 0 8 0
6 5 0 11 0 22 8 0 15 0
7 0 0 11 0 22 8 0 18 0
7 2 0 11 0 22 8 0 16 0
7 4 0 11 0 22 8 0 15 0
7 5 0 11 0 22 8 0 22 0
7 6 0 11 0 22 8 0 13 0
9 0 0 11 0 22 8 0 15 0
9 2 0 11 0 22 8 0 13 0
9 4 0 11 0 22 8 0 12 0
9 5 0 11 0 22 8 0 19 0
9 6 0 11 0 22 8 0 10 0
9 7 0 11 0 22 8 0 17 0
13 8 0 10 0 17 6 0 15 0
14 13 1 0 0 0 12 0 0 0
18 11 2 0 5 0 11 2 0 0
21 11 2 9 5 13 12 1 13 1
28 11 2 0 5 0 11 2 0 0
28 18 2 0 5 0 11 2 0 0
23 12 3 8 9 11 10 3 11 1
27 19 5 0 12 0 9 4 0 0
22 1 6 0 14 0 10 6 0 0
22 10 6 0 14 0 10 6 0 0
10 1 6 0 14 0 10 6 0 0
29 3 7 0 17 0 9 8 0 0
####
0 27 12 9 5 0 14
1 3 0 5 1 8 6
5 13 0 12 1 0 17
7 16 11 8 4 0 17
19 22 0 5 1 8 1
12 16 0 3 1 5 12
8 28 0 9 1 1 16
1 29 0 5 1 8 6
13 21 0 9 1 2 7
15 26 0 2 1 17 3
7 20 21 8 10 0 17
26 20 0 2 1 18 2
4 19 12 9 5 0 8
6 10 14 10 6 0 5
0 17 0 12 1 0 14
4 23 9 9 3 0 8
27 10 0 5 1 7 8
4 24 22 8 11 0 8
7 28 5 11 2 0 17
6 15 19 8 8 0 5
27 1 0 5 1 7 8
9 14 0 12 1 0 9
5 11 5 11 2 0 17
8 11 0 9 1 1 16
23 29 6 4 4 6 5
21 23 0 6 1 4 6
0 12 9 9 3 0 14
16 19 0 3 1 6 11
29 15 0 3 1 15 4
11 12 0 6 1 3 13
9 13 0 12 1 0 9
20 24 0 2 1 19 1
2 21 5 11 2 0 8
4 26 20 8 9 0 8
16 27 0 3 1 6 11
8 18 0 9 1 1 16
2 25 0 12 1 0 8
7 8 0 12 1 0 17
