1 0 3 0 2 0 5 0
1 0 4 0 5 0 14 0
1 0 3 0 2 0 5 0
7 1 0 2 0 10 0 1
1 0 4 0 6 0 14 0
2 1 2 0 3 1 9 0
1 0 3 0 4 0 17 0
4 2 1 2 1 4 3 0
1 0 4 0 4 0 14 0
2 1 2 0 3 1 13 0
2 1 2 0 0 1 2 0
5 2 1 2 0 8 1 0
2 2 1 0 1 2 3 0
2 2 1 0 1 2 3 0
6 2 0 3 0 8 0 0
2 1 0 0 0 1 0 1
3 2 1 2 1 4 2 0
3 2 2 1 3 3 7 0
4 2 1 2 0 4 1 0
4 2 1 2 1 4 2 0
4 2 2 3 2 6 4 0
4 2 1 2 0 6 1 0
6 2 0 4 0 14 0 0
5 2 1 2 0 6 1 0
5 2 1 2 0 8 1 0
6 1 0 2 0 9 0 1
5 1 0 2 0 5 0 1
5 2 1 4 1 7 2 0
3 2 1 1 1 3 3 0
3 2 1 1 1 3 4 0
6 2 1 2 0 9 1 0
3 2 0 1 0 3 0 0
####
1 0 0 5 0 21 10 0 6 0
2 0 0 5 0 21 10 0 4 0
2 1 0 5 0 21 10 0 4 0
4 0 0 5 0 21 10 0 6 0
4 1 0 6 0 25 7 0 6 0
4 2 0 5 0 21 10 0 4 0
6 0 0 5 0 21 10 0 10 0
6 1 0 6 0 25 7 0 10 0
6 2 0 5 0 21 10 0 8 0
6 4 0 6 0 25 7 0 6 0
8 0 0 5 0 21 10 0 6 0
8 1 0 6 0 25 7 0 8 0
8 2 0 5 0 21 10 0 4 0
8 4 0 6 0 25 7 0 4 0
8 6 0 6 0 25 7 0 8 0
9 5 0 4 0 15 10 0 5 0
10 5 1 4 0 15 16 0 3 1
12 9 0 5 0 19 7 0 6 0
13 5 0 4 0 15 10 0 4 0
13 9 1 4 0 15 16 0 5 1
13 12 1 0 0 0 12 0 0 0
17 16 2 3 6 10 15 2 3 1
28 16 2 0 6 0 11 1 0 0
29 16 2 0 6 0 11 2 0 0
29 17 2 0 6 0 11 2 0 0
31 28 2 0 6 0 11 2 0 0
18 7 3 0 11 0 11 4 0 0
20 18 3 0 11 0 11 2 0 0
20 19 3 0 11 0 11 3 0 0
20 7 3 0 11 0 11 2 0 0
21 18 3 0 11 0 11 4 0 0
21 20 3 2 11 5 15 4 1 1
21 19 3 0 11 0 11 3 0 0
21 7 3 0 11 0 11 4 0 0
24 11 4 0 16 0 11 4 0 0
24 23 4 0 16 0 11 5 0 0
26 11 4 0 16 0 11 4 0 0
26 24 4 0 16 0 11 4 0 0
23 11 4 0 16 0 11 5 0 0
27 11 4 0 16 0 11 5 0 0
27 24 4 0 16 0 11 5 0 0
27 26 4 0 16 0 11 5 0 0
27 23 4 0 16 0 11 3 0 0
22 14 5 0 21 0 10 2 0 0
25 22 5 0 21 0 10 6 0 0
25 14 5 0 21 0 10 8 0 0
30 22 5 0 21 0 10 7 0 0
30 25 5 0 21 0 10 7 0 0
30 14 5 0 21 0 10 5 0 0
####
6 9 0 12 1 0 17
8 13 0 12 1 0 14
12 27 10 11 3 2 3
30 3 0 5 1 9 1
1 17 6 11 2 0 14
17 20 0 10 1 3 7
18 26 0 10 1 4 1
9 29 0 11 1 1 13
0 16 6 11 2 0 5
16 21 0 10 1 4 2
8 28 6 11 2 0 14
1 29 6 11 2 0 14
28 19 0 10 1 3 3
8 24 16 11 4 0 14
6 7 11 11 3 0 17
0 15 0 12 1 0 5
4 19 11 11 3 0 14
13 16 0 11 1 2 3
11 22 0 9 1 8 1
2 23 16 11 4 0 5
0 11 16 11 4 0 5
9 17 0 11 1 1 13
10 31 0 11 1 1 2
4 10 0 12 1 0 14
29 7 0 10 1 3 4
4 5 0 12 1 0 14
7 27 0 10 1 4 3
2 31 6 11 2 0 5
23 14 0 9 1 6 1
5 28 0 11 1 1 9
17 18 0 10 1 3 7
1 12 0 12 1 0 14
8 12 0 12 1 0 14
21 22 5 9 2 6 1
20 24 0 10 1 6 4
2 21 11 11 3 0 5
20 11 0 10 1 6 4
1 18 11 11 3 0 14
24 25 0 9 1 8 1
5 20 5 11 2 1 9
10 14 15 10 4 1 2
6 13 0 12 1 0 17
27 30 0 9 1 7 2
19 23 0 10 1 4 2
4 30 21 10 5 0 14
