1 0 3 0 3 0 11 0
1 0 3 0 6 0 19 0
4 2 1 2 1 5 4 0
1 0 2 0 2 0 11 0
1 0 3 0 4 0 13 0
1 0 3 0 2 0 8 0
1 0 3 0 4 0 17 0
2 1 2 0 0 1 2 0
1 0 4 0 4 0 14 0
6 2 1 2 1 9 5 0
2 1 3 0 4 1 15 0
5 2 1 2 1 6 4 0
4 2 1 2 2 5 9 0
4 2 1 2 0 5 1 0
2 1 2 0 1 1 8 0
7 1 0 2 0 9 0 1
6 2 1 2 1 8 3 0
7 2 1 2 1 11 4 0
3 2 1 1 1 3 6 0
9 2 1 2 1 15 2 0
7 2 1 2 1 9 2 0
5 2 0 2 0 7 0 0
8 2 1 4 1 14 3 0
3 2 1 1 1 3 5 0
3 2 2 1 2 3 12 0
4 2 1 2 1 4 5 0
8 2 1 2 0 10 1 0
10 2 1 2 0 16 1 0
9 2 0 3 0 13 0 0
5 2 2 2 2 7 8 0
6 2 1 3 0 8 1 0
11 1 0 2 0 17 0 1
3 2 0 1 0 2 0 0
3 1 0 1 0 2 0 1
####
1 0 0 10 0 26 8 0 19 0
3 0 0 10 0 26 8 0 13 0
3 1 0 10 0 26 8 0 16 0
4 0 0 10 0 26 8 0 16 0
4 1 0 10 0 26 8 0 19 0
4 3 0 10 0 26 8 0 13 0
5 1 0 8 0 23 9 0 7 0
5 3 0 8 0 23 9 0 10 0
5 4 0 4 0 12 10 0 1 0
6 0 0 10 0 26 8 0 16 0
6 1 0 10 0 26 8 0 19 0
6 3 0 10 0 26 8 0 13 0
6 4 0 10 0 26 8 0 16 0
6 5 0 8 0 23 9 0 9 0
8 0 0 10 0 26 8 0 12 0
8 1 0 10 0 26 8 0 15 0
8 3 0 10 0 26 8 0 9 0
8 4 0 10 0 26 8 0 12 0
8 5 0 8 0 23 9 0 13 0
8 6 0 10 0 26 8 0 12 0
10 7 1 0 0 0 10 0 0 0
14 7 0 7 0 20 5 0 6 0
24 23 2 8 3 18 13 2 11 1
32 18 2 0 3 0 12 2 0 0
33 23 2 0 3 0 12 2 0 0
33 24 2 0 3 0 12 2 0 0
12 2 3 7 8 14 12 0 9 1
13 2 3 0 8 0 11 4 0 0
13 12 3 0 8 0 11 4 0 0
21 11 4 0 12 0 10 2 0 0
29 21 4 0 12 0 10 6 0 0
16 9 5 0 15 0 10 1 0 0
30 16 5 0 15 0 10 3 0 0
30 9 5 0 15 0 10 4 0 0
20 17 6 0 18 0 10 3 0 0
20 15 6 0 18 0 10 5 0 0
17 15 6 0 18 0 10 6 0 0
26 22 7 0 21 0 9 5 0 0
28 19 8 0 23 0 9 10 0 0
####
11 16 0 6 1 6 4
29 9 0 6 1 7 8
0 2 8 11 3 0 11
26 28 0 4 1 10 1
3 11 12 10 4 0 11
22 19 0 4 1 14 3
2 22 9 6 4 5 4
24 13 0 9 1 3 12
6 24 3 12 2 0 17
13 21 0 7 1 5 1
8 14 0 10 1 0 14
20 26 0 5 1 9 2
10 30 12 6 4 1 15
7 33 0 8 1 1 2
14 18 0 8 1 1 8
8 32 3 12 2 0 14
5 18 3 12 2 0 8
23 2 0 9 1 3 5
4 13 8 11 3 0 13
4 23 3 12 2 0 13
9 17 0 6 1 9 5
7 28 20 5 7 1 2
1 10 0 10 1 0 19
1 7 0 10 1 0 19
8 25 8 11 3 0 14
25 11 0 7 1 4 5
29 30 0 6 1 7 8
0 12 8 11 3 0 11
10 24 0 8 1 1 15
3 9 15 10 5 0 11
17 22 0 5 1 11 4
5 21 12 10 4 0 8
10 23 0 8 1 1 15
8 17 18 10 6 0 14
12 29 0 7 1 5 9
6 26 21 9 7 0 17
27 31 0 2 1 16 1
16 20 0 6 1 8 3
4 29 12 10 4 0 13
30 15 0 6 1 8 1
18 25 0 9 1 3 6
0 19 23 9 8 0 11
1 27 25 8 9 0 19
19 27 0 3 1 15 2
5 20 18 10 6 0 8
14 32 0 8 1 1 8
24 12 0 9 1 3 12
6 16 15 10 5 0 17
