1 0 2 0 1 0 3 0
1 0 3 0 3 0 8 0
1 0 3 0 4 0 9 0
1 0 2 0 2 0 5 0
1 0 3 0 1 0 4 0
4 2 1 2 0 5 1 0
1 0 2 0 2 0 6 0
1 0 3 0 1 0 4 0
2 1 2 0 2 1 5 0
1 0 3 0 2 0 7 0
2 1 1 0 1 1 2 0
3 2 1 1 0 3 1 0
2 1 1 0 1 1 3 0
3 2 1 1 1 2 2 0
4 1 0 2 0 4 0 1
2 2 1 0 1 2 2 0
5 2 0 2 0 7 0 0
4 2 1 2 0 4 1 0
2 1 0 0 0 1 0 1
3 2 1 2 0 4 1 0
2 2 1 0 1 2 2 0
4 2 0 2 0 6 0 0
3 2 1 1 0 3 1 0
4 1 0 2 0 5 0 1
3 2 1 2 0 4 1 0
5 1 0 2 0 5 0 1
4 2 0 2 0 5 0 0
2 1 0 0 0 1 0 1
3 2 1 1 1 3 2 0
2 1 0 0 0 1 0 1
####
1 0 0 3 0 14 14 0 3 0
3 1 0 3 0 14 14 0 3 0
3 2 0 3 0 14 14 0 3 0
4 1 0 4 0 20 10 0 3 0
4 2 0 3 0 14 14 0 2 0
4 3 0 3 0 14 14 0 1 0
6 1 0 4 0 20 10 0 5 0
6 2 0 4 0 20 10 0 4 0
6 4 0 4 0 20 10 0 4 0
7 1 0 3 0 14 14 0 1 0
7 2 0 3 0 14 14 0 3 0
7 3 0 3 0 14 14 0 2 0
9 1 0 4 0 20 10 0 2 0
9 2 0 3 0 14 14 0 4 0
9 3 0 3 0 14 14 0 4 0
9 4 0 4 0 20 10 0 1 0
9 6 0 4 0 20 10 0 3 0
9 7 0 3 0 14 14 0 3 0
20 8 1 0 0 0 16 0 0 0
20 15 1 0 0 0 16 0 0 0
13 11 2 0 8 0 14 2 0 0
19 11 2 0 8 0 14 1 0 0
22 19 2 0 8 0 14 1 0 0
24 11 2 0 8 0 14 2 0 0
24 13 2 0 8 0 14 2 0 0
24 19 2 0 8 0 14 2 0 0
28 19 2 0 8 0 14 0 0 0
28 22 2 0 8 0 14 1 0 0
17 5 3 0 14 0 14 2 0 0
21 14 3 0 14 0 14 3 0 0
21 5 3 0 14 0 14 2 0 0
14 5 3 0 14 0 14 3 0 0
23 17 3 0 14 0 14 4 0 0
23 21 3 0 14 0 14 1 0 0
26 17 3 0 14 0 14 4 0 0
26 21 3 0 14 0 14 3 0 0
26 23 3 0 14 0 14 4 0 0
26 5 3 0 14 0 14 0 0 0
25 16 4 0 20 0 10 4 0 0
####
3 15 0 16 1 0 5
7 21 14 14 3 0 4
8 13 0 14 1 1 5
2 8 0 16 1 0 9
3 11 8 14 2 0 5
13 17 0 12 1 2 2
17 25 0 8 1 4 1
15 19 0 14 1 2 2
6 17 14 14 3 0 6
28 5 0 12 1 3 2
9 15 0 16 1 0 7
7 24 8 14 2 0 4
22 14 0 12 1 3 1
2 13 8 14 2 0 9
24 23 0 12 1 4 1
1 28 8 14 2 0 8
1 10 0 16 1 0 8
12 28 0 14 1 1 3
10 22 0 14 1 1 2
19 21 0 12 1 4 1
0 22 8 14 2 0 3
9 20 0 16 1 0 7
4 5 14 14 3 0 4
7 27 0 16 1 0 4
8 11 0 14 1 1 5
0 18 0 16 1 0 3
2 20 0 16 1 0 9
9 16 20 10 4 0 7
11 26 0 12 1 3 1
1 19 8 14 2 0 8
6 12 0 16 1 0 6
4 29 0 16 1 0 4
5 16 0 8 1 5 1
20 24 0 14 1 2 2
4 26 14 14 3 0 4
