1 0 4 0 6 0 14 0
1 0 2 0 3 0 13 0
1 0 2 0 2 0 11 0
1 0 2 0 1 0 5 0
1 0 3 0 4 0 13 0
2 1 2 0 2 1 7 0
1 0 2 0 2 0 12 0
3 2 1 2 0 4 1 0
1 0 3 0 2 0 13 0
2 1 2 0 3 1 10 0
4 2 1 2 2 7 5 0
4 2 1 3 1 6 6 0
2 1 2 0 2 1 10 0
2 2 1 0 2 2 8 0
3 2 1 2 0 4 1 0
6 2 1 2 1 9 4 0
5 2 2 2 2 8 4 0
10 2 0 4 0 21 0 0
8 2 1 3 1 12 2 0
7 2 0 2 0 12 0 0
3 2 2 3 2 5 7 0
3 2 1 1 1 3 7 0
4 2 0 2 0 5 0 0
7 2 1 2 1 11 3 0
7 1 0 2 0 11 0 1
6 2 2 2 0 10 2 0
2 2 1 0 1 2 2 0
5 2 1 2 1 7 5 0
2 1 0 0 0 1 0 1
9 2 1 4 0 18 1 0
4 1 0 2 0 5 0 1
####
1 0 0 9 0 23 8 0 15 0
2 0 0 9 0 23 8 0 12 0
2 1 0 9 0 23 8 0 13 0
3 0 0 9 0 23 8 0 10 0
3 1 0 9 0 23 8 0 11 0
3 2 0 9 0 23 8 0 8 0
4 0 0 9 0 23 8 0 16 0
4 1 0 9 0 23 8 0 17 0
4 2 0 9 0 23 8 0 14 0
4 3 0 9 0 23 8 0 12 0
6 0 0 9 0 23 8 0 15 0
6 1 0 9 0 23 8 0 16 0
6 2 0 9 0 23 8 0 13 0
6 3 0 9 0 23 8 0 11 0
6 4 0 9 0 23 8 0 17 0
8 0 0 9 0 23 8 0 12 0
8 1 0 9 0 23 8 0 13 0
8 2 0 9 0 23 8 0 10 0
8 3 0 9 0 23 8 0 8 0
8 4 0 9 0 23 8 0 14 0
8 6 0 9 0 23 8 0 13 0
9 5 0 8 0 17 7 0 10 0
12 5 0 8 0 17 7 0 13 0
12 9 0 8 0 17 7 0 11 0
13 5 0 8 0 17 7 0 10 0
13 9 0 8 0 17 7 0 8 0
13 12 0 8 0 17 7 0 11 0
26 5 1 0 0 0 13 0 0 0
26 13 1 0 0 0 13 0 0 0
28 13 1 0 0 0 13 0 0 0
28 26 1 0 0 0 13 0 0 0
14 7 2 0 6 0 11 1 0 0
20 14 2 0 6 0 11 2 0 0
20 7 2 0 6 0 11 2 0 0
21 14 2 0 6 0 11 2 0 0
21 20 0 7 0 13 5 0 9 0
21 7 2 0 6 0 11 1 0 0
11 10 3 6 10 9 12 1 6 1
22 10 3 0 10 0 11 4 0 0
22 11 3 0 10 0 11 4 0 0
30 10 3 0 10 0 11 4 0 0
30 11 3 0 10 0 11 3 0 0
30 22 3 0 10 0 11 3 0 0
27 16 4 5 14 7 10 3 4 1
25 15 5 0 16 0 9 3 0 0
24 19 6 0 18 0 10 2 0 0
24 23 6 0 18 0 10 5 0 0
23 19 6 0 18 0 10 5 0 0
####
0 27 14 9 4 0 14
8 13 0 13 1 0 13
27 15 0 4 1 7 5
20 29 12 5 6 5 7
2 22 10 11 3 0 11
8 28 0 13 1 0 13
14 22 0 8 1 4 1
16 17 7 3 5 8 4
15 23 0 5 1 9 4
2 9 0 13 1 0 11
25 19 0 5 1 10 2
5 18 15 7 6 1 7
11 27 0 6 1 6 6
26 7 0 10 1 2 2
16 25 0 4 1 8 4
13 20 0 10 1 2 8
6 15 16 9 5 0 12
12 21 0 10 1 1 10
29 17 0 2 1 18 1
4 10 10 11 3 0 13
9 14 0 10 1 1 10
12 14 0 10 1 1 10
9 20 0 10 1 1 10
5 11 4 10 2 1 7
0 25 16 9 5 0 14
3 23 18 10 6 0 5
4 16 14 9 4 0 13
20 10 0 8 1 5 7
0 5 0 13 1 0 14
3 19 18 10 6 0 5
21 11 0 8 1 3 7
8 26 0 13 1 0 13
0 26 0 13 1 0 14
1 12 0 13 1 0 13
10 16 0 6 1 7 5
25 24 0 5 1 10 2
7 30 0 8 1 4 1
18 29 0 2 1 12 2
6 13 0 13 1 0 12
1 7 6 11 2 0 13
4 21 6 11 2 0 13
23 18 0 4 1 11 3
