1 0 4 0 7 0 15 0
1 0 4 0 5 0 8 0
1 0 3 0 3 0 11 0
2 1 3 0 4 1 12 0
3 1 0 1 0 2 0 1
3 2 2 1 1 3 6 0
3 2 2 1 1 2 3 0
6 2 1 2 0 7 1 0
4 2 1 2 0 4 1 0
5 2 0 4 0 8 0 0
2 1 1 0 1 1 3 0
4 2 1 2 2 4 4 0
6 1 0 2 0 7 0 1
3 2 1 1 1 3 2 0
5 2 2 2 1 6 3 0
5 1 0 2 0 5 0 1
4 2 0 2 0 4 0 0
7 1 0 2 0 8 0 1
4 2 1 2 0 5 1 0
####
1 0 0 6 0 15 4 0 7 0
2 0 0 6 0 15 4 0 9 0
2 1 0 6 0 15 4 0 6 0
10 3 0 3 0 8 5 0 3 0
5 4 2 0 2 0 7 2 0 0
6 4 2 0 2 0 7 2 0 0
6 5 2 0 2 0 7 2 0 0
13 4 2 0 2 0 7 1 0 0
13 5 2 2 2 4 10 1 1 1
13 6 2 0 2 0 7 1 0 0
11 8 3 0 6 0 7 4 0 0
16 8 3 0 6 0 7 4 0 0
16 11 3 0 6 0 7 4 0 0
18 8 3 0 6 0 7 3 0 0
18 11 3 0 6 0 7 3 0 0
18 16 3 0 6 0 7 3 0 0
14 9 4 0 10 0 6 7 0 0
15 14 4 0 10 0 6 6 0 0
15 9 4 0 10 0 6 7 0 0
12 7 5 0 13 0 5 8 0 0
####
5 9 4 7 2 3 6
11 14 0 7 1 4 4
2 5 2 7 2 0 11
0 3 0 5 1 0 15
1 14 10 6 4 0 8
0 11 6 7 3 0 15
3 6 0 6 1 1 12
18 9 0 7 1 5 1
8 15 0 7 1 4 1
2 16 6 7 3 0 11
5 11 0 8 1 3 6
10 13 0 6 1 1 3
2 10 0 5 1 0 11
3 5 0 6 1 1 12
6 8 0 8 1 2 3
14 7 0 5 1 6 3
0 13 2 7 2 0 15
1 18 6 7 3 0 8
0 6 2 7 2 0 15
1 8 6 7 3 0 8
14 12 0 5 1 6 3
13 18 0 8 1 3 2
1 7 13 5 5 0 8
7 17 0 3 1 7 1
3 4 0 6 1 1 12
6 16 0 8 1 2 3
