1 0 3 0 4 0 14 0
1 0 2 0 1 0 3 0
1 0 2 0 1 0 3 0
1 0 2 0 1 0 11 0
1 0 3 0 5 0 16 0
2 1 0 0 0 1 0 1
1 0 2 0 2 0 12 0
1 0 3 0 2 0 12 0
2 1 2 0 2 1 15 0
4 2 1 2 1 5 11 0
8 2 1 2 1 11 2 0
2 1 1 0 0 1 1 0
6 2 1 2 2 9 9 0
3 1 0 1 0 2 0 1
8 2 1 2 1 11 4 0
10 2 1 2 1 13 2 0
10 2 0 3 0 16 0 0
11 2 1 2 0 14 1 0
9 2 1 2 0 13 1 0
5 2 1 2 1 7 10 0
12 2 0 2 0 16 0 0
9 2 1 2 1 12 3 0
2 1 0 0 0 1 0 1
7 2 2 2 2 10 8 0
3 2 2 1 1 3 13 0
2 1 0 0 0 1 0 1
4 1 0 2 0 4 0 1
####
1 0 0 9 0 16 9 0 8 0
2 0 0 11 0 19 8 0 9 0
2 1 0 9 0 16 9 0 2 0
3 0 0 11 0 19 8 0 15 0
3 1 0 9 0 16 9 0 5 0
3 2 0 11 0 19 8 0 6 0
4 0 0 11 0 19 8 0 19 0
4 1 0 9 0 16 9 0 9 0
4 2 0 11 0 19 8 0 10 0
4 3 0 11 0 19 8 0 16 0
6 0 0 11 0 19 8 0 17 0
6 1 0 9 0 16 9 0 7 0
6 2 0 11 0 19 8 0 8 0
6 3 0 11 0 19 8 0 14 0
6 4 0 11 0 19 8 0 18 0
7 0 0 11 0 19 8 0 16 0
7 1 0 9 0 16 9 0 6 0
7 2 0 11 0 19 8 0 7 0
7 3 0 11 0 19 8 0 13 0
7 4 0 11 0 19 8 0 17 0
7 6 0 11 0 19 8 0 15 0
11 8 0 8 0 11 7 0 7 0
25 11 1 0 0 0 12 0 0 0
24 13 2 0 5 0 9 2 0 0
26 9 3 0 7 0 9 4 0 0
14 10 7 0 12 0 9 10 0 0
21 18 8 0 14 0 9 12 0 0
16 15 9 0 16 0 9 14 0 0
####
11 16 11 7 8 1 1
6 9 7 9 3 0 12
8 13 0 7 1 1 15
2 18 14 9 8 0 3
4 8 0 12 1 0 16
0 14 12 9 7 0 14
24 26 0 4 1 3 13
17 20 0 2 1 14 1
6 21 14 9 8 0 12
1 11 0 12 1 0 3
24 9 0 4 1 3 13
8 24 0 7 1 1 15
1 25 0 12 1 0 3
0 15 16 9 9 0 14
0 24 5 9 2 0 14
10 18 0 4 1 11 2
7 19 9 8 4 0 12
18 16 0 4 1 13 1
4 23 11 8 6 0 16
4 10 12 9 7 0 16
23 10 0 3 1 10 8
2 20 19 8 11 0 3
23 14 0 3 1 10 8
7 22 0 12 1 0 12
15 17 0 3 1 13 2
3 5 0 12 1 0 11
21 15 0 4 1 12 3
3 12 10 8 5 0 11
19 12 0 2 1 7 10
14 21 0 4 1 11 4
7 17 18 8 10 0 12
12 23 0 2 1 9 9
9 19 0 3 1 5 11
