1 0 4 0 4 0 16 0
1 0 3 0 3 0 12 0
2 1 1 0 1 1 5 0
1 0 3 0 4 0 7 0
1 0 3 0 3 0 14 0
1 0 3 0 3 0 8 0
1 0 3 0 3 0 11 0
1 0 3 0 2 0 7 0
8 2 1 2 0 12 1 0
6 2 1 3 0 7 1 0
2 1 1 0 1 1 8 0
6 2 1 2 1 7 3 0
2 1 1 0 1 1 8 0
2 1 0 0 0 1 0 1
4 2 1 2 1 5 6 0
3 2 1 2 1 4 4 0
5 2 1 2 1 7 5 0
4 2 1 2 2 4 6 0
7 2 1 2 1 9 2 0
2 1 0 0 0 1 0 1
6 2 1 3 2 9 4 0
4 2 1 2 1 5 3 0
8 2 1 2 0 10 1 0
2 2 2 0 2 2 5 0
5 2 2 2 1 5 5 0
7 1 0 2 0 8 0 1
9 2 0 4 0 21 0 0
6 1 0 2 0 6 0 1
3 2 1 1 1 3 7 0
3 2 1 1 1 3 7 0
8 2 0 2 0 12 0 0
7 2 2 2 1 11 3 0
5 2 1 2 1 6 2 0
####
1 0 0 8 0 25 8 0 23 0
3 0 0 8 0 25 8 0 18 0
3 1 0 8 0 25 8 0 15 0
4 0 0 8 0 25 8 0 18 0
4 1 0 8 0 25 8 0 15 0
4 3 0 8 0 25 8 0 10 0
5 0 0 8 0 25 8 0 19 0
5 1 0 8 0 25 8 0 16 0
5 3 0 8 0 25 8 0 11 0
5 4 0 8 0 25 8 0 11 0
6 0 0 8 0 25 8 0 17 0
6 1 0 8 0 25 8 0 14 0
6 3 0 8 0 25 8 0 9 0
6 4 0 8 0 25 8 0 9 0
6 5 0 8 0 25 8 0 10 0
7 4 0 6 0 19 10 0 10 0
7 6 0 6 0 19 10 0 9 0
10 2 0 7 0 19 7 0 9 0
12 2 1 7 0 19 14 0 9 1
12 10 0 7 0 19 7 0 12 0
23 13 1 0 0 0 13 0 0 0
23 19 1 0 0 0 13 0 0 0
29 28 2 6 6 16 11 1 10 1
21 14 3 0 9 0 10 2 0 0
17 14 3 5 9 13 11 3 8 1
24 16 4 4 12 10 11 5 6 1
32 16 4 0 12 0 10 4 0 0
27 11 5 0 15 0 11 8 0 0
27 20 5 0 15 0 11 7 0 0
20 11 5 3 15 6 12 7 4 1
20 9 5 0 15 0 11 6 0 0
31 18 6 2 19 3 11 9 2 1
31 25 6 0 19 0 10 8 0 0
22 8 7 1 22 0 11 11 0 1
30 22 7 0 22 0 10 11 0 0
30 8 7 0 22 0 10 10 0 0
####
18 22 0 6 1 9 2
22 26 0 4 1 10 1
3 11 15 11 5 0 7
6 21 9 10 3 0 11
0 10 0 13 1 0 16
32 9 0 7 1 6 2
31 30 0 6 1 11 3
9 25 0 7 1 7 1
1 2 0 13 1 0 12
31 8 0 6 1 11 3
4 19 0 13 1 0 14
24 27 0 7 1 5 5
0 24 12 10 4 0 16
3 31 19 10 6 0 7
4 23 0 13 1 0 14
17 24 0 6 1 4 6
23 15 0 9 1 2 5
5 22 22 10 7 0 8
11 18 0 7 1 7 3
6 15 6 10 2 0 11
7 23 0 13 1 0 7
0 29 6 10 2 0 16
7 32 12 10 4 0 7
5 17 9 10 3 0 8
20 31 0 7 1 9 4
2 20 9 10 4 1 5
4 14 9 10 3 0 14
12 29 0 9 1 1 8
0 30 22 10 7 0 16
5 28 6 10 2 0 8
24 11 0 7 1 5 5
8 26 0 4 1 12 1
10 28 0 9 1 1 8
28 17 0 6 1 3 7
14 16 0 6 1 5 6
21 32 0 6 1 5 3
1 12 0 13 1 0 12
7 13 0 13 1 0 7
15 21 0 6 1 4 4
23 9 9 10 4 2 5
3 8 22 10 7 0 7
1 18 19 10 6 0 12
16 20 0 7 1 7 5
29 14 0 6 1 3 7
6 16 12 10 4 0 11
