1 0 3 0 4 0 17 0
1 0 4 0 4 0 9 0
1 0 3 0 2 0 5 0
2 1 0 0 0 1 0 1
1 0 3 0 4 0 15 0
2 1 3 0 4 1 15 0
7 2 1 2 1 8 3 0
1 0 4 0 3 0 9 0
3 1 2 1 1 2 12 0
9 2 1 2 0 11 1 0
6 2 1 3 1 6 4 0
2 2 1 0 0 2 1 0
3 2 1 2 1 4 4 0
4 2 1 2 1 5 3 0
4 2 1 1 2 3 10 0
7 2 1 2 1 8 3 0
8 2 1 4 1 13 2 0
9 2 1 2 0 15 1 0
5 2 2 2 2 5 9 0
3 2 1 1 0 3 1 0
2 2 1 0 1 2 5 0
6 2 1 2 1 7 4 0
8 2 1 2 1 10 2 0
4 2 0 3 0 6 0 0
10 2 0 3 0 20 0 0
4 1 0 1 0 3 0 1
####
1 0 0 9 0 20 6 0 20 0
2 0 0 9 0 20 6 0 16 0
2 1 0 9 0 20 6 0 12 0
4 0 0 9 0 20 6 0 24 0
4 1 0 9 0 20 6 0 20 0
4 2 0 9 0 20 6 0 16 0
7 0 0 9 0 20 6 0 17 0
7 1 0 9 0 20 6 0 13 0
7 2 0 9 0 20 6 0 9 0
7 4 0 9 0 20 6 0 17 0
5 3 1 0 0 0 9 0 0 0
11 5 0 2 0 3 8 0 1 0
20 5 0 8 0 16 5 0 15 0
20 11 1 0 0 0 9 0 0 0
19 8 2 0 4 0 8 2 0 0
19 12 2 0 4 0 8 1 0 0
12 8 0 7 0 13 4 0 13 0
14 13 0 6 0 9 5 0 11 0
23 14 3 0 7 0 9 4 0 0
23 13 3 0 7 0 9 3 0 0
25 14 3 0 7 0 9 4 0 0
25 23 3 0 7 0 9 4 0 0
21 10 5 4 12 6 8 8 6 1
15 6 6 3 14 4 8 10 4 1
22 16 7 2 16 2 8 12 2 1
17 9 8 1 18 0 8 14 0 1
####
1 21 12 7 5 0 9
0 14 7 9 3 0 17
4 18 11 6 4 0 15
5 19 0 7 1 1 15
10 15 0 4 1 6 4
11 23 3 8 2 2 1
22 9 0 4 1 10 2
1 6 14 7 6 0 9
21 6 0 4 1 7 4
7 11 0 9 1 0 9
0 3 0 9 1 0 17
5 8 0 7 1 1 15
7 20 0 9 1 0 9
8 14 0 7 1 2 12
16 17 0 4 1 13 2
20 12 0 7 1 2 5
2 9 18 7 8 0 5
12 13 0 7 1 4 4
14 18 0 5 1 3 10
13 16 5 6 4 5 3
7 19 4 8 2 0 9
17 24 0 3 1 15 1
9 24 0 3 1 11 1
8 25 0 7 1 2 12
15 22 0 4 1 8 3
0 5 0 9 1 0 17
18 21 0 3 1 5 9
4 20 0 9 1 0 15
4 11 0 9 1 0 15
18 10 0 3 1 5 9
2 17 18 7 8 0 5
1 22 16 7 7 0 9
5 10 8 6 4 1 15
1 12 4 8 2 0 9
7 13 7 9 3 0 9
2 15 14 7 6 0 5
19 23 0 7 1 3 1
6 16 0 4 1 8 3
