1 0 3 0 1 0 4 0
1 0 4 0 6 0 21 0
1 0 3 0 5 0 15 0
4 2 1 2 1 4 2 0
2 1 3 0 2 1 14 0
1 0 2 0 3 0 10 0
1 0 3 0 1 0 6 0
1 0 3 0 3 0 19 0
8 2 1 2 1 11 7 0
4 2 1 3 1 7 12 0
1 0 4 0 5 0 20 0
9 2 1 2 2 12 6 0
2 1 0 0 0 1 0 1
2 1 1 0 2 1 5 0
11 2 1 2 0 17 1 0
2 2 2 0 3 2 16 0
2 2 1 0 0 2 1 0
3 2 2 2 2 4 7 0
11 2 1 2 1 17 3 0
3 1 0 1 0 2 0 1
5 2 1 2 0 6 1 0
14 2 0 4 0 22 0 0
3 1 0 2 0 3 0 1
12 2 1 2 1 18 2 0
4 1 0 2 0 5 0 1
5 1 1 2 2 8 11 0
2 1 0 0 0 1 0 1
10 2 2 4 2 15 5 0
3 2 2 1 1 3 4 0
3 2 1 2 1 4 13 0
6 2 2 1 1 9 10 0
7 2 0 4 0 14 0 0
7 2 1 2 1 10 8 0
13 2 1 2 0 19 1 0
4 2 0 2 0 5 0 0
2 1 0 0 0 1 0 1
####
1 0 0 13 0 28 8 0 15 0
2 0 0 13 0 28 8 0 13 0
2 1 0 13 0 28 8 0 26 0
5 0 0 13 0 28 8 0 7 0
5 1 0 13 0 28 8 0 20 0
5 2 0 13 0 28 8 0 18 0
6 0 0 13 0 28 8 0 4 0
6 1 0 13 0 28 8 0 17 0
6 2 0 13 0 28 8 0 15 0
6 5 0 13 0 28 8 0 9 0
7 0 0 13 0 28 8 0 13 0
7 1 0 13 0 28 8 0 26 0
7 2 0 13 0 28 8 0 24 0
7 5 0 13 0 28 8 0 18 0
7 6 0 13 0 28 8 0 15 0
10 0 0 13 0 28 8 0 15 0
10 1 0 13 0 28 8 0 28 0
10 2 0 13 0 28 8 0 26 0
10 5 0 13 0 28 8 0 20 0
10 6 0 13 0 28 8 0 17 0
10 7 0 13 0 28 8 0 26 0
13 4 0 5 0 12 9 0 6 0
15 4 0 12 0 21 8 0 24 0
15 13 0 5 0 12 9 0 7 0
16 15 1 0 0 0 14 0 0 0
26 12 1 0 0 0 14 0 0 0
22 17 2 0 7 0 12 2 0 0
28 17 2 0 7 0 12 1 0 0
29 17 2 11 7 16 13 2 16 1
29 22 2 0 7 0 12 2 0 0
29 28 2 4 7 7 14 1 5 1
24 3 3 0 12 0 11 3 0 0
24 9 3 0 12 0 11 4 0 0
9 3 3 3 12 3 13 3 3 1
34 24 3 0 12 0 11 3 0 0
34 3 3 0 12 0 11 2 0 0
34 9 3 0 12 0 11 3 0 0
25 20 4 2 16 1 11 5 1 1
32 31 6 0 19 0 9 13 0 0
18 14 10 3 24 2 10 20 2 1
####
1 3 12 11 3 0 21
10 11 22 8 8 0 20
30 32 0 3 1 9 10
0 14 24 9 10 0 4
29 9 0 9 1 4 13
1 15 0 14 1 0 21
10 15 0 14 1 0 20
6 35 0 14 1 0 6
28 34 0 9 1 3 4
30 31 0 3 1 9 10
7 29 7 12 2 0 19
4 33 20 8 11 1 14
9 25 0 6 1 7 12
18 23 0 3 1 17 3
33 21 0 2 1 19 1
25 30 0 3 1 8 11
4 9 5 11 2 1 14
4 19 0 12 1 1 14
27 14 0 3 1 15 5
2 30 18 8 5 0 15
3 20 0 6 1 4 2
2 23 26 8 11 0 15
16 22 0 12 1 2 1
17 24 0 9 1 4 7
11 27 0 2 1 12 6
1 28 7 12 2 0 21
1 32 19 9 6 0 21
6 18 24 9 10 0 6
5 17 7 12 2 0 10
20 31 1 4 2 6 1
8 11 0 2 1 11 7
28 3 0 9 1 3 4
0 12 0 14 1 0 4
13 28 0 12 1 1 5
15 29 0 12 1 2 16
17 27 11 6 7 4 7
15 17 0 12 1 2 16
0 26 0 14 1 0 4
5 16 0 14 1 0 10
10 16 0 14 1 0 20
27 18 0 3 1 15 5
7 13 0 14 1 0 19
6 34 12 11 3 0 6
10 20 16 9 4 0 20
14 21 2 3 3 17 1
23 33 0 2 1 18 2
32 8 0 3 1 10 8
7 8 21 8 7 0 19
2 4 0 14 1 0 15
