1 0 4 0 5 0 20 0
1 0 4 0 4 0 15 0
1 0 4 0 5 0 20 0
1 0 2 0 1 0 9 0
1 0 3 0 3 0 13 0
11 2 1 2 1 15 2 0
1 0 1 0 1 0 7 0
1 0 4 0 2 0 6 0
11 2 1 2 0 16 1 0
9 2 1 2 2 13 6 0
12 1 0 2 0 17 0 1
2 1 1 0 1 1 3 0
3 2 1 1 1 3 2 0
2 1 2 0 1 1 14 0
2 1 0 0 0 1 0 1
2 1 3 0 3 1 6 0
3 2 1 1 0 3 1 0
12 2 1 3 0 17 1 0
4 2 1 2 1 5 11 0
4 2 1 2 0 5 1 0
3 2 1 1 0 3 1 0
4 1 0 2 0 4 0 1
13 2 0 2 0 18 0 0
2 1 0 0 0 1 0 1
5 2 1 2 1 7 10 0
7 2 1 2 1 9 8 0
4 2 0 2 0 5 0 0
5 1 0 2 0 6 0 1
6 2 1 2 1 8 9 0
8 2 1 2 1 11 7 0
3 2 1 1 1 3 12 0
3 2 0 1 0 3 0 0
10 2 2 2 2 14 5 0
####
1 0 0 12 0 25 8 0 18 0
2 0 0 12 0 25 8 0 20 0
2 1 0 12 0 25 8 0 20 0
3 0 0 12 0 25 8 0 14 0
3 1 0 12 0 25 8 0 14 0
3 2 0 12 0 25 8 0 16 0
4 0 0 12 0 25 8 0 19 0
4 1 0 12 0 25 8 0 19 0
4 2 0 12 0 25 8 0 21 0
4 3 0 12 0 25 8 0 15 0
6 0 0 12 0 25 8 0 13 0
6 1 0 12 0 25 8 0 13 0
6 2 0 12 0 25 8 0 15 0
6 3 0 12 0 25 8 0 9 0
6 4 0 12 0 25 8 0 14 0
7 0 0 11 0 23 9 0 8 0
7 1 0 11 0 23 9 0 9 0
7 2 0 11 0 23 9 0 11 0
7 3 0 11 0 23 9 0 5 0
7 4 0 11 0 23 9 0 10 0
7 6 0 11 0 23 9 0 4 0
15 11 1 0 0 0 12 0 0 0
15 13 0 11 0 20 6 0 11 0
16 12 2 0 5 0 12 2 0 0
20 12 2 0 5 0 12 2 0 0
20 16 2 0 5 0 12 2 0 0
30 12 2 0 5 0 12 1 0 0
30 16 2 0 5 0 12 1 0 0
31 12 2 0 5 0 12 1 0 0
31 16 2 0 5 0 12 1 0 0
31 30 2 0 5 0 12 2 0 0
19 18 3 0 10 0 11 0 0 0
21 19 3 0 10 0 11 4 0 0
26 19 3 0 10 0 11 4 0 0
26 21 3 0 10 0 11 4 0 0
26 18 3 0 10 0 11 3 0 0
27 24 4 0 14 0 9 3 0 0
8 5 10 0 21 0 9 12 0 0
17 10 11 0 23 0 9 15 0 0
####
6 9 19 8 8 0 7
15 20 0 10 1 1 6
29 9 0 2 1 11 7
2 12 5 12 2 0 20
13 30 0 10 1 1 14
28 25 0 2 1 8 9
2 5 21 9 10 0 20
30 18 0 9 1 3 12
7 20 5 12 2 0 6
32 8 0 3 1 14 5
0 15 0 12 1 0 20
20 21 0 9 1 3 1
0 24 14 9 4 0 20
8 10 0 4 1 16 1
3 31 5 12 2 0 9
2 13 0 12 1 0 20
0 11 0 12 1 0 20
1 32 20 8 9 0 15
2 16 5 12 2 0 20
7 14 0 12 1 0 6
4 28 16 8 5 0 13
0 22 25 8 12 0 20
25 29 0 2 1 9 8
9 32 0 2 1 13 6
24 28 0 3 1 7 10
1 23 0 12 1 0 15
18 24 0 6 1 5 11
5 17 0 4 1 15 2
1 19 10 11 3 0 15
4 25 17 8 6 0 13
17 22 0 3 1 17 1
16 26 0 9 1 3 1
11 12 0 10 1 1 3
15 17 18 7 10 1 6
7 8 21 9 10 0 6
7 26 10 11 3 0 6
19 27 0 6 1 5 1
12 19 0 9 1 3 2
1 18 10 11 3 0 15
32 5 0 3 1 14 5
3 29 18 8 7 0 9
13 31 0 10 1 1 14
15 16 0 10 1 1 6
4 30 5 12 2 0 13
