1 0 2 0 1 0 3 0
1 0 2 0 2 0 10 0
1 0 2 0 4 0 7 0
1 0 2 0 2 0 14 0
1 0 2 0 2 0 6 0
1 0 2 0 3 0 9 0
1 0 2 0 2 0 4 0
1 0 4 0 5 0 15 0
8 2 1 2 1 11 4 0
5 2 1 2 0 7 1 0
2 1 1 0 2 1 13 0
5 2 1 2 1 6 7 0
2 1 1 0 1 1 5 0
3 2 2 1 4 3 12 0
9 2 1 2 2 12 3 0
10 2 2 2 0 14 2 0
6 1 0 2 0 7 0 1
6 2 1 2 1 7 6 0
3 2 1 1 2 2 4 0
2 1 0 0 0 1 0 1
4 2 2 2 1 4 3 0
5 2 0 2 0 6 0 0
11 1 0 2 0 15 0 1
4 2 2 2 2 5 8 0
2 1 2 0 0 1 2 0
5 2 1 2 0 6 1 0
3 1 0 1 0 2 0 1
7 2 1 4 1 10 5 0
11 2 0 4 0 15 0 0
6 2 0 2 0 9 0 0
3 1 0 1 0 2 0 1
4 2 2 2 1 5 8 0
####
1 0 0 5 0 15 11 0 3 0
2 1 0 4 0 11 12 0 1 0
3 0 0 5 0 15 11 0 5 0
3 1 0 10 0 22 10 0 15 0
4 1 0 4 0 11 12 0 3 0
4 2 0 5 0 15 11 0 6 0
5 1 0 10 0 22 10 0 12 0
5 3 0 10 0 22 10 0 17 0
6 0 0 5 0 15 11 0 1 0
6 1 0 10 0 22 10 0 6 0
6 3 0 10 0 22 10 0 11 0
6 5 0 10 0 22 10 0 8 0
7 0 0 5 0 15 11 0 4 0
7 1 0 10 0 22 10 0 14 0
7 2 0 5 0 15 11 0 3 0
7 3 0 10 0 22 10 0 19 0
7 4 0 5 0 15 11 0 5 0
7 5 0 10 0 22 10 0 16 0
7 6 0 10 0 22 10 0 10 0
30 26 2 0 4 0 12 2 0 0
31 23 3 7 8 11 13 4 10 1
21 9 4 0 11 0 12 1 0 0
25 21 4 0 11 0 12 2 0 0
25 9 4 0 11 0 12 2 0 0
25 11 4 0 11 0 12 2 0 0
11 9 4 0 11 0 12 6 0 0
29 16 5 0 15 0 11 4 0 0
29 17 5 0 15 0 11 8 0 0
17 16 5 0 15 0 11 4 0 0
28 22 10 0 22 0 10 10 0 0
####
24 30 0 8 1 1 2
1 21 11 12 4 0 10
5 31 8 11 3 0 9
20 25 0 7 1 4 3
25 16 0 7 1 6 1
4 18 4 12 2 0 6
24 26 0 8 1 1 2
7 25 11 12 4 0 15
9 29 0 7 1 7 1
4 12 0 12 1 0 6
7 11 11 12 4 0 15
3 14 20 9 8 0 14
8 14 0 2 1 11 4
0 9 11 12 4 0 3
6 29 15 11 5 0 4
20 21 0 7 1 4 3
3 10 0 12 1 0 14
6 15 21 9 9 0 4
18 20 0 7 1 2 4
31 11 0 7 1 5 8
15 22 0 3 1 14 2
1 23 8 11 3 0 10
5 17 15 11 5 0 9
10 13 0 8 1 1 13
2 20 8 11 3 0 7
12 18 0 8 1 1 5
14 15 0 2 1 12 3
2 24 0 12 1 0 7
17 27 0 4 1 7 6
31 28 11 5 7 5 8
13 23 0 7 1 3 12
11 17 0 7 1 6 7
0 19 0 12 1 0 3
7 13 4 12 2 0 15
23 9 0 7 1 5 8
15 28 0 3 1 14 2
27 8 0 2 1 10 5
23 27 7 4 3 5 8
13 31 0 7 1 3 12
7 8 19 9 7 0 15
