1 0 4 0 6 0 20 0
1 0 4 0 5 0 22 0
2 1 3 0 2 1 21 0
1 0 4 0 7 0 15 0
1 0 4 0 3 0 18 0
12 2 1 2 1 18 5 0
1 0 2 0 1 0 9 0
7 2 1 2 1 8 13 0
15 2 1 2 1 22 2 0
2 1 3 0 3 1 17 0
3 2 2 1 1 3 9 0
5 2 1 2 1 5 15 0
3 1 2 1 1 2 18 0
8 2 1 3 2 10 12 0
9 2 2 2 3 12 11 0
10 2 1 2 1 13 5 0
13 2 1 3 1 20 4 0
12 2 1 2 1 15 2 0
4 2 1 2 1 5 7 0
3 2 0 2 0 4 0 0
3 1 0 1 0 2 0 1
6 2 1 2 1 7 14 0
4 2 1 1 1 4 16 0
10 2 2 2 2 13 9 0
11 2 1 4 1 17 6 0
4 2 0 1 0 4 0 0
14 2 1 2 1 21 3 0
16 2 1 4 0 25 1 0
17 1 0 2 0 26 0 1
11 2 1 2 1 14 3 0
4 2 0 2 0 5 0 0
####
1 0 0 16 0 25 6 0 35 0
3 0 0 16 0 25 6 0 30 0
3 1 0 16 0 25 6 0 31 0
4 0 0 16 0 25 6 0 33 0
4 1 0 16 0 25 6 0 34 0
4 3 0 16 0 25 6 0 29 0
6 0 0 16 0 25 6 0 24 0
6 1 0 16 0 25 6 0 25 0
6 3 0 16 0 25 6 0 20 0
6 4 0 16 0 25 6 0 23 0
9 2 0 15 0 23 3 0 31 0
12 10 0 14 0 19 5 0 23 0
19 10 2 0 2 0 9 2 0 0
19 12 2 0 2 0 9 2 0 0
20 12 2 0 2 0 9 2 0 0
20 19 2 0 2 0 9 2 0 0
22 18 0 13 0 15 5 0 21 0
25 18 3 0 6 0 9 0 0 0
25 22 3 0 6 0 9 4 0 0
30 18 3 0 6 0 9 4 0 0
30 22 3 0 6 0 9 0 0 0
23 15 9 7 15 8 8 10 12 1
29 24 10 6 17 6 8 14 7 1
17 5 11 5 19 4 8 16 5 1
####
4 7 12 6 6 0 18
21 7 0 2 1 7 14
4 8 23 6 14 0 18
1 15 15 7 9 0 22
4 22 6 9 3 0 18
2 12 0 6 1 1 21
1 11 10 6 4 0 22
3 14 14 6 8 0 15
1 2 0 7 1 0 22
10 30 0 8 1 3 9
2 19 0 6 1 1 21
0 21 11 6 5 0 20
3 10 2 9 2 0 15
24 5 0 4 1 17 6
10 18 0 8 1 3 9
0 17 19 7 11 0 20
1 5 19 7 11 0 22
26 8 0 2 1 21 3
6 25 6 9 3 0 9
27 28 0 2 1 25 1
0 29 17 7 10 0 20
14 23 0 3 1 12 11
29 17 0 4 1 14 3
6 18 6 9 3 0 9
18 24 7 6 7 5 7
3 23 15 7 9 0 15
23 29 0 4 1 13 9
12 25 0 8 1 2 18
2 20 0 6 1 1 21
9 10 0 6 1 1 17
14 15 0 3 1 12 11
16 26 0 2 1 20 4
11 21 0 2 1 5 15
22 11 0 5 1 4 16
3 26 22 6 13 0 15
17 27 3 3 4 15 2
23 24 0 4 1 13 9
12 22 0 8 1 2 18
9 13 11 3 6 1 17
5 16 0 3 1 18 5
13 14 0 2 1 10 12
7 13 0 2 1 8 13
0 9 0 7 1 0 20
8 27 0 2 1 22 2
9 19 0 6 1 1 17
15 16 4 3 3 13 5
4 30 6 9 3 0 18
