1 0 4 0 5 0 11 0
1 0 2 0 3 0 12 0
1 0 2 0 3 0 16 0
4 2 1 2 1 4 4 0
1 0 3 0 3 0 9 0
4 1 0 2 0 4 0 1
1 0 3 0 4 0 8 0
2 1 3 0 4 1 14 0
4 2 1 2 1 5 7 0
9 2 1 2 1 13 2 0
5 2 1 2 0 6 1 0
2 1 2 0 2 1 4 0
5 2 1 2 1 6 6 0
7 2 1 2 1 10 4 0
3 2 2 1 2 3 9 0
10 2 1 2 0 14 1 0
2 1 0 0 0 1 0 1
8 2 1 4 1 12 3 0
4 1 0 2 0 4 0 1
6 2 1 2 1 8 5 0
3 2 1 1 1 3 3 0
11 2 0 4 0 19 0 0
4 2 1 3 1 4 2 0
3 1 0 1 0 2 0 1
3 2 2 1 0 3 2 0
####
1 0 0 10 0 19 6 0 21 0
2 0 0 10 0 19 6 0 20 0
2 1 0 10 0 19 6 0 21 0
4 0 0 10 0 19 6 0 18 0
4 1 0 10 0 19 6 0 19 0
4 2 0 10 0 19 6 0 18 0
6 0 0 10 0 19 6 0 14 0
6 1 0 10 0 19 6 0 15 0
6 2 0 10 0 19 6 0 14 0
6 4 0 10 0 19 6 0 12 0
11 7 0 9 0 16 4 0 12 0
16 7 1 0 0 0 8 0 0 0
20 14 0 8 0 12 5 0 10 0
23 14 2 0 3 0 9 2 0 0
24 14 2 0 3 0 9 2 0 0
24 23 2 0 3 0 9 2 0 0
8 3 3 7 7 7 11 2 9 1
8 5 3 0 7 0 10 4 0 0
22 3 0 7 0 7 6 0 4 0
22 8 3 7 7 7 11 2 7 1
5 3 3 0 7 0 10 4 0 0
18 3 3 0 7 0 10 4 0 0
18 8 3 0 7 0 10 4 0 0
18 5 3 0 7 0 10 4 0 0
12 10 4 6 12 5 8 2 5 1
####
0 14 3 9 2 0 11
13 17 0 2 1 10 4
10 21 5 3 6 6 1
0 10 12 7 4 0 11
6 24 3 9 2 0 8
0 3 7 10 3 0 11
1 11 0 8 1 0 12
3 17 4 6 4 4 4
4 9 17 6 8 0 9
24 18 0 9 1 3 2
4 19 14 6 5 0 9
9 15 0 2 1 13 2
7 24 0 7 1 1 14
24 5 0 9 1 3 2
11 22 4 8 2 1 4
22 10 0 7 1 4 2
6 15 18 6 9 0 8
7 23 0 7 1 1 14
2 16 0 8 1 0 16
7 14 0 7 1 1 14
20 22 0 9 1 3 3
0 12 12 7 4 0 11
19 13 0 2 1 8 5
4 20 3 9 2 0 9
2 7 0 8 1 0 16
17 9 0 2 1 12 3
8 12 0 7 1 5 7
15 21 0 2 1 14 1
12 19 0 3 1 6 6
1 8 7 10 3 0 12
11 20 0 7 1 1 4
6 13 15 6 6 0 8
14 3 0 9 1 3 9
14 8 0 9 1 3 9
