1 0 3 0 4 0 10 0
1 0 3 0 3 0 7 0
1 0 4 0 3 0 8 0
1 0 3 0 3 0 9 0
5 2 1 2 0 7 1 0
1 0 1 0 1 0 5 0
1 0 3 0 3 0 10 0
3 2 1 2 1 4 3 0
2 1 3 0 1 1 6 0
4 2 1 2 1 5 2 0
2 1 1 0 0 1 1 0
3 2 1 2 0 4 1 0
3 2 0 1 0 3 0 0
2 2 1 0 0 2 1 0
6 1 0 2 0 8 0 1
3 1 0 1 0 2 0 1
2 2 1 0 1 2 4 0
5 2 1 2 0 7 1 0
4 2 1 2 1 6 2 0
3 1 0 2 0 3 0 1
6 1 0 2 0 8 0 1
3 2 1 1 1 3 3 0
3 2 0 1 0 3 0 0
4 1 0 2 0 5 0 1
2 2 1 0 1 2 2 0
####
1 0 0 5 0 17 8 0 6 0
2 0 0 5 0 17 8 0 5 0
2 1 0 5 0 17 8 0 3 0
3 0 0 5 0 17 8 0 7 0
3 1 0 5 0 17 8 0 5 0
3 2 0 5 0 17 8 0 4 0
5 1 0 5 0 17 8 0 7 0
5 3 0 5 0 17 8 0 6 0
6 0 0 3 0 12 9 0 3 0
6 1 0 5 0 17 8 0 7 0
6 2 0 3 0 12 9 0 4 0
6 3 0 5 0 17 8 0 6 0
6 5 0 5 0 17 8 0 8 0
16 13 1 0 0 0 11 0 0 0
24 13 1 0 0 0 11 0 0 0
24 16 1 0 0 0 11 0 0 0
12 11 2 0 5 0 13 1 0 0
15 12 2 0 5 0 13 2 0 0
15 11 2 0 5 0 13 1 0 0
19 12 2 0 5 0 13 1 0 0
19 7 2 0 5 0 13 2 0 0
19 11 2 0 5 0 13 2 0 0
21 12 2 0 5 0 13 2 0 0
21 15 2 0 5 0 13 2 0 0
21 11 2 0 5 0 13 1 0 0
22 12 2 0 5 0 13 1 0 0
22 15 2 0 5 0 13 1 0 0
22 21 2 0 5 0 13 1 0 0
22 11 2 0 5 0 13 0 0 0
11 7 2 0 5 0 13 2 0 0
18 9 3 0 12 0 9 1 0 0
23 18 3 0 12 0 9 4 0 0
23 9 3 0 12 0 9 3 0 0
17 4 4 0 15 0 8 3 0 0
20 14 5 0 17 0 8 5 0 0
####
18 4 0 5 1 6 2
17 20 0 4 1 7 1
3 21 5 13 2 0 9
21 9 0 10 1 3 3
11 23 0 10 1 4 1
2 12 5 13 2 0 8
6 24 0 11 1 0 10
16 7 0 12 1 2 4
3 10 0 11 1 0 9
2 13 0 11 1 0 8
0 11 5 13 2 0 10
9 17 0 5 1 5 2
10 22 0 12 1 1 1
8 15 0 12 1 1 6
0 22 5 13 2 0 10
8 21 0 12 1 1 6
4 14 0 4 1 7 1
1 4 15 8 4 0 7
7 18 0 10 1 4 3
1 9 12 9 3 0 7
13 19 0 12 1 2 1
2 24 0 11 1 0 8
24 11 0 12 1 2 2
0 8 0 11 1 0 10
2 17 15 8 4 0 8
5 16 0 11 1 0 5
8 12 0 12 1 1 6
3 18 12 9 3 0 9
6 13 0 11 1 0 10
1 7 5 13 2 0 7
6 16 0 11 1 0 10
