1 0 3 0 3 0 7 0
1 0 4 0 3 0 9 0
4 2 1 2 1 4 2 0
1 0 2 0 1 0 4 0
1 0 3 0 2 0 6 0
1 0 2 0 3 0 7 0
1 0 4 0 5 0 14 0
2 2 2 0 1 2 3 0
2 1 1 0 1 1 2 0
2 1 1 0 1 1 4 0
3 2 1 2 0 4 1 0
4 2 1 3 0 6 1 0
2 2 1 0 1 2 2 0
2 2 1 0 1 2 3 0
2 1 0 0 0 1 0 1
3 2 1 2 0 4 1 0
4 1 0 2 0 5 0 1
6 1 0 2 0 9 0 1
3 2 1 2 1 4 2 0
2 2 1 0 1 2 2 0
5 2 0 2 0 8 0 0
3 2 1 1 1 2 3 0
4 2 0 2 0 6 0 0
3 1 0 2 0 3 0 1
5 2 1 4 0 8 1 0
####
1 0 0 5 0 18 7 0 6 0
3 1 0 4 0 16 8 0 2 0
4 1 0 4 0 16 8 0 4 0
4 3 0 4 0 16 8 0 6 0
5 0 0 5 0 18 7 0 6 0
5 1 0 5 0 18 7 0 4 0
5 3 0 3 0 12 10 0 2 0
6 0 0 5 0 18 7 0 6 0
6 1 0 5 0 18 7 0 4 0
6 3 0 4 0 16 8 0 5 0
6 4 0 4 0 16 8 0 7 0
6 5 0 5 0 18 7 0 4 0
12 7 1 0 0 0 13 0 0 0
13 7 1 0 0 0 13 0 0 0
13 8 1 3 0 9 15 0 3 1
13 12 1 0 0 0 13 0 0 0
14 8 1 0 0 0 13 0 0 0
14 13 1 0 0 0 13 0 0 0
19 7 1 0 0 0 13 0 0 0
19 9 0 4 0 11 8 0 4 0
19 12 1 0 0 0 13 0 0 0
19 13 1 0 0 0 13 0 0 0
15 10 2 0 7 0 11 1 0 0
18 10 2 0 7 0 11 2 0 0
18 15 2 0 7 0 11 2 0 0
21 15 2 0 7 0 11 1 0 0
23 10 2 0 7 0 11 2 0 0
23 15 2 0 7 0 11 2 0 0
23 18 2 0 7 0 11 2 0 0
16 11 3 0 12 0 10 4 0 0
16 2 3 0 12 0 10 3 0 0
22 16 3 0 12 0 10 3 0 0
22 11 3 0 12 0 10 1 0 0
22 2 3 0 12 0 10 1 0 0
24 20 4 0 16 0 8 1 0 0
####
4 8 0 13 1 0 6
24 17 0 3 1 8 1
21 2 0 9 1 2 3
5 19 0 13 1 0 7
15 16 0 9 1 4 1
1 20 16 8 4 0 9
1 2 12 10 3 0 9
0 21 7 11 2 0 7
6 7 0 13 1 0 14
0 15 7 11 2 0 7
9 21 0 12 1 1 4
4 13 0 13 1 0 6
7 10 0 12 1 2 3
1 10 7 11 2 0 9
10 22 0 9 1 4 1
7 23 0 12 1 2 3
8 11 5 11 2 1 2
4 14 0 13 1 0 6
19 24 9 9 3 2 2
6 12 0 13 1 0 14
2 24 0 6 1 4 2
6 19 0 13 1 0 14
12 15 0 12 1 2 2
1 12 0 13 1 0 9
3 22 12 10 3 0 4
5 7 0 13 1 0 7
3 18 7 11 2 0 4
11 20 0 6 1 6 1
13 18 0 12 1 2 3
6 13 0 13 1 0 14
0 9 0 13 1 0 7
18 11 0 9 1 4 2
