1 0 3 0 3 0 15 0
1 0 3 0 3 0 12 0
1 0 3 0 5 0 18 0
1 0 4 0 2 0 10 0
1 0 2 0 1 0 4 0
4 2 1 2 0 5 1 0
2 1 1 0 2 1 7 0
5 2 1 2 2 7 9 0
12 2 1 2 0 17 1 0
1 0 4 0 4 0 16 0
2 1 3 0 4 1 17 0
9 2 1 2 1 13 4 0
2 1 1 0 1 1 2 0
3 2 2 1 3 3 11 0
3 2 1 1 0 3 1 0
2 1 0 0 0 1 0 1
6 2 2 4 3 8 8 0
7 2 1 2 1 9 3 0
7 2 2 3 1 11 6 0
3 2 1 1 0 3 1 0
2 1 0 0 0 1 0 1
5 2 0 4 0 10 0 0
4 2 0 2 0 5 0 0
2 1 0 0 0 1 0 1
3 2 1 1 1 3 2 0
10 2 1 2 1 14 3 0
4 2 1 2 1 5 10 0
11 2 1 4 1 16 2 0
8 2 1 2 1 12 5 0
13 2 0 4 0 18 0 0
####
1 0 0 12 0 23 7 0 19 0
2 0 0 12 0 23 7 0 22 0
2 1 0 12 0 23 7 0 21 0
3 0 0 12 0 23 7 0 17 0
3 1 0 12 0 23 7 0 16 0
3 2 0 12 0 23 7 0 19 0
4 0 0 4 0 13 8 0 3 0
4 1 0 4 0 13 8 0 3 0
4 2 0 4 0 13 8 0 5 0
9 0 0 12 0 23 7 0 21 0
9 1 0 12 0 23 7 0 20 0
9 2 0 12 0 23 7 0 23 0
9 3 0 12 0 23 7 0 18 0
9 4 0 4 0 13 8 0 4 0
10 6 0 11 0 17 7 0 17 0
12 10 0 3 0 7 8 0 3 0
20 6 1 0 0 0 12 0 0 0
23 12 1 0 0 0 12 0 0 0
14 13 2 0 6 0 10 1 0 0
19 13 2 0 6 0 10 2 0 0
24 13 2 0 6 0 10 2 0 0
24 14 0 2 0 3 6 0 1 0
24 19 2 0 6 0 10 2 0 0
22 5 3 0 10 0 9 1 0 0
26 22 3 0 10 0 9 1 0 0
26 5 3 0 10 0 9 0 0 0
21 7 4 0 13 0 8 2 0 0
18 17 6 6 16 5 9 6 7 1
####
2 8 22 7 11 0 18
13 26 0 7 1 3 11
3 11 19 7 8 0 10
25 27 0 2 1 14 3
7 16 0 3 1 7 9
19 22 0 7 1 3 1
16 17 0 3 1 8 8
1 25 20 7 9 0 12
1 14 6 10 2 0 12
3 20 0 12 1 0 10
13 16 5 5 3 3 11
24 5 0 7 1 3 2
9 28 18 7 7 0 16
8 29 0 2 1 17 1
3 6 0 12 1 0 10
4 24 6 10 2 0 4
26 7 0 5 1 5 10
16 18 0 3 1 8 8
6 18 10 8 5 1 7
12 14 0 10 1 1 2
10 13 0 10 1 1 17
10 19 0 10 1 1 17
2 10 0 12 1 0 18
10 24 0 10 1 1 17
0 5 10 9 3 0 15
18 28 0 3 1 11 6
5 21 0 5 1 5 1
17 27 3 3 4 9 3
2 17 16 8 6 0 18
9 13 6 10 2 0 16
0 26 10 9 3 0 15
28 11 0 2 1 12 5
3 22 10 9 3 0 10
0 19 6 10 2 0 15
4 15 0 12 1 0 4
9 23 0 12 1 0 16
18 29 5 3 6 11 6
14 21 3 6 2 3 1
1 7 13 8 4 0 12
27 8 0 2 1 16 2
11 25 0 2 1 13 4
9 12 0 12 1 0 16
