1 0 4 0 5 0 14 0
4 2 1 2 1 5 12 0
1 0 2 0 4 0 20 0
6 2 1 2 2 9 6 0
1 0 3 0 2 0 19 0
1 0 3 0 5 0 12 0
1 0 3 0 2 0 11 0
10 2 1 2 1 17 2 0
2 1 1 0 0 1 1 0
11 2 1 2 0 18 1 0
2 1 3 0 3 1 19 0
5 2 1 3 2 6 11 0
3 2 1 1 2 3 10 0
4 2 2 2 1 5 9 0
6 2 2 2 3 7 10 0
7 2 2 2 2 9 7 0
8 2 2 4 1 15 5 0
12 1 0 2 0 19 0 1
9 1 0 2 0 16 0 1
5 1 0 2 0 6 0 1
7 2 1 2 0 9 1 0
9 2 1 2 1 16 3 0
5 2 1 2 1 7 7 0
8 2 0 2 0 10 0 0
3 2 1 1 1 3 13 0
8 2 0 2 0 11 0 0
####
2 0 0 11 0 20 6 0 23 0
4 0 0 11 0 20 6 0 22 0
4 2 0 11 0 20 6 0 27 0
5 0 0 11 0 20 6 0 17 0
5 2 0 11 0 20 6 0 22 0
5 4 0 11 0 20 6 0 21 0
6 0 0 11 0 20 6 0 15 0
6 2 0 11 0 20 6 0 20 0
6 4 0 11 0 20 6 0 19 0
6 5 0 11 0 20 6 0 14 0
10 8 0 6 0 11 5 0 5 0
24 12 2 9 2 16 8 2 15 1
13 1 3 8 4 14 8 4 13 1
19 11 4 0 6 0 8 6 0 0
22 19 4 0 6 0 8 6 0 0
22 11 4 7 6 11 9 6 11 1
14 3 5 6 9 9 8 2 9 1
20 15 6 0 11 0 7 6 0 0
23 16 7 0 13 0 8 9 0 0
25 16 7 0 13 0 8 9 0 0
25 23 7 0 13 0 8 8 0 0
21 18 8 0 16 0 7 12 0 0
####
13 22 0 5 1 5 9
10 11 4 5 3 1 19
20 25 0 5 1 9 1
0 14 9 7 5 0 14
5 13 4 7 3 0 12
4 12 2 7 2 0 19
16 21 0 5 1 15 5
11 14 0 5 1 6 11
0 3 9 7 5 0 14
1 11 0 5 1 5 12
15 23 0 5 1 9 7
12 13 0 4 1 3 10
10 12 0 4 1 1 19
4 23 13 8 7 0 19
9 17 0 2 1 18 1
6 22 6 8 4 0 11
3 16 2 5 2 9 6
24 1 0 4 1 3 13
4 24 2 7 2 0 19
16 18 0 5 1 15 5
22 3 0 5 1 7 7
8 25 11 5 6 1 1
2 10 0 7 1 0 20
10 24 0 4 1 1 19
5 15 11 7 6 0 12
14 15 0 4 1 7 10
13 19 0 5 1 5 9
14 20 0 4 1 7 10
7 9 0 2 1 17 2
0 1 4 7 3 0 14
6 8 0 7 1 0 11
2 21 16 7 8 0 20
5 7 18 6 9 0 12
6 20 11 7 6 0 11
0 9 19 6 10 0 14
21 7 0 3 1 16 3
15 16 0 5 1 9 7
