1 0 4 0 7 0 20 0
9 1 2 2 1 11 3 0
1 0 2 0 1 0 9 0
1 0 4 0 6 0 16 0
1 0 2 0 3 0 9 0
1 0 1 0 1 0 2 0
2 1 3 0 5 1 19 0
5 2 1 2 1 5 2 0
3 2 2 1 1 3 2 0
3 2 2 1 3 2 15 0
6 2 1 2 1 6 8 0
7 2 1 2 2 8 7 0
4 2 1 2 1 4 10 0
3 2 1 1 0 3 1 0
10 1 0 1 0 12 0 1
9 2 1 2 0 12 1 0
5 2 1 2 1 5 9 0
4 2 2 2 2 4 3 0
10 2 1 3 0 13 1 0
7 2 0 2 0 8 0 0
4 1 0 2 0 4 0 1
6 2 1 4 0 6 1 0
11 2 0 4 0 14 0 0
8 2 2 2 3 10 6 0
10 1 0 2 0 13 0 1
####
2 0 0 10 0 19 6 0 14 0
3 0 0 10 0 19 6 0 18 0
3 2 0 10 0 19 6 0 12 0
4 0 0 10 0 19 6 0 13 0
4 2 0 10 0 19 6 0 7 0
4 3 0 10 0 19 6 0 11 0
5 0 0 9 0 16 8 0 9 0
5 2 0 9 0 16 8 0 4 0
5 3 0 9 0 16 8 0 7 0
5 4 0 9 0 16 8 0 3 0
9 8 2 8 1 15 9 2 8 1
13 8 2 0 1 0 8 2 0 0
13 9 2 0 1 0 8 2 0 0
17 12 3 0 4 0 8 4 0 0
20 12 3 0 4 0 8 4 0 0
20 17 3 0 4 0 8 4 0 0
16 7 4 0 7 0 7 6 0 0
21 10 5 0 9 0 7 8 0 0
19 11 6 0 11 0 7 10 0 0
15 1 8 0 14 0 7 14 0 0
18 14 9 0 16 0 8 17 0 0
24 14 9 0 16 0 8 16 0 0
24 18 9 0 16 0 8 17 0 0
####
6 9 0 4 1 1 19
18 22 0 4 1 13 1
7 21 0 4 1 5 2
10 11 0 4 1 6 8
17 7 0 5 1 4 3
0 7 7 7 4 0 20
11 23 0 3 1 8 7
0 10 9 7 5 0 20
12 16 0 5 1 4 10
3 17 4 8 3 0 16
2 19 11 7 6 0 9
16 10 0 4 1 5 9
1 14 0 5 1 11 3
4 13 1 8 2 0 9
4 23 13 6 7 0 9
9 17 0 6 1 2 15
23 15 0 3 1 10 6
3 16 7 7 4 0 16
13 20 0 6 1 3 1
21 19 0 4 1 6 1
5 15 14 7 8 0 2
23 1 0 3 1 10 6
3 12 4 8 3 0 16
15 24 0 5 1 12 1
6 8 0 4 1 1 19
8 22 15 4 8 3 2
2 11 11 7 6 0 9
3 8 1 8 2 0 16
17 21 2 5 2 4 3
1 18 0 5 1 11 3
0 6 0 6 1 0 20
8 18 12 6 7 3 2
6 13 0 4 1 1 19
0 9 1 8 2 0 20
9 12 0 6 1 2 15
