1 0 2 0 1 0 9 0
1 0 3 0 5 0 18 0
1 0 3 0 4 0 16 0
1 0 1 0 1 0 5 0
1 0 2 0 2 0 12 0
1 0 1 0 1 0 2 0
7 2 1 2 3 10 7 0
8 1 3 2 1 11 6 0
9 1 0 1 0 12 0 1
6 2 1 3 1 7 3 0
9 2 1 1 1 12 3 0
2 1 3 0 4 1 17 0
10 2 1 4 1 18 2 0
3 2 2 1 2 3 12 0
2 1 0 0 0 1 0 1
4 2 1 2 1 5 10 0
11 2 1 2 0 20 1 0
4 2 1 2 1 4 5 0
4 2 2 2 1 5 10 0
5 2 1 2 1 7 9 0
6 2 1 2 1 8 8 0
9 1 0 1 0 12 0 1
3 2 1 1 1 2 6 0
5 2 1 2 1 6 4 0
12 2 0 4 0 21 0 0
####
1 0 0 11 0 18 7 0 20 0
2 0 0 11 0 18 7 0 18 0
2 1 0 11 0 18 7 0 28 0
3 0 0 11 0 18 7 0 9 0
3 1 0 11 0 18 7 0 19 0
3 2 0 11 0 18 7 0 17 0
4 0 0 11 0 18 7 0 14 0
4 1 0 11 0 18 7 0 24 0
4 2 0 11 0 18 7 0 22 0
4 3 0 11 0 18 7 0 13 0
5 0 0 11 0 18 7 0 6 0
5 1 0 11 0 18 7 0 16 0
5 2 0 11 0 18 7 0 14 0
5 3 0 11 0 18 7 0 5 0
5 4 0 11 0 18 7 0 10 0
22 13 2 9 2 14 9 2 14 1
18 15 3 8 4 11 10 4 14 1
18 17 3 8 4 11 10 4 11 1
17 15 3 8 4 11 10 4 11 1
23 19 4 7 7 9 9 7 9 1
20 9 5 6 9 7 9 9 7 1
10 8 8 0 13 0 9 4 0 0
21 8 8 0 13 0 9 4 0 0
21 10 8 0 13 0 9 4 0 0
####
7 21 0 4 1 11 6
0 14 0 8 1 0 9
4 18 4 9 3 0 12
18 19 0 5 1 5 10
12 16 0 2 1 18 2
15 19 0 5 1 5 10
1 11 0 8 1 0 18
16 24 0 2 1 20 1
6 7 0 2 1 10 7
10 12 0 4 1 12 3
11 22 0 4 1 1 17
2 13 2 8 2 0 16
7 10 0 4 1 11 6
17 23 0 5 1 4 5
1 10 13 9 8 0 18
11 13 0 4 1 1 17
18 24 11 4 8 5 10
3 23 7 8 4 0 5
11 9 7 4 4 1 17
13 15 0 5 1 3 12
2 20 9 8 5 0 16
22 17 0 5 1 2 6
19 20 0 4 1 7 9
2 17 4 9 3 0 16
1 22 2 8 2 0 18
5 16 17 7 10 0 2
4 15 4 9 3 0 12
23 9 0 4 1 6 4
0 6 11 7 6 0 9
13 18 0 5 1 3 12
20 6 0 3 1 8 8
7 8 0 4 1 11 6
9 12 5 3 4 7 3
