1 0 3 0 5 0 14 0
1 0 2 0 1 0 6 0
1 0 3 0 3 0 5 0
1 0 3 0 4 0 7 0
1 0 1 0 3 0 20 0
1 0 2 0 3 0 8 0
1 0 1 0 0 0 1 0
2 1 3 0 4 1 19 0
4 2 1 3 1 6 3 0
7 2 0 3 0 9 0 0
7 2 1 2 0 8 1 0
6 2 1 2 2 8 4 0
2 1 0 0 0 1 0 1
2 1 3 0 2 1 6 0
3 1 3 1 4 2 14 0
5 2 1 3 1 7 2 0
5 2 1 2 1 5 3 0
4 2 2 1 1 4 7 0
4 2 1 1 1 4 2 0
3 2 2 1 2 3 4 0
4 2 1 1 1 4 4 0
8 2 0 2 0 10 0 0
3 1 0 1 0 2 0 1
7 2 2 2 1 9 3 0
8 1 0 2 0 10 0 1
5 2 1 2 1 6 5 0
8 2 1 4 0 11 1 0
6 2 1 2 1 6 2 0
9 2 0 2 0 12 0 0
5 1 0 2 0 5 0 1
6 2 1 3 0 8 1 0
####
1 0 0 8 0 23 8 0 10 0
3 0 0 8 0 23 8 0 9 0
3 1 0 8 0 23 8 0 7 0
3 2 0 7 0 20 10 0 5 0
4 0 0 8 0 23 8 0 14 0
4 1 0 8 0 23 8 0 12 0
4 2 0 7 0 20 10 0 10 0
4 3 0 8 0 23 8 0 11 0
5 0 0 6 0 17 10 0 9 0
5 4 0 6 0 17 10 0 9 0
6 2 0 7 0 20 10 0 4 0
6 3 0 7 0 20 10 0 1 0
6 4 0 7 0 20 10 0 6 0
13 7 0 5 0 14 6 0 7 0
13 12 1 0 0 0 10 0 0 0
22 19 2 0 3 0 10 2 0 0
17 8 3 0 6 0 11 1 0 0
18 17 3 5 6 13 12 0 5 1
18 8 3 0 6 0 11 1 0 0
20 17 3 0 6 0 11 4 0 0
20 18 3 0 6 0 11 4 0 0
20 8 3 0 6 0 11 3 0 0
16 15 4 0 10 0 11 5 0 0
25 15 4 0 10 0 11 3 0 0
25 16 4 0 10 0 11 6 0 0
29 15 4 0 10 0 11 3 0 0
29 16 4 0 10 0 11 6 0 0
29 25 4 0 10 0 11 2 0 0
27 11 5 0 14 0 10 8 0 0
30 11 5 0 14 0 10 5 0 0
30 27 5 0 14 0 10 7 0 0
23 10 6 0 17 0 10 1 0 0
23 9 6 0 17 0 10 7 0 0
10 9 6 0 17 0 10 9 0 0
24 21 7 0 20 0 10 3 0 0
26 24 7 0 20 0 10 9 0 0
26 21 7 0 20 0 10 3 0 0
####
19 8 0 7 1 3 4
13 22 0 6 1 1 6
4 7 0 10 1 0 20
14 17 0 7 1 2 14
17 29 0 8 1 4 7
3 11 14 10 5 0 7
5 13 0 10 1 0 8
26 28 0 4 1 11 1
6 21 20 10 7 0 1
11 23 0 6 1 8 4
10 21 0 6 1 8 1
18 26 10 7 4 4 2
17 25 0 8 1 4 7
23 26 0 6 1 9 3
1 25 10 11 4 0 6
3 10 17 10 6 0 7
14 18 0 7 1 2 14
30 9 0 6 1 8 1
15 30 0 7 1 7 2
5 12 0 10 1 0 8
0 17 6 11 3 0 14
27 10 0 6 1 6 2
1 28 23 8 8 0 6
2 27 14 10 5 0 5
8 15 0 8 1 6 3
2 16 10 11 4 0 5
7 14 0 6 1 1 19
25 11 0 7 1 6 5
3 23 17 10 6 0 7
13 15 7 7 3 1 6
2 20 6 11 3 0 5
0 18 6 11 3 0 14
13 19 0 6 1 1 6
14 20 0 7 1 2 14
23 24 0 6 1 9 3
7 9 14 6 5 1 19
0 19 3 10 2 0 14
16 27 0 7 1 5 3
7 8 3 7 2 1 19
19 30 8 6 3 3 4
20 16 0 8 1 4 4
