1 0 4 0 3 0 19 0
1 0 3 0 3 0 8 0
1 0 3 0 3 0 11 0
1 0 1 0 1 0 4 0
1 0 3 0 3 0 17 0
1 0 4 0 4 0 18 0
2 1 1 0 2 1 11 0
1 0 3 0 4 0 11 0
11 2 1 2 1 17 2 0
9 2 1 2 1 14 4 0
3 1 2 1 2 2 10 0
2 1 2 0 4 1 17 0
3 2 2 1 2 3 4 0
4 2 1 1 1 4 3 0
2 1 0 0 0 1 0 1
4 2 1 2 1 5 10 0
6 2 1 2 2 8 8 0
12 2 1 2 0 18 1 0
5 2 1 2 1 6 2 0
5 1 0 2 0 6 0 1
8 1 0 2 0 10 0 1
4 2 1 2 0 5 1 0
10 2 1 2 1 16 3 0
5 2 1 2 1 7 9 0
2 1 0 0 0 1 0 1
6 2 1 2 0 8 1 0
7 2 2 2 1 9 7 0
3 2 2 1 1 3 12 0
8 2 1 3 1 12 5 0
13 2 0 2 0 19 0 0
7 2 0 2 0 10 0 0
5 2 0 4 0 8 0 0
4 2 1 2 0 5 1 0
####
1 0 0 12 0 25 8 0 14 0
2 0 0 12 0 25 8 0 15 0
2 1 0 12 0 25 8 0 7 0
3 0 0 6 0 17 9 0 3 0
3 1 0 6 0 17 9 0 4 0
4 0 0 12 0 25 8 0 21 0
4 1 0 12 0 25 8 0 13 0
4 2 0 12 0 25 8 0 14 0
4 3 0 6 0 17 9 0 5 0
5 0 0 12 0 25 8 0 21 0
5 1 0 12 0 25 8 0 13 0
5 2 0 12 0 25 8 0 14 0
5 3 0 6 0 17 9 0 8 0
5 4 0 12 0 25 8 0 20 0
7 0 0 12 0 25 8 0 20 0
7 1 0 12 0 25 8 0 12 0
7 2 0 12 0 25 8 0 13 0
7 4 0 12 0 25 8 0 19 0
7 5 0 12 0 25 8 0 19 0
11 6 0 11 0 21 5 0 16 0
27 10 0 10 0 18 4 0 14 0
27 12 2 2 4 4 14 2 1 1
21 13 3 0 7 0 11 2 0 0
21 15 3 0 7 0 11 4 0 0
32 21 3 0 7 0 11 4 0 0
32 15 3 0 7 0 11 4 0 0
23 18 4 0 11 0 11 2 0 0
23 19 4 0 11 0 11 6 0 0
31 18 4 0 11 0 11 1 0 0
31 23 4 0 11 0 11 7 0 0
31 19 4 0 11 0 11 7 0 0
25 16 5 0 15 0 9 4 0 0
30 26 6 0 17 0 9 5 0 0
28 20 7 0 19 0 9 12 0 0
####
12 32 0 7 1 3 4
5 6 0 11 1 0 18
4 18 11 11 4 0 17
17 29 0 2 1 18 1
32 19 0 8 1 5 1
27 15 0 7 1 3 12
26 28 0 4 1 9 7
9 22 0 2 1 14 4
4 27 4 10 2 0 17
0 16 15 9 5 0 19
2 12 4 10 2 0 11
5 23 11 11 4 0 18
25 30 0 4 1 8 1
1 25 15 9 5 0 8
26 20 0 4 1 9 7
15 23 0 8 1 5 10
2 9 21 8 8 0 11
7 15 7 11 3 0 11
6 10 0 7 1 1 11
28 9 0 3 1 12 5
0 11 0 11 1 0 19
21 31 0 8 1 5 1
11 27 0 7 1 1 17
1 32 7 11 3 0 8
0 29 25 8 12 0 19
12 21 0 7 1 3 4
23 16 0 6 1 7 9
3 13 7 11 3 0 4
5 17 24 8 11 0 18
10 13 0 7 1 2 10
4 14 0 11 1 0 17
5 21 7 11 3 0 18
16 26 0 4 1 8 8
8 17 0 2 1 17 2
2 24 0 11 1 0 11
27 31 4 7 2 3 12
0 30 17 9 6 0 19
11 12 0 7 1 1 17
10 28 12 5 5 2 10
1 22 22 8 9 0 8
18 25 0 6 1 6 2
7 26 17 9 6 0 11
13 18 0 8 1 4 3
22 8 0 2 1 16 3
7 8 23 8 10 0 11
