1 0 2 0 2 0 7 0
1 0 2 0 3 0 16 0
1 0 3 0 2 0 4 0
1 0 2 0 2 0 5 0
1 0 2 0 1 0 7 0
4 2 1 2 1 6 2 0
1 0 2 0 2 0 7 0
1 0 2 0 1 0 5 0
1 0 2 0 2 0 5 0
2 1 2 0 2 1 10 0
5 2 1 2 1 7 3 0
2 1 0 0 0 1 0 1
5 2 1 2 0 7 1 0
3 2 1 1 1 3 5 0
3 2 1 1 1 3 3 0
5 2 1 2 0 7 1 0
2 2 1 0 1 2 4 0
7 2 1 2 0 10 1 0
6 1 0 2 0 8 0 1
4 2 1 2 1 5 4 0
8 2 0 2 0 11 0 0
3 2 1 2 1 4 3 0
6 2 1 2 1 8 2 0
6 2 0 2 0 9 0 0
4 2 1 2 1 5 2 0
####
1 0 0 5 0 12 11 0 6 0
2 0 0 5 0 12 11 0 4 0
2 1 0 7 0 16 9 0 7 0
3 1 0 7 0 16 9 0 10 0
3 2 0 7 0 16 9 0 5 0
4 0 0 5 0 12 11 0 2 0
4 1 0 7 0 16 9 0 11 0
4 2 0 7 0 16 9 0 6 0
4 3 0 7 0 16 9 0 9 0
6 0 0 5 0 12 11 0 5 0
6 1 0 5 0 12 11 0 7 0
6 2 0 5 0 12 11 0 3 0
6 4 0 5 0 12 11 0 3 0
7 1 0 7 0 16 9 0 9 0
7 2 0 7 0 16 9 0 4 0
7 3 0 7 0 16 9 0 7 0
7 4 0 7 0 16 9 0 8 0
8 0 0 5 0 12 11 0 6 0
8 1 0 5 0 12 11 0 8 0
8 4 0 5 0 12 11 0 4 0
8 6 0 5 0 12 11 0 7 0
16 9 1 0 0 0 11 0 0 0
14 13 2 0 3 0 11 2 0 0
21 13 2 0 3 0 11 2 0 0
21 14 2 0 3 0 11 2 0 0
19 5 3 0 6 0 11 4 0 0
24 19 3 0 6 0 11 4 0 0
24 5 3 0 6 0 11 1 0 0
15 10 4 0 9 0 11 6 0 0
15 12 4 0 9 0 11 3 0 0
12 10 4 0 9 0 11 6 0 0
22 18 5 0 12 0 11 8 0 0
23 22 5 0 12 0 11 8 0 0
23 18 5 0 12 0 11 5 0 0
####
0 14 3 11 2 0 7
6 21 3 11 2 0 7
17 20 0 2 1 10 1
16 21 0 6 1 2 4
2 12 9 11 4 0 4
6 24 6 11 3 0 7
7 11 0 11 1 0 5
15 23 0 6 1 7 1
1 16 0 11 1 0 16
4 13 3 11 2 0 7
4 23 12 11 5 0 7
21 5 0 6 1 4 3
7 10 9 11 4 0 5
19 10 0 6 1 5 4
8 16 0 11 1 0 5
10 22 0 6 1 7 3
8 15 9 11 4 0 5
9 14 0 6 1 1 10
22 17 0 4 1 8 2
14 24 0 6 1 3 3
2 20 16 9 7 0 4
12 18 0 6 1 7 1
5 15 0 6 1 6 2
0 5 6 11 3 0 7
1 9 0 11 1 0 16
3 19 6 11 3 0 5
13 19 0 6 1 3 5
2 17 15 9 6 0 4
9 13 0 6 1 1 10
3 22 12 11 5 0 5
24 12 0 6 1 5 2
