1 0 3 0 1 0 5 0
1 0 3 0 4 0 20 0
1 0 4 0 3 0 11 0
2 1 2 0 3 1 17 0
7 1 0 2 0 9 0 1
7 2 1 2 2 11 6 0
4 2 1 2 1 5 9 0
1 0 4 0 6 0 16 0
1 0 3 0 3 0 7 0
2 1 2 0 1 1 3 0
1 0 3 0 3 0 7 0
1 0 2 0 2 0 13 0
3 2 1 2 0 4 1 0
3 1 2 1 3 2 14 0
4 2 2 1 3 4 9 0
9 2 1 2 1 14 3 0
3 2 1 2 0 4 1 0
10 2 1 2 1 15 2 0
11 2 1 2 0 17 1 0
5 2 1 3 1 8 8 0
4 2 1 1 1 4 9 0
2 2 1 0 1 2 2 0
2 1 0 0 0 1 0 1
5 2 1 2 1 6 2 0
3 2 1 1 1 3 10 0
2 2 1 0 0 2 1 0
12 2 0 3 0 19 0 0
8 2 2 4 1 13 5 0
9 1 0 2 0 14 0 1
4 2 0 4 0 7 0 0
6 2 1 3 0 8 1 0
6 2 1 2 1 10 7 0
2 2 1 0 1 2 2 0
2 1 0 0 0 1 0 1
4 1 0 2 0 5 0 1
####
1 0 0 3 0 11 12 0 3 0
2 1 0 11 0 27 8 0 22 0
7 1 0 11 0 27 8 0 21 0
7 2 0 11 0 27 8 0 17 0
8 1 0 11 0 27 8 0 14 0
8 2 0 11 0 27 8 0 10 0
8 7 0 11 0 27 8 0 9 0
10 0 0 3 0 11 12 0 5 0
10 1 0 3 0 11 12 0 4 0
10 7 0 3 0 11 12 0 4 0
10 8 0 3 0 11 12 0 3 0
11 0 0 3 0 11 12 0 3 0
11 1 0 11 0 27 8 0 22 0
11 2 0 11 0 27 8 0 18 0
11 7 0 11 0 27 8 0 17 0
11 8 0 11 0 27 8 0 10 0
11 10 0 3 0 11 12 0 4 0
9 3 0 10 0 20 8 0 12 0
21 9 1 0 0 0 14 0 0 0
25 21 1 0 0 0 14 0 0 0
32 21 1 0 0 0 14 0 0 0
32 22 1 0 0 0 14 0 0 0
32 25 1 2 0 4 19 0 1 1
33 22 1 0 0 0 14 0 0 0
33 32 1 0 0 0 14 0 0 0
24 13 2 9 7 16 12 2 17 1
24 16 2 0 7 0 11 1 0 0
16 13 2 0 7 0 11 1 0 0
16 12 2 0 7 0 11 2 0 0
14 6 3 8 11 11 13 4 11 1
20 14 3 8 11 11 13 4 11 1
20 6 3 8 11 11 13 4 14 1
29 14 3 0 11 0 12 3 0 0
29 20 3 0 11 0 12 3 0 0
29 6 3 0 11 0 12 3 0 0
34 14 3 0 11 0 12 2 0 0
34 29 3 0 11 0 12 5 0 0
23 19 4 0 16 0 9 8 0 0
31 30 5 0 18 0 9 10 0 0
5 4 6 0 20 0 9 12 0 0
28 15 8 0 23 0 9 20 0 0
####
9 26 20 8 10 1 3
7 21 0 14 1 0 16
1 3 0 14 1 0 20
8 23 16 9 4 0 7
27 15 0 3 1 13 5
1 15 23 9 8 0 20
18 26 0 2 1 17 1
10 21 0 14 1 0 7
11 24 7 11 2 0 13
30 4 0 4 1 8 1
2 5 20 9 6 0 11
3 24 0 11 1 1 17
23 30 0 4 1 6 2
0 32 0 14 1 0 5
1 16 7 11 2 0 20
31 5 0 4 1 10 7
16 29 0 9 1 4 1
14 27 6 6 4 4 9
32 16 0 11 1 2 2
13 20 0 9 1 2 14
21 12 0 11 1 2 2
27 28 0 3 1 13 5
14 23 0 7 1 4 9
0 33 0 14 1 0 5
0 22 0 14 1 0 5
7 14 11 12 3 0 16
2 6 11 12 3 0 11
12 34 0 9 1 4 1
25 29 4 12 2 2 1
3 13 0 11 1 1 17
24 6 0 9 1 3 10
2 20 11 12 3 0 11
7 31 18 9 5 0 16
20 19 0 7 1 4 9
10 32 0 14 1 0 7
2 17 25 8 9 0 11
15 17 0 3 1 14 3
17 18 0 2 1 15 2
6 19 0 7 1 5 9
7 9 0 14 1 0 16
19 31 0 4 1 8 8
8 12 7 11 2 0 7
13 14 0 9 1 2 14
10 25 0 14 1 0 7
9 30 11 9 4 1 3
8 18 26 8 10 0 7
5 27 0 3 1 11 6
11 25 0 14 1 0 13
