1 0 4 0 7 0 17 0
1 0 3 0 4 0 12 0
1 0 3 0 5 0 15 0
5 2 1 2 0 5 1 0
1 0 4 0 3 0 7 0
4 2 1 2 1 4 3 0
2 1 0 0 0 1 0 1
6 2 1 2 0 10 1 0
1 0 2 0 0 0 2 0
2 1 3 0 4 1 13 0
5 1 0 2 0 5 0 1
2 1 1 0 2 1 9 0
6 2 1 2 0 9 1 0
3 2 2 1 3 3 8 0
3 2 2 1 2 3 6 0
7 2 0 4 0 15 0 0
4 2 1 2 1 5 3 0
4 2 1 2 1 5 3 0
3 2 2 1 2 3 7 0
2 1 0 0 0 1 0 1
3 2 0 1 0 3 0 0
5 2 1 4 1 8 2 0
4 2 2 2 1 4 3 0
4 2 1 2 0 5 1 0
7 1 0 2 0 11 0 1
5 1 0 2 0 6 0 1
5 2 1 4 1 8 2 0
####
1 0 0 6 0 20 7 0 10 0
2 0 0 6 0 20 7 0 10 0
2 1 0 6 0 20 7 0 10 0
4 0 0 6 0 20 7 0 6 0
4 1 0 6 0 20 7 0 6 0
4 2 0 6 0 20 7 0 6 0
8 2 0 2 0 4 9 0 1 0
11 9 0 5 0 16 6 0 7 0
14 13 2 4 4 12 11 0 5 1
18 13 2 4 4 12 11 0 5 1
18 14 2 4 4 12 11 0 6 1
20 14 2 0 4 0 9 2 0 0
20 18 2 0 4 0 9 2 0 0
16 5 3 0 8 0 10 2 0 0
17 16 3 0 8 0 10 2 0 0
17 5 3 3 8 7 12 2 4 1
22 16 3 0 8 0 10 2 0 0
22 17 3 3 8 7 12 2 3 1
22 5 3 3 8 7 12 2 3 1
23 16 3 0 8 0 10 2 0 0
23 17 3 0 8 0 10 2 0 0
23 5 3 0 8 0 10 2 0 0
23 22 3 0 8 0 10 2 0 0
21 3 4 2 13 2 12 6 1 1
21 10 4 0 13 0 10 6 0 0
10 3 4 0 13 0 10 4 0 0
25 21 4 0 13 0 10 6 0 0
25 3 4 0 13 0 10 4 0 0
25 10 4 0 13 0 10 4 0 0
26 21 4 0 13 0 10 7 0 0
26 3 4 0 13 0 10 5 0 0
26 10 4 0 13 0 10 5 0 0
26 25 4 0 13 0 10 5 0 0
12 7 5 0 18 0 7 9 0 0
24 15 6 0 20 0 7 14 0 0
####
13 22 0 9 1 3 8
3 15 2 7 2 5 1
4 7 18 7 5 0 7
14 17 0 9 1 3 6
0 14 4 9 2 0 17
18 26 5 9 2 3 7
8 19 0 9 1 0 2
4 12 18 7 5 0 7
9 18 0 8 1 1 13
2 5 8 10 3 0 15
1 11 0 9 1 0 12
0 3 13 10 4 0 17
2 9 0 9 1 0 15
18 5 0 9 1 3 7
7 24 0 4 1 10 1
13 16 0 9 1 3 8
8 20 4 9 2 0 2
26 7 0 7 1 8 2
21 12 0 7 1 8 2
22 10 0 10 1 4 3
14 23 0 9 1 3 6
23 25 0 10 1 5 1
22 3 0 10 1 4 3
2 16 8 10 3 0 15
11 13 0 8 1 1 9
9 14 0 8 1 1 13
9 20 0 8 1 1 13
1 23 8 10 3 0 12
0 18 4 9 2 0 17
5 21 0 10 1 4 3
16 26 0 10 1 5 3
12 15 0 4 1 9 1
1 22 8 10 3 0 12
4 6 0 9 1 0 7
0 13 4 9 2 0 17
4 17 8 10 3 0 7
17 21 0 10 1 5 3
