7 1 1 2 0 9 1 0
1 0 4 0 3 0 8 0
1 0 4 0 6 0 21 0
1 0 4 0 3 0 7 0
2 1 3 0 3 1 11 0
2 1 0 0 0 1 0 1
1 0 2 0 4 0 13 0
1 0 4 0 6 0 19 0
4 2 1 4 0 6 1 0
5 2 1 2 0 6 1 0
3 2 2 1 0 3 2 0
2 1 2 0 1 1 4 0
2 2 2 0 3 2 8 0
6 1 0 2 0 8 0 1
3 2 2 2 2 4 5 0
4 1 0 2 0 4 0 1
3 2 1 1 2 3 7 0
8 1 0 1 0 10 0 1
2 1 0 0 0 1 0 1
4 2 2 2 2 5 6 0
4 2 0 3 0 4 0 0
5 2 0 2 0 8 0 0
6 2 0 4 0 12 0 0
4 2 1 2 1 6 2 0
5 2 1 2 1 7 3 0
2 1 0 0 0 1 0 1
4 2 1 2 0 6 1 0
6 2 1 2 1 8 2 0
3 2 1 1 1 2 2 0
5 2 1 2 0 7 1 0
####
2 1 0 7 0 24 6 0 9 0
3 2 0 5 0 20 8 0 9 0
6 1 0 7 0 24 6 0 7 0
6 2 0 7 0 24 6 0 10 0
6 3 0 5 0 20 8 0 5 0
7 1 0 7 0 24 6 0 8 0
7 2 0 7 0 24 6 0 11 0
7 3 0 5 0 20 8 0 8 0
7 6 0 7 0 24 6 0 9 0
11 4 0 4 0 14 9 0 5 0
12 4 1 4 0 14 14 0 4 1
12 11 0 4 0 14 9 0 3 0
18 11 1 0 0 0 11 0 0 0
25 4 1 0 0 0 11 0 0 0
25 12 1 0 0 0 11 0 0 0
14 10 2 0 6 0 9 2 0 0
16 10 2 0 6 0 9 2 0 0
16 14 2 0 6 0 9 2 0 0
28 16 0 3 0 10 7 0 3 0
15 8 3 0 10 0 11 3 0 0
19 15 3 0 10 0 11 4 0 0
19 8 3 2 10 4 14 3 1 1
20 15 3 0 10 0 11 4 0 0
20 19 3 0 10 0 11 4 0 0
20 8 3 0 10 0 11 3 0 0
23 15 3 0 10 0 11 4 0 0
23 19 3 0 10 0 11 4 0 0
23 20 3 0 10 0 11 4 0 0
23 8 3 0 10 0 11 3 0 0
26 15 3 0 10 0 11 4 0 0
26 19 3 0 10 0 11 4 0 0
26 20 3 0 10 0 11 4 0 0
26 23 3 0 10 0 11 4 0 0
26 8 3 0 10 0 11 3 0 0
24 9 4 0 16 0 9 6 0 0
24 21 4 0 16 0 9 6 0 0
21 9 4 0 16 0 9 6 0 0
29 9 4 0 16 0 9 6 0 0
29 24 4 0 16 0 9 1 0 0
29 21 4 0 16 0 9 6 0 0
27 22 5 0 20 0 8 10 0 0
27 13 5 0 20 0 8 3 0 0
22 13 5 0 20 0 8 10 0 0
####
7 12 0 11 1 0 19
11 28 0 10 1 1 4
9 22 0 7 1 6 1
3 11 0 11 1 0 7
28 8 0 10 1 2 2
10 15 0 10 1 3 2
14 26 0 10 1 4 5
7 16 6 9 2 0 19
2 12 0 11 1 0 21
29 13 0 7 1 7 1
3 28 6 9 2 0 7
7 29 16 9 4 0 19
6 14 6 9 2 0 13
2 9 16 9 4 0 21
24 27 0 7 1 7 3
0 17 0 2 1 9 1
1 5 0 11 1 0 8
7 10 6 9 2 0 19
14 23 0 10 1 4 5
4 10 0 10 1 1 11
26 21 0 10 1 6 1
1 24 16 9 4 0 8
12 14 0 10 1 2 8
1 23 10 11 3 0 8
23 29 0 10 1 6 2
4 16 0 10 1 1 11
19 24 0 10 1 5 6
11 21 10 10 3 1 4
16 19 0 10 1 3 7
3 26 10 11 3 0 7
4 20 4 12 2 1 11
27 0 0 4 1 8 2
6 19 10 11 3 0 13
19 9 0 10 1 5 6
8 22 4 9 2 6 1
1 27 20 8 5 0 8
3 18 0 11 1 0 7
10 20 0 10 1 3 2
2 25 0 11 1 0 21
2 4 0 11 1 0 21
12 8 4 12 2 2 8
