1 0 2 0 2 0 4 0
1 0 2 0 3 0 9 0
1 0 4 0 4 0 16 0
7 2 1 2 0 10 1 0
1 0 2 0 2 0 6 0
1 0 3 0 4 0 17 0
8 1 0 2 0 11 0 1
1 0 4 0 5 0 17 0
2 1 2 0 3 1 12 0
2 1 3 0 3 1 15 0
7 2 1 2 0 11 1 0
3 2 2 1 1 3 6 0
8 2 0 4 0 17 0 0
4 2 1 2 1 5 4 0
5 2 1 2 1 7 3 0
5 2 1 2 1 7 3 0
2 1 1 0 2 1 6 0
3 2 2 2 2 4 5 0
4 2 0 2 0 4 0 0
3 2 1 2 2 4 6 0
4 2 2 2 1 6 3 0
4 2 2 2 1 6 5 0
6 2 1 2 1 9 2 0
3 1 0 1 0 2 0 1
6 2 1 2 1 8 2 0
5 2 0 2 0 7 0 0
2 1 0 0 0 1 0 1
4 1 0 2 0 5 0 1
5 2 1 2 0 7 1 0
5 1 0 2 0 7 0 1
####
1 0 0 7 0 22 8 0 3 0
2 0 0 7 0 22 8 0 7 0
2 1 0 7 0 22 8 0 8 0
4 0 0 7 0 22 8 0 5 0
4 1 0 7 0 22 8 0 6 0
4 2 0 7 0 22 8 0 10 0
5 0 0 7 0 22 8 0 10 0
5 1 0 7 0 22 8 0 11 0
5 2 0 7 0 22 8 0 15 0
5 4 0 7 0 22 8 0 13 0
7 0 0 7 0 22 8 0 7 0
7 1 0 7 0 22 8 0 8 0
7 2 0 7 0 22 8 0 12 0
7 4 0 7 0 22 8 0 10 0
7 5 0 7 0 22 8 0 15 0
9 8 0 6 0 18 6 0 13 0
16 8 0 6 0 18 6 0 11 0
16 9 0 6 0 18 6 0 8 0
26 9 1 0 0 0 10 0 0 0
17 11 2 0 4 0 10 1 0 0
19 11 2 0 4 0 10 2 0 0
19 17 2 5 4 14 12 2 6 1
23 11 2 0 4 0 10 2 0 0
23 19 2 0 4 0 10 2 0 0
18 13 3 0 8 0 11 2 0 0
20 13 3 0 8 0 11 0 0 0
20 18 3 0 8 0 11 3 0 0
21 13 3 0 8 0 11 4 0 0
21 18 3 0 8 0 11 4 0 0
21 20 3 4 8 9 13 4 4 1
27 13 3 0 8 0 11 3 0 0
27 18 3 0 8 0 11 3 0 0
27 20 3 0 8 0 11 4 0 0
27 21 3 0 8 0 11 4 0 0
15 14 4 0 13 0 11 3 0 0
25 15 4 0 13 0 11 3 0 0
25 14 4 0 13 0 11 2 0 0
28 15 4 0 13 0 11 2 0 0
28 14 4 3 13 4 13 6 2 1
28 25 4 0 13 0 11 6 0 0
29 15 4 0 13 0 11 2 0 0
29 14 4 0 13 0 11 6 0 0
29 25 4 0 13 0 11 6 0 0
29 28 4 0 13 0 11 2 0 0
24 22 5 0 18 0 8 3 0 0
10 3 6 0 20 0 8 0 0 0
12 6 7 0 22 0 8 2 0 0
####
21 14 0 10 1 6 5
2 18 8 11 3 0 16
17 20 0 9 1 4 5
20 29 0 10 1 6 3
8 19 0 8 1 1 12
2 22 18 8 5 0 16
0 10 20 8 6 0 4
0 3 20 8 6 0 4
28 12 4 7 3 7 1
1 20 8 11 3 0 9
5 8 0 10 1 0 17
16 17 0 8 1 1 6
14 22 0 7 1 7 3
7 24 18 8 5 0 17
10 12 0 4 1 11 1
9 11 0 8 1 1 15
3 6 0 4 1 10 1
11 18 0 9 1 3 6
22 10 0 4 1 9 2
19 21 0 9 1 4 6
11 13 0 9 1 3 6
2 16 0 10 1 0 16
7 14 13 11 4 0 17
1 13 8 11 3 0 9
13 15 0 10 1 5 4
5 15 13 11 4 0 17
4 25 13 11 4 0 6
8 17 0 8 1 1 12
5 28 13 11 4 0 17
17 27 0 9 1 4 5
7 9 0 10 1 0 17
21 25 0 10 1 6 5
15 24 0 7 1 7 3
7 26 0 10 1 0 17
2 11 4 10 2 0 16
9 23 0 8 1 1 15
24 3 0 4 1 8 2
20 28 0 10 1 6 3
4 21 8 11 3 0 6
9 19 0 8 1 1 15
