1 0 3 0 1 0 5 0
1 0 2 0 2 0 7 0
1 0 2 0 2 0 4 0
1 0 3 0 3 0 12 0
7 1 0 2 0 10 0 1
1 0 2 0 2 0 9 0
7 2 1 2 0 11 1 0
3 2 1 1 1 3 2 0
1 0 3 0 2 0 8 0
1 0 3 0 2 0 11 0
2 1 1 0 1 1 2 0
2 2 1 0 1 2 8 0
8 2 0 2 0 12 0 0
4 2 1 2 2 5 6 0
4 1 0 2 0 4 0 1
5 2 2 2 2 7 5 0
4 2 1 2 0 5 1 0
5 1 0 2 0 6 0 1
3 2 1 1 0 3 1 0
3 2 1 2 1 3 7 0
2 1 0 0 0 1 0 1
2 1 1 0 1 1 3 0
2 1 0 0 0 1 0 1
2 2 0 0 0 2 0 0
6 2 1 2 0 9 1 0
6 2 1 2 1 9 2 0
####
1 0 0 7 0 18 8 0 5 0
2 0 0 7 0 18 8 0 3 0
2 1 0 7 0 18 8 0 4 0
3 0 0 7 0 18 8 0 8 0
3 1 0 7 0 18 8 0 9 0
3 2 0 7 0 18 8 0 7 0
5 0 0 7 0 18 8 0 6 0
5 1 0 7 0 18 8 0 7 0
5 2 0 7 0 18 8 0 5 0
5 3 0 7 0 18 8 0 10 0
8 0 0 1 0 0 13 0 0 0
8 3 0 4 0 12 9 0 5 0
8 5 0 3 0 9 10 0 3 0
9 0 0 7 0 18 8 0 8 0
9 1 0 7 0 18 8 0 9 0
9 2 0 7 0 18 8 0 7 0
9 3 0 7 0 18 8 0 12 0
9 5 0 7 0 18 8 0 10 0
9 8 0 4 0 12 9 0 4 0
21 10 1 0 0 0 13 0 0 0
23 10 1 0 0 0 13 0 0 0
23 21 1 0 0 0 13 0 0 0
23 22 1 0 0 0 13 0 0 0
18 7 2 0 6 0 10 2 0 0
19 7 2 0 6 0 10 1 0 0
14 13 3 0 9 0 10 1 0 0
16 14 3 0 9 0 10 4 0 0
16 13 3 0 9 0 10 3 0 0
17 15 4 0 12 0 9 5 0 0
25 24 5 0 14 0 9 2 0 0
6 4 6 0 16 0 9 4 0 0
####
8 23 0 13 1 0 8
5 13 9 10 3 0 9
3 11 0 13 1 0 12
24 4 0 4 1 9 1
1 15 12 9 4 0 7
7 16 0 6 1 3 2
3 7 6 10 2 0 12
11 19 0 9 1 2 8
1 20 0 13 1 0 7
16 17 0 5 1 5 1
5 18 6 10 2 0 9
8 10 0 13 1 0 8
10 18 0 9 1 1 2
9 11 0 13 1 0 11
0 22 0 13 1 0 5
2 6 16 9 6 0 4
15 25 0 4 1 7 5
0 25 14 9 5 0 5
13 15 0 5 1 5 6
8 21 0 13 1 0 8
9 16 9 10 3 0 11
3 19 6 10 2 0 12
19 13 0 6 1 3 7
2 24 14 9 5 0 4
6 12 0 3 1 11 1
0 23 0 13 1 0 5
15 24 0 4 1 7 5
18 14 0 6 1 3 1
25 6 0 4 1 9 2
21 7 0 9 1 1 3
9 12 18 8 7 0 11
