1 0 3 0 2 0 5 0
1 0 3 0 2 0 8 0
1 0 3 0 3 0 6 0
1 0 3 0 2 0 7 0
1 0 3 0 5 0 15 0
7 2 1 2 1 8 2 0
1 0 2 0 2 0 8 0
8 2 1 3 0 9 1 0
3 1 0 2 0 3 0 1
2 1 3 0 4 1 14 0
2 1 0 0 0 1 0 1
5 2 1 2 2 6 3 0
4 2 1 2 1 5 5 0
5 2 1 2 1 6 4 0
3 2 1 1 1 3 5 0
2 1 0 0 0 1 0 1
3 2 1 1 0 3 1 0
2 2 1 0 0 2 1 0
4 2 0 2 0 5 0 0
4 2 1 2 1 5 4 0
9 2 0 4 0 16 0 0
3 2 2 1 2 3 6 0
2 1 0 0 0 1 0 1
7 1 0 2 0 8 0 1
6 2 1 2 1 7 3 0
6 2 2 2 0 7 2 0
####
2 1 0 8 0 19 7 0 9 0
3 0 0 3 0 9 9 0 1 0
3 1 0 8 0 19 7 0 10 0
3 2 0 8 0 19 7 0 7 0
4 0 0 3 0 9 9 0 3 0
4 1 0 8 0 19 7 0 17 0
4 2 0 8 0 19 7 0 14 0
4 3 0 8 0 19 7 0 15 0
6 0 0 2 0 5 10 0 2 0
6 1 0 8 0 19 7 0 11 0
6 2 0 8 0 19 7 0 8 0
6 3 0 8 0 19 7 0 9 0
6 4 0 8 0 19 7 0 16 0
17 10 1 0 0 0 11 0 0 0
16 14 2 0 5 0 10 2 0 0
16 8 2 0 5 0 10 1 0 0
21 14 2 6 5 10 11 2 8 1
21 16 2 0 5 0 10 2 0 0
18 12 3 0 9 0 9 4 0 0
19 18 3 0 9 0 9 1 0 0
19 12 3 5 9 7 10 4 6 1
13 11 4 4 12 5 9 6 4 1
25 24 5 3 14 3 9 8 2 1
23 5 6 0 16 0 8 10 0 0
####
1 21 5 10 2 0 8
17 8 0 9 1 2 1
3 11 12 8 4 0 7
1 15 0 11 1 0 8
0 16 5 10 2 0 5
2 22 0 11 1 0 6
0 10 0 11 1 0 5
6 17 0 11 1 0 8
19 11 0 5 1 5 4
3 14 5 10 2 0 7
25 23 0 4 1 7 2
7 20 0 2 1 9 1
2 19 9 9 3 0 6
4 9 0 11 1 0 15
12 13 0 5 1 5 5
9 21 0 9 1 1 14
24 5 0 4 1 7 3
4 13 12 8 4 0 15
1 5 16 8 6 0 8
0 17 0 11 1 0 5
4 24 14 8 5 0 15
21 12 0 7 1 3 6
16 18 0 7 1 3 1
11 25 0 4 1 6 3
9 14 0 9 1 1 14
13 24 0 4 1 6 4
14 19 0 7 1 3 5
9 16 0 9 1 1 14
6 12 9 9 3 0 8
5 7 0 3 1 8 2
3 18 9 9 3 0 7
25 20 3 3 3 7 2
2 25 14 8 5 0 6
21 7 9 5 5 3 6
