1 0 4 0 4 0 17 0
1 0 3 0 3 0 6 0
1 0 3 0 3 0 14 0
1 0 3 0 4 0 17 0
6 2 1 2 2 8 8 0
1 0 2 0 1 0 14 0
2 1 1 0 2 1 4 0
5 2 1 2 1 6 2 0
1 0 4 0 3 0 13 0
11 2 1 4 0 21 1 0
2 2 1 0 1 2 2 0
3 2 1 2 0 4 1 0
2 2 0 0 0 2 0 0
9 2 1 3 2 14 4 0
4 2 1 2 2 5 11 0
2 2 1 0 1 2 6 0
2 1 2 0 2 1 16 0
3 2 1 1 1 3 4 0
12 1 0 2 0 22 0 1
4 1 0 2 0 5 0 1
5 2 2 2 1 7 10 0
3 2 1 1 1 3 12 0
4 2 1 2 1 5 3 0
6 1 0 2 0 8 0 1
10 2 2 3 1 16 3 0
7 2 2 2 1 10 7 0
8 2 1 3 1 12 5 0
11 2 0 2 0 17 0 0
8 2 1 2 1 11 5 0
####
1 0 0 11 0 22 7 0 14 0
2 0 0 11 0 22 7 0 22 0
2 1 0 11 0 22 7 0 14 0
3 0 0 11 0 22 7 0 25 0
3 1 0 11 0 22 7 0 17 0
3 2 0 11 0 22 7 0 25 0
5 0 0 11 0 22 7 0 21 0
5 1 0 11 0 22 7 0 13 0
5 2 0 11 0 22 7 0 21 0
5 3 0 11 0 22 7 0 24 0
8 0 0 11 0 22 7 0 18 0
8 1 0 11 0 22 7 0 10 0
8 2 0 11 0 22 7 0 18 0
8 3 0 11 0 22 7 0 21 0
8 5 0 11 0 22 7 0 17 0
10 6 1 0 0 0 11 0 0 0
12 10 1 0 0 0 11 0 0 0
15 6 1 10 0 17 12 0 6 1
15 10 1 0 0 0 11 0 0 0
15 12 1 0 0 0 11 0 0 0
16 6 0 10 0 17 6 0 15 0
16 15 0 10 0 17 6 0 17 0
21 17 2 9 5 14 10 2 12 1
19 14 3 0 8 0 9 2 0 0
22 19 3 0 8 0 9 1 0 0
22 14 3 8 8 11 10 4 10 1
20 7 4 7 11 9 9 2 8 1
23 4 5 0 13 0 8 4 0 0
28 26 7 4 16 4 9 9 6 1
27 9 10 0 20 0 8 20 0 0
####
21 14 0 6 1 3 12
10 11 0 8 1 2 2
0 14 8 9 3 0 17
16 21 0 8 1 1 16
6 24 14 6 8 1 4
0 10 0 11 1 0 17
3 28 16 8 7 0 17
9 18 0 3 1 21 1
1 11 5 9 2 0 6
11 19 0 6 1 4 1
15 26 11 7 6 2 6
24 9 0 3 1 16 3
16 17 0 8 1 1 16
0 15 0 11 1 0 17
24 27 0 3 1 16 3
5 12 0 11 1 0 14
8 10 0 11 1 0 13
25 26 0 3 1 10 7
22 7 0 5 1 5 3
3 16 0 11 1 0 17
28 13 0 3 1 11 5
20 4 0 4 1 7 10
2 27 20 8 10 0 14
8 15 0 11 1 0 13
8 25 15 7 6 0 13
13 24 0 2 1 14 4
2 20 11 8 4 0 14
4 25 0 3 1 8 8
5 21 5 9 2 0 14
17 22 0 6 1 3 4
14 20 0 5 1 5 11
26 13 0 3 1 12 5
25 28 0 3 1 10 7
7 9 7 4 6 6 2
2 17 5 9 2 0 14
20 23 0 4 1 7 10
1 22 8 9 3 0 6
8 12 0 11 1 0 13
0 6 0 11 1 0 17
1 7 11 8 4 0 6
3 4 13 8 5 0 17
