1 0 3 0 3 0 9 0
1 0 2 0 3 0 13 0
1 0 2 0 2 0 5 0
1 0 3 0 1 0 11 0
4 2 1 2 3 4 12 0
5 1 3 2 3 5 11 0
1 0 4 0 3 0 7 0
1 0 4 0 3 0 20 0
1 0 2 0 1 0 11 0
13 2 1 2 0 17 1 0
8 2 1 3 2 10 8 0
4 2 1 2 1 4 3 0
14 1 0 2 0 18 0 1
2 1 1 0 1 1 5 0
9 2 2 2 1 12 7 0
10 2 1 2 2 13 5 0
2 1 0 0 0 1 0 1
2 1 1 0 1 1 14 0
5 2 1 2 1 6 2 0
6 2 1 1 1 7 10 0
11 2 2 2 1 14 4 0
10 2 0 2 0 13 0 0
12 2 0 2 0 15 0 0
6 2 1 2 0 7 1 0
2 1 0 0 0 1 0 1
12 2 1 3 1 15 2 0
3 2 1 1 1 2 13 0
2 1 0 0 0 1 0 1
3 2 1 1 1 2 4 0
7 2 0 2 0 9 0 0
7 2 1 2 1 9 9 0
####
1 0 0 13 0 23 8 0 15 0
2 0 0 13 0 23 8 0 6 0
2 1 0 13 0 23 8 0 11 0
3 0 0 13 0 23 8 0 12 0
3 1 0 13 0 23 8 0 17 0
3 2 0 13 0 23 8 0 8 0
6 0 0 6 0 13 9 0 5 0
6 2 0 6 0 13 9 0 7 0
7 0 0 13 0 23 8 0 17 0
7 1 0 13 0 23 8 0 22 0
7 2 0 13 0 23 8 0 13 0
7 3 0 13 0 23 8 0 19 0
7 6 0 6 0 13 9 0 8 0
8 0 0 13 0 23 8 0 13 0
8 1 0 13 0 23 8 0 18 0
8 2 0 13 0 23 8 0 9 0
8 3 0 13 0 23 8 0 15 0
8 7 0 13 0 23 8 0 20 0
16 13 1 0 0 0 12 0 0 0
24 17 1 0 0 0 12 0 0 0
11 4 3 0 7 0 9 2 0 0
18 5 4 0 9 0 9 4 0 0
23 19 5 0 11 0 9 6 0 0
30 29 6 0 13 0 9 8 0 0
21 15 9 0 17 0 9 2 0 0
25 22 11 0 20 0 9 6 0 0
####
20 25 0 3 1 14 4
2 18 9 9 4 0 5
15 20 0 3 1 13 5
0 14 16 8 8 0 9
6 28 5 9 2 0 7
5 19 0 4 1 5 11
8 19 11 9 5 0 11
7 11 7 9 3 0 20
1 20 19 8 10 0 13
18 23 0 4 1 6 2
2 9 22 8 12 0 5
0 15 17 9 9 0 9
7 24 0 12 1 0 20
5 25 9 4 7 5 11
9 12 0 2 1 17 1
11 18 0 4 1 4 3
0 29 13 9 6 0 9
3 27 0 12 1 0 11
20 22 0 3 1 14 4
4 5 0 4 1 4 12
23 29 0 4 1 7 1
8 21 17 9 9 0 11
1 4 7 9 3 0 13
3 30 13 9 6 0 11
13 28 0 7 1 1 5
30 10 0 3 1 9 9
6 23 11 9 5 0 7
26 4 0 4 1 2 13
14 15 0 3 1 12 7
5 10 4 3 3 5 11
28 11 0 4 1 2 4
3 22 20 9 11 0 11
7 26 5 9 2 0 20
25 9 0 3 1 15 2
10 14 0 2 1 10 8
6 13 0 12 1 0 7
14 21 0 3 1 12 7
17 26 0 7 1 1 14
7 17 0 12 1 0 20
6 16 0 12 1 0 7
19 30 0 4 1 7 10
