1 0 3 0 1 0 9 0
1 0 4 0 5 0 14 0
2 1 0 0 0 1 0 1
1 0 3 0 3 0 7 0
8 2 1 2 1 13 2 0
1 0 2 0 2 0 7 0
1 0 2 0 4 0 20 0
1 0 3 0 5 0 14 0
2 1 2 0 1 1 6 0
6 2 1 2 1 8 4 0
4 1 0 2 0 4 0 1
2 1 2 0 3 1 8 0
3 2 1 1 0 3 1 0
2 1 2 0 4 1 14 0
4 1 0 2 0 4 0 1
5 2 1 2 1 9 2 0
3 2 2 1 1 3 5 0
3 2 2 1 2 3 8 0
4 2 1 2 1 5 2 0
4 2 1 2 1 5 6 0
3 2 1 1 1 3 4 0
3 2 0 1 0 3 0 0
5 2 1 2 1 6 5 0
3 2 2 1 1 3 5 0
7 2 1 4 1 12 3 0
6 2 1 2 0 11 1 0
9 2 1 4 0 15 1 0
4 2 1 3 1 7 3 0
10 2 0 4 0 18 0 0
7 1 0 2 0 12 0 1
####
1 0 0 9 0 23 7 0 14 0
3 0 0 9 0 23 7 0 10 0
3 1 0 9 0 23 7 0 12 0
5 0 0 9 0 23 7 0 7 0
5 1 0 9 0 23 7 0 9 0
5 3 0 9 0 23 7 0 5 0
6 0 0 9 0 23 7 0 18 0
6 1 0 9 0 23 7 0 20 0
6 3 0 9 0 23 7 0 16 0
6 5 0 9 0 23 7 0 13 0
7 0 0 9 0 23 7 0 11 0
7 1 0 9 0 23 7 0 13 0
7 3 0 9 0 23 7 0 9 0
7 5 0 9 0 23 7 0 6 0
7 6 0 9 0 23 7 0 17 0
13 8 0 5 0 15 6 0 8 0
13 11 1 8 0 19 11 0 13 1
16 12 2 0 4 0 12 2 0 0
17 12 2 0 4 0 12 0 0 0
17 16 2 7 4 13 13 2 7 1
20 16 2 4 4 9 14 0 6 1
21 20 2 0 4 0 12 2 0 0
23 12 2 0 4 0 12 2 0 0
23 16 2 7 4 13 13 2 3 1
23 17 2 7 4 13 13 2 10 1
23 20 2 0 4 0 12 1 0 0
23 21 2 0 4 0 12 1 0 0
14 10 3 0 10 0 11 4 0 0
18 14 3 0 10 0 11 2 0 0
18 10 3 0 10 0 11 4 0 0
19 14 3 0 10 0 11 2 0 0
19 18 3 6 10 8 12 2 6 1
19 10 3 0 10 0 11 4 0 0
27 14 3 0 10 0 11 4 0 0
27 18 3 0 10 0 11 4 0 0
27 19 3 0 10 0 11 4 0 0
27 10 3 0 10 0 11 4 0 0
22 15 4 0 15 0 8 2 0 0
25 9 5 0 17 0 8 4 0 0
29 24 6 0 19 0 8 6 0 0
####
3 25 17 8 5 0 7
27 15 0 7 1 7 3
26 28 0 2 1 15 1
1 17 4 12 2 0 14
24 4 0 3 1 12 3
16 28 13 7 7 3 5
13 17 0 10 1 1 14
11 23 0 10 1 1 8
1 15 15 8 4 0 14
22 9 0 4 1 6 5
18 26 7 6 5 5 2
19 22 0 7 1 5 6
0 21 4 12 2 0 9
13 16 0 10 1 1 14
8 20 0 10 1 1 6
9 24 0 4 1 8 4
7 23 4 12 2 0 14
20 27 0 11 1 3 4
25 29 0 4 1 11 1
17 19 0 11 1 3 8
12 14 0 11 1 3 1
23 10 0 11 1 3 5
15 25 0 4 1 9 2
6 11 0 10 1 0 20
8 21 0 10 1 1 6
7 18 10 11 3 0 14
3 9 17 8 5 0 7
11 12 0 10 1 1 8
23 24 9 8 4 3 5
17 18 0 11 1 3 8
7 8 0 10 1 0 14
1 22 15 8 4 0 14
5 16 4 12 2 0 7
1 12 4 12 2 0 14
0 19 10 11 3 0 9
4 26 0 2 1 13 2
5 20 4 12 2 0 7
16 27 0 11 1 3 5
6 13 0 10 1 0 20
3 4 21 7 7 0 7
0 2 0 10 1 0 9
