1 0 3 0 2 0 8 0
1 0 3 0 2 0 7 0
1 0 3 0 2 0 7 0
1 0 3 0 3 0 11 0
1 0 2 0 3 0 11 0
5 2 1 2 1 7 2 0
4 1 0 2 0 5 0 1
4 2 1 2 2 4 5 0
1 0 2 0 3 0 13 0
1 0 3 0 3 0 6 0
2 1 2 0 3 1 10 0
1 0 3 0 1 0 5 0
3 2 2 1 1 3 4 0
5 1 2 2 2 5 4 0
4 2 1 2 1 4 2 0
2 1 2 0 3 1 9 0
3 2 1 1 0 3 1 0
2 1 0 0 0 1 0 1
3 2 1 1 1 3 4 0
6 2 1 3 0 14 1 0
4 2 1 2 1 5 2 0
2 1 0 0 0 1 0 1
6 2 0 2 0 9 0 0
3 2 2 1 1 3 7 0
2 2 0 0 0 2 0 0
7 1 0 2 0 15 0 1
2 1 0 0 0 1 0 1
2 1 0 0 0 1 0 1
6 2 1 1 0 7 1 0
5 2 1 3 0 7 1 0
7 2 0 4 0 10 0 0
4 1 0 2 0 4 0 1
2 2 1 0 1 2 2 0
3 2 1 2 0 4 1 0
4 2 1 2 1 5 3 0
####
1 0 0 6 0 25 10 0 6 0
2 0 0 6 0 25 10 0 2 0
2 1 0 6 0 25 10 0 5 0
3 0 0 6 0 25 10 0 7 0
3 1 0 6 0 25 10 0 7 0
3 2 0 6 0 25 10 0 7 0
4 0 0 6 0 25 10 0 5 0
4 1 0 6 0 25 10 0 6 0
4 2 0 6 0 25 10 0 5 0
4 3 0 6 0 25 10 0 10 0
8 0 0 6 0 25 10 0 9 0
8 1 0 6 0 25 10 0 7 0
8 2 0 6 0 25 10 0 8 0
8 3 0 6 0 25 10 0 10 0
8 4 0 6 0 25 10 0 9 0
9 0 0 5 0 22 11 0 4 0
9 1 0 5 0 22 11 0 6 0
9 8 0 5 0 22 11 0 9 0
11 3 0 1 0 0 16 0 0 0
11 4 0 3 0 13 14 0 4 0
11 8 0 3 0 13 14 0 3 0
15 10 0 5 0 17 10 0 8 0
24 15 1 0 0 0 16 0 0 0
27 24 1 0 0 0 16 0 0 0
32 24 1 0 0 0 16 0 0 0
32 27 1 0 0 0 16 0 0 0
18 12 2 0 8 0 13 2 0 0
23 16 2 4 8 12 15 2 3 1
23 18 0 4 0 12 7 0 6 0
33 12 2 0 8 0 13 1 0 0
33 18 2 0 8 0 13 1 0 0
33 23 2 0 8 0 13 1 0 0
14 6 3 0 13 0 14 3 0 0
20 14 3 2 13 3 17 4 2 1
20 6 3 0 13 0 14 3 0 0
7 6 3 0 13 0 14 3 0 0
31 7 3 0 13 0 14 4 0 0
31 6 3 0 13 0 14 3 0 0
34 14 3 0 13 0 14 4 0 0
34 20 3 0 13 0 14 4 0 0
34 7 0 3 0 6 8 0 4 0
34 6 3 0 13 0 14 3 0 0
13 5 0 2 0 3 5 0 2 0
29 5 4 0 19 0 11 1 0 0
28 22 5 0 22 0 11 0 0 0
28 19 5 0 22 0 11 3 0 0
22 19 5 0 22 0 11 3 0 0
30 25 6 0 25 0 10 5 0 0
####
3 15 0 16 1 0 11
23 31 0 11 1 3 7
1 26 0 16 1 0 7
5 19 0 6 1 7 2
20 29 0 9 1 5 2
2 34 13 14 3 0 7
11 24 0 16 1 0 5
3 7 13 14 3 0 11
23 7 0 11 1 3 7
1 20 13 14 3 0 7
0 28 22 11 5 0 8
3 24 0 16 1 0 11
32 33 0 13 1 2 2
12 20 0 11 1 3 4
15 23 0 13 1 1 9
28 30 0 5 1 7 1
18 34 0 11 1 3 4
8 10 0 16 1 0 13
10 12 0 13 1 1 10
10 18 0 13 1 1 10
29 22 0 6 1 7 1
1 5 19 11 4 0 7
4 23 8 13 2 0 11
19 25 0 5 1 14 1
33 6 0 11 1 4 1
9 17 0 16 1 0 6
11 27 0 16 1 0 5
34 5 0 9 1 5 3
2 16 8 13 2 0 7
0 22 22 11 5 0 8
9 14 13 14 3 0 6
12 14 0 11 1 3 4
8 33 8 13 2 0 13
16 30 12 7 4 3 1
0 18 8 13 2 0 8
13 28 0 6 1 5 4
13 19 0 6 1 5 4
14 29 0 9 1 4 2
2 21 0 16 1 0 7
7 13 0 9 1 4 5
11 32 0 16 1 0 5
15 16 0 13 1 1 9
9 12 8 13 2 0 6
4 32 0 16 1 0 11
