1 0 4 0 4 0 12 0
1 0 2 0 2 0 14 0
4 1 2 2 1 4 8 0
1 0 3 0 6 0 27 0
8 2 1 2 1 14 4 0
1 0 3 0 4 0 19 0
6 2 1 2 2 12 7 0
1 0 4 0 3 0 11 0
1 0 3 0 4 0 21 0
1 0 3 0 3 0 18 0
2 1 2 0 1 1 10 0
4 2 1 2 1 6 2 0
9 2 1 2 1 15 5 0
2 1 1 0 1 1 5 0
1 0 3 0 6 0 18 0
2 1 3 0 3 1 17 0
5 2 1 2 1 7 9 0
2 2 2 0 2 2 14 0
4 1 0 2 0 4 0 1
8 2 0 3 0 14 0 0
7 2 1 2 1 11 7 0
10 2 1 3 1 17 4 0
3 2 1 1 1 3 11 0
2 2 2 0 2 2 11 0
3 2 1 2 1 4 10 0
3 2 1 2 1 4 2 0
8 2 1 3 1 14 6 0
14 2 0 2 0 34 0 0
11 2 1 4 1 29 3 0
5 2 0 3 0 11 0 0
6 2 1 2 1 9 8 0
4 2 1 3 1 7 9 0
3 2 1 1 0 3 1 0
7 2 2 2 1 13 6 0
3 2 1 1 2 3 9 0
4 2 1 2 1 5 10 0
12 2 1 2 1 30 2 0
4 2 1 2 0 6 1 0
3 2 1 2 1 4 3 0
13 2 1 4 0 33 1 0
5 2 1 4 1 10 8 0
####
1 0 0 13 0 32 9 0 19 0
3 0 0 13 0 32 9 0 26 0
3 1 0 13 0 32 9 0 33 0
5 0 0 13 0 32 9 0 22 0
5 1 0 13 0 32 9 0 29 0
5 3 0 13 0 32 9 0 36 0
7 0 0 13 0 32 9 0 16 0
7 1 0 13 0 32 9 0 23 0
7 3 0 13 0 32 9 0 30 0
7 5 0 13 0 32 9 0 26 0
8 0 0 13 0 32 9 0 22 0
8 1 0 13 0 32 9 0 29 0
8 3 0 13 0 32 9 0 36 0
8 5 0 13 0 32 9 0 32 0
8 7 0 13 0 32 9 0 26 0
9 0 0 13 0 32 9 0 22 0
9 1 0 13 0 32 9 0 29 0
9 3 0 13 0 32 9 0 36 0
9 5 0 13 0 32 9 0 32 0
9 7 0 13 0 32 9 0 26 0
9 8 0 13 0 32 9 0 32 0
14 0 0 13 0 32 9 0 19 0
14 1 0 13 0 32 9 0 26 0
14 3 0 13 0 32 9 0 33 0
14 5 0 13 0 32 9 0 29 0
14 7 0 13 0 32 9 0 23 0
14 8 0 13 0 32 9 0 29 0
14 9 0 13 0 32 9 0 29 0
13 10 0 12 0 27 6 0 12 0
15 10 1 12 0 27 14 0 21 1
15 13 0 12 0 27 6 0 17 0
17 10 0 12 0 27 6 0 17 0
17 13 0 12 0 27 6 0 13 0
17 15 0 12 0 27 6 0 22 0
23 10 0 12 0 27 6 0 17 0
23 13 0 12 0 27 6 0 13 0
23 15 0 12 0 27 6 0 22 0
23 17 1 12 0 27 14 0 18 1
24 22 0 11 0 21 7 0 18 0
25 22 2 0 5 0 14 1 0 0
25 24 2 0 5 0 14 2 0 0
32 22 2 0 5 0 14 2 0 0
32 25 2 0 5 0 14 1 0 0
34 22 2 11 5 21 15 2 17 1
34 24 0 11 0 21 7 0 15 0
34 25 2 2 5 6 17 1 2 1
34 32 2 0 5 0 14 2 0 0
38 22 2 11 5 21 15 0 12 1
38 24 2 11 5 21 15 2 10 1
38 25 2 0 5 0 14 2 0 0
38 34 2 11 5 21 15 1 9 1
31 18 3 0 11 0 14 3 0 0
31 2 3 10 11 15 15 3 13 1
31 11 3 10 11 15 15 2 8 1
18 2 3 0 11 0 14 4 0 0
35 31 3 10 11 15 15 3 16 1
35 18 3 0 11 0 14 4 0 0
35 2 3 10 11 15 15 4 15 1
35 11 3 10 11 15 15 2 10 1
37 31 3 0 11 0 14 2 0 0
37 18 3 0 11 0 14 1 0 0
37 2 3 1 11 0 17 3 0 1
37 35 3 0 11 0 14 3 0 0
37 11 3 0 11 0 14 2 0 0
11 2 3 10 11 15 15 3 7 1
29 16 4 0 17 0 11 8 0 0
40 16 4 9 17 12 12 5 14 1
40 29 4 0 17 0 11 7 0 0
30 6 5 8 20 10 11 7 12 1
33 20 6 7 22 8 11 9 10 1
26 4 7 6 24 5 12 13 8 1
26 19 7 0 24 0 11 13 0 0
19 4 7 0 24 0 11 4 0 0
####
11 39 14 7 9 6 2
14 17 0 13 1 0 18
2 29 0 9 1 4 8
31 40 0 9 1 7 9
3 15 0 13 1 0 27
3 25 5 14 2 0 27
7 12 27 9 8 0 11
21 28 0 2 1 17 4
15 32 0 11 1 1 17
14 33 22 10 6 0 18
17 25 0 11 1 2 14
5 23 0 13 1 0 19
13 21 23 6 8 1 5
24 31 0 12 1 4 10
2 26 7 9 4 4 8
20 26 0 5 1 11 7
0 32 5 14 2 0 12
3 10 0 13 1 0 27
23 40 12 8 3 2 11
17 24 0 11 1 2 14
0 37 11 14 3 0 12
0 4 24 11 7 0 12
9 24 5 14 2 0 18
14 23 0 13 1 0 18
26 12 0 4 1 14 6
12 21 0 2 1 15 5
10 31 6 11 2 1 10
15 22 0 11 1 1 17
4 28 2 4 3 14 4
36 39 0 2 1 30 2
15 34 0 11 1 1 17
7 27 32 9 13 0 11
6 33 0 4 1 12 7
16 30 0 5 1 7 9
30 20 0 4 1 9 8
10 19 19 8 6 1 10
8 11 11 14 3 0 21
7 36 30 9 11 0 11
8 30 20 10 5 0 21
9 16 17 11 4 0 18
34 2 0 12 1 3 9
8 17 0 13 1 0 21
35 16 0 9 1 5 10
23 38 0 11 1 2 11
40 6 0 5 1 10 8
5 34 5 14 2 0 19
37 29 0 9 1 6 1
22 35 0 12 1 3 11
7 35 11 14 3 0 11
9 13 0 13 1 0 18
28 36 0 2 1 29 3
1 22 5 14 2 0 14
38 11 0 12 1 4 3
39 27 0 2 1 33 1
25 37 0 12 1 4 2
32 18 0 12 1 3 1
33 4 0 5 1 13 6
0 6 20 10 5 0 12
5 20 22 10 6 0 19
33 19 0 5 1 13 6
1 38 5 14 2 0 14
