1 0 3 0 1 0 4 0
1 0 2 0 2 0 8 0
1 0 2 0 4 0 15 0
1 0 4 0 6 0 17 0
1 0 4 0 4 0 17 0
5 2 1 2 2 5 8 0
9 2 0 2 0 12 0 0
8 2 1 2 0 11 1 0
2 1 2 0 2 1 12 0
9 1 0 2 0 12 0 1
6 2 1 2 1 8 4 0
2 1 2 0 3 1 14 0
7 2 1 2 1 9 3 0
3 2 1 1 1 3 7 0
3 2 1 1 2 3 11 0
6 2 2 3 3 8 7 0
8 2 1 2 1 10 2 0
7 2 2 2 2 9 4 0
4 2 1 2 1 5 6 0
5 2 0 2 0 6 0 0
10 1 0 2 0 17 0 1
5 2 1 2 1 7 5 0
4 2 2 2 1 4 10 0
8 2 1 3 0 10 1 0
9 2 1 4 0 16 1 0
####
2 0 0 8 0 16 8 0 5 0
2 1 0 9 0 19 6 0 16 0
3 0 0 8 0 16 8 0 8 0
3 1 0 9 0 19 6 0 17 0
3 2 0 9 0 19 6 0 19 0
4 0 0 8 0 16 8 0 7 0
4 1 0 9 0 19 6 0 17 0
4 2 0 9 0 19 6 0 19 0
4 3 0 9 0 19 6 0 20 0
11 8 0 8 0 17 3 0 13 0
14 13 0 7 0 15 3 0 10 0
22 18 3 6 4 13 8 1 8 1
21 5 4 5 6 10 9 3 6 1
21 19 4 0 6 0 8 3 0 0
19 5 4 0 6 0 8 6 0 0
15 10 5 4 9 8 8 5 4 1
17 12 6 0 11 0 7 7 0 0
16 7 7 0 13 0 8 9 0 0
23 16 7 0 13 0 8 9 0 0
23 7 7 0 13 0 8 6 0 0
9 6 8 0 16 0 8 1 0 0
24 9 8 0 16 0 8 12 0 0
24 6 8 0 16 0 8 12 0 0
####
8 23 11 5 6 1 12
17 7 0 5 1 9 4
4 18 4 7 3 0 17
0 7 13 8 7 0 4
3 21 6 8 4 0 17
22 19 0 5 1 4 10
12 16 0 5 1 9 3
16 24 0 6 1 10 2
14 22 0 4 1 3 11
8 14 0 4 1 1 12
10 12 0 4 1 8 4
17 23 0 5 1 9 4
23 6 0 6 1 10 1
11 13 0 4 1 1 14
4 10 9 7 5 0 17
1 13 2 7 2 0 8
4 14 2 7 2 0 17
4 16 13 8 7 0 17
5 15 0 5 1 5 8
18 21 0 5 1 5 6
2 17 11 7 6 0 15
7 9 0 6 1 11 1
15 17 0 4 1 8 7
24 20 0 4 1 16 1
3 5 6 8 4 0 17
15 24 5 5 3 8 7
1 12 11 7 6 0 8
3 22 4 7 3 0 17
0 19 6 8 4 0 4
2 11 0 7 1 0 15
22 5 0 5 1 4 10
3 8 0 7 1 0 17
0 6 16 8 8 0 4
13 18 0 4 1 3 7
21 10 0 5 1 7 5
11 15 7 4 4 1 14
