1 0 4 0 3 0 15 0
1 0 3 0 2 0 17 0
1 0 4 0 3 0 14 0
1 0 3 0 5 0 15 0
1 0 3 0 2 0 6 0
1 0 2 0 4 0 15 0
8 2 1 2 2 14 4 0
5 2 1 2 2 7 7 0
7 2 1 2 0 11 1 0
2 1 2 0 2 1 8 0
2 1 2 0 3 1 14 0
5 2 1 2 1 7 3 0
2 1 1 0 1 1 12 0
2 1 0 0 0 1 0 1
3 2 1 1 2 3 11 0
6 2 2 3 3 9 6 0
9 2 2 4 1 15 3 0
3 2 1 1 1 3 5 0
3 2 2 1 1 2 7 0
4 2 2 2 2 5 10 0
10 2 0 2 0 17 0 0
6 2 1 2 1 9 2 0
7 2 1 4 1 13 5 0
5 2 1 2 0 7 1 0
10 2 1 2 0 16 1 0
4 2 1 2 1 5 4 0
11 2 0 2 0 17 0 0
4 1 0 2 0 3 0 1
2 1 0 0 0 1 0 1
8 2 0 4 0 16 0 0
3 1 0 1 0 2 0 1
####
1 0 0 10 0 24 7 0 14 0
2 0 0 10 0 24 7 0 15 0
2 1 0 10 0 24 7 0 17 0
3 0 0 10 0 24 7 0 14 0
3 1 0 10 0 24 7 0 16 0
3 2 0 10 0 24 7 0 17 0
4 0 0 9 0 22 8 0 5 0
4 1 0 9 0 22 8 0 7 0
4 2 0 9 0 22 8 0 8 0
4 3 0 9 0 22 8 0 7 0
5 0 0 10 0 24 7 0 12 0
5 1 0 10 0 24 7 0 14 0
5 2 0 10 0 24 7 0 15 0
5 3 0 10 0 24 7 0 14 0
5 4 0 9 0 22 8 0 5 0
10 9 0 9 0 19 6 0 10 0
12 9 0 9 0 19 6 0 13 0
12 10 0 9 0 19 6 0 13 0
17 14 0 5 0 10 6 0 6 0
18 14 0 8 0 15 5 0 11 0
18 17 2 0 5 0 10 2 0 0
25 19 3 4 9 7 11 1 4 1
27 25 3 0 9 0 9 4 0 0
23 7 4 0 12 0 9 4 0 0
23 11 4 3 12 4 11 3 2 1
11 7 4 0 12 0 9 2 0 0
21 15 5 0 15 0 8 4 0 0
22 8 6 0 17 0 8 6 0 0
29 6 7 0 19 0 8 8 0 0
24 20 9 0 22 0 8 10 0 0
####
18 22 8 6 4 2 7
10 17 0 9 1 1 14
2 8 17 8 6 0 14
24 26 0 3 1 16 1
0 7 12 9 4 0 15
3 21 15 8 5 0 15
17 25 0 7 1 3 5
2 12 0 11 1 0 14
22 6 0 4 1 13 5
16 24 0 3 1 15 3
0 28 0 11 1 0 15
2 26 24 7 10 0 14
1 25 9 9 3 0 17
7 15 0 5 1 7 7
9 15 10 7 4 1 8
19 7 0 6 1 5 10
0 24 22 8 9 0 15
18 27 0 7 1 2 7
5 18 5 10 2 0 15
21 8 0 4 1 9 2
10 18 0 9 1 1 14
0 17 5 10 2 0 15
1 14 5 10 2 0 17
4 23 12 9 4 0 6
8 29 0 4 1 11 1
15 22 0 4 1 9 6
2 6 19 8 7 0 14
25 11 0 6 1 5 4
12 14 0 9 1 1 12
14 19 0 7 1 3 11
1 13 0 11 1 0 17
23 29 4 5 3 7 1
3 9 0 11 1 0 15
3 19 9 9 3 0 15
11 21 0 5 1 7 3
4 20 22 8 9 0 6
4 11 12 9 4 0 6
5 10 0 11 1 0 15
9 30 0 9 1 1 8
16 20 0 3 1 15 3
19 23 0 6 1 5 10
15 16 4 3 3 9 6
6 16 0 3 1 14 4
