1 0 4 0 5 0 20 0
1 0 3 0 1 0 12 0
1 0 4 0 5 0 11 0
2 1 2 0 1 1 10 0
4 2 1 2 2 5 8 0
8 2 1 2 1 14 2 0
1 0 3 0 4 0 18 0
6 2 1 2 2 12 4 0
9 2 1 4 0 15 1 0
6 2 1 2 0 12 1 0
1 0 4 0 5 0 14 0
2 1 2 0 3 1 17 0
3 2 2 1 2 3 7 0
7 1 0 2 0 13 0 1
5 2 1 1 1 5 2 0
5 2 1 1 0 6 1 0
3 2 1 3 2 5 8 0
10 2 0 4 0 20 0 0
3 1 0 2 0 3 0 1
4 1 2 2 2 4 5 0
6 2 1 2 0 6 1 0
6 2 0 2 0 8 0 0
4 1 0 2 0 4 0 1
3 2 1 1 1 3 9 0
2 2 0 0 0 2 0 0
2 1 0 0 0 1 0 1
2 2 2 0 1 2 10 0
5 2 2 4 2 11 7 0
7 2 2 2 2 13 3 0
3 1 0 1 0 2 0 1
####
1 0 0 9 0 24 6 0 19 0
2 0 0 9 0 24 6 0 19 0
2 1 0 9 0 24 6 0 14 0
6 0 0 9 0 24 6 0 24 0
6 1 0 9 0 24 6 0 19 0
6 2 0 9 0 24 6 0 19 0
10 0 0 9 0 24 6 0 19 0
10 1 0 9 0 24 6 0 14 0
10 2 0 9 0 24 6 0 14 0
10 6 0 9 0 24 6 0 19 0
11 3 0 8 0 19 6 0 17 0
25 3 1 0 0 0 10 0 0 0
26 3 0 8 0 19 6 0 12 0
26 11 0 8 0 19 6 0 17 0
26 24 1 0 0 0 10 0 0 0
23 12 2 7 5 14 11 2 9 1
23 16 0 7 0 14 6 0 11 0
16 12 2 7 5 14 11 1 8 1
18 16 2 0 5 0 10 2 0 0
29 12 2 0 5 0 10 1 0 0
29 16 2 0 5 0 10 2 0 0
19 4 3 6 10 11 9 1 7 1
22 19 3 0 10 0 8 2 0 0
22 4 3 0 10 0 8 1 0 0
15 14 4 0 13 0 8 4 0 0
27 14 4 5 13 8 9 5 5 1
27 15 4 0 13 0 8 5 0 0
20 7 5 4 16 4 10 7 3 1
20 9 5 0 16 0 9 7 0 0
21 20 5 0 16 0 9 6 0 0
21 7 5 0 16 0 9 7 0 0
21 9 5 0 16 0 9 7 0 0
9 7 5 0 16 0 9 8 0 0
28 13 6 0 20 0 7 10 0 0
####
23 4 0 8 1 3 9
1 21 16 9 5 0 12
4 27 0 6 1 5 8
28 8 1 3 2 13 3
10 15 13 8 4 0 14
11 23 0 10 1 1 17
19 15 0 6 1 4 5
10 26 0 10 1 0 14
26 16 0 10 1 2 10
2 5 22 6 7 0 11
0 3 0 10 1 0 20
20 17 4 5 4 6 1
5 8 0 2 1 14 2
6 14 13 8 4 0 18
28 5 0 3 1 13 3
2 26 0 10 1 0 11
2 9 16 9 5 0 11
19 14 0 6 1 4 5
0 4 10 8 3 0 20
3 16 0 10 1 1 10
7 28 0 6 1 12 4
1 24 0 10 1 0 12
1 23 5 10 2 0 12
6 11 0 10 1 0 18
0 25 0 10 1 0 20
0 12 5 10 2 0 20
10 24 0 10 1 0 14
8 17 0 2 1 15 1
14 20 0 7 1 5 2
27 9 0 7 1 11 7
11 12 0 10 1 1 17
12 22 0 8 1 3 7
10 28 20 7 6 0 14
26 18 0 10 1 2 10
2 7 16 9 5 0 11
9 13 0 6 1 12 1
15 21 0 7 1 6 1
12 19 0 8 1 3 7
6 20 16 9 5 0 18
27 7 0 7 1 11 7
16 27 3 8 2 5 8
3 29 0 10 1 1 10
