1 0 2 0 2 0 13 0
1 0 2 0 2 0 8 0
1 0 2 0 1 0 3 0
1 0 3 0 1 0 5 0
1 0 4 0 5 0 13 0
2 1 1 0 1 1 3 0
1 0 1 0 1 0 3 0
1 0 3 0 1 0 7 0
4 2 1 3 1 7 2 0
7 2 1 4 0 14 1 0
2 1 0 0 0 1 0 1
7 2 1 2 0 10 1 0
2 1 1 0 2 1 10 0
2 2 1 0 1 2 4 0
2 1 0 0 0 1 0 1
3 2 2 1 1 3 9 0
4 2 1 2 2 5 7 0
8 2 0 2 0 11 0 0
4 1 0 2 0 4 0 1
2 1 0 0 0 1 0 1
5 2 2 2 2 6 6 0
2 1 0 0 0 1 0 1
8 2 0 2 0 15 0 0
6 2 1 2 1 8 2 0
6 2 1 2 1 7 2 0
3 2 1 2 1 4 3 0
####
1 0 0 7 0 17 9 0 12 0
2 0 0 7 0 17 9 0 7 0
2 1 0 7 0 17 9 0 5 0
3 0 0 7 0 17 9 0 11 0
3 1 0 7 0 17 9 0 7 0
4 0 0 7 0 17 9 0 16 0
4 1 0 7 0 17 9 0 12 0
4 2 0 7 0 17 9 0 6 0
4 3 0 7 0 17 9 0 11 0
6 0 0 7 0 17 9 0 8 0
6 1 0 7 0 17 9 0 6 0
6 2 0 7 0 17 9 0 3 0
6 4 0 7 0 17 9 0 7 0
7 0 0 7 0 17 9 0 12 0
7 1 0 7 0 17 9 0 8 0
7 3 0 7 0 17 9 0 7 0
7 4 0 7 0 17 9 0 12 0
12 5 0 6 0 10 9 0 7 0
13 5 0 6 0 10 9 0 5 0
13 10 1 0 0 0 14 0 0 0
13 12 0 6 0 10 9 0 8 0
14 5 1 0 0 0 14 0 0 0
21 10 1 0 0 0 14 0 0 0
21 13 1 0 0 0 14 0 0 0
25 15 2 5 7 8 11 1 6 1
16 8 3 4 9 5 12 3 4 1
18 16 3 0 9 0 10 4 0 0
18 8 3 0 9 0 10 3 0 0
24 23 5 0 13 0 9 8 0 0
11 9 6 0 15 0 9 12 0 0
22 17 7 0 17 0 9 14 0 0
####
7 21 0 14 1 0 7
9 22 0 4 1 14 1
8 9 3 5 3 7 2
25 8 0 5 1 4 3
5 8 2 10 2 1 3
3 14 0 14 1 0 5
24 9 0 4 1 7 2
2 19 0 14 1 0 3
13 25 0 9 1 2 4
1 16 9 10 3 0 8
23 11 0 4 1 8 2
4 13 0 14 1 0 13
7 10 0 14 1 0 7
15 18 0 5 1 3 9
1 24 13 9 5 0 8
0 25 7 9 2 0 13
0 12 0 14 1 0 13
6 23 13 9 5 0 3
4 20 12 8 4 0 13
3 5 0 14 1 0 5
12 15 0 9 1 1 10
11 17 0 4 1 10 1
20 23 0 3 1 6 6
3 22 17 9 7 0 5
20 24 0 3 1 6 6
4 15 7 9 2 0 13
7 13 0 14 1 0 7
2 11 15 9 6 0 3
4 17 17 9 7 0 13
16 20 0 4 1 5 7
15 16 0 5 1 3 9
