1 0 3 0 2 0 15 0
1 0 4 0 6 0 18 0
1 0 2 0 2 0 10 0
1 0 4 0 2 0 13 0
9 2 1 2 1 14 6 0
1 0 3 0 5 0 19 0
4 2 1 2 1 5 13 0
2 1 3 0 3 1 17 0
6 2 1 2 2 9 11 0
2 1 3 0 2 1 9 0
10 2 1 3 1 16 5 0
3 2 1 1 1 3 13 0
13 2 1 2 1 19 2 0
3 1 0 1 0 2 0 1
11 2 1 2 1 17 4 0
14 2 1 2 0 20 1 0
15 1 0 2 0 21 0 1
3 2 1 1 2 3 11 0
7 2 2 3 2 11 10 0
8 2 1 2 0 12 1 0
5 2 1 3 1 7 12 0
9 2 0 2 0 13 0 0
12 2 1 2 1 18 3 0
8 2 1 2 1 13 7 0
3 2 1 1 1 3 14 0
3 2 1 1 0 3 1 0
4 1 0 2 0 4 0 1
####
1 0 0 14 0 21 6 0 27 0
2 0 0 14 0 21 6 0 19 0
2 1 0 14 0 21 6 0 22 0
3 0 0 14 0 21 6 0 22 0
3 1 0 14 0 21 6 0 25 0
3 2 0 14 0 21 6 0 17 0
5 0 0 14 0 21 6 0 25 0
5 1 0 14 0 21 6 0 28 0
5 2 0 14 0 21 6 0 20 0
5 3 0 14 0 21 6 0 23 0
9 7 0 13 0 19 3 0 19 0
17 11 2 12 2 14 11 2 18 1
24 11 2 12 2 14 11 2 21 1
24 13 2 0 2 0 10 1 0 0
24 17 2 12 2 14 11 2 19 1
25 13 2 0 2 0 10 2 0 0
25 24 2 0 2 0 10 1 0 0
26 6 3 0 7 0 7 3 0 0
23 19 7 0 12 0 7 10 0 0
21 4 8 0 14 0 7 12 0 0
####
23 4 0 4 1 13 7
5 9 0 7 1 0 19
1 15 20 6 13 0 18
3 21 14 7 8 0 13
15 16 0 2 1 20 1
18 19 0 3 1 11 10
20 8 0 2 1 7 12
7 11 0 7 1 1 17
3 17 2 10 2 0 13
9 25 0 7 1 1 9
14 22 0 2 1 17 4
18 23 0 3 1 11 10
7 24 0 7 1 1 17
2 23 12 7 7 0 10
25 26 0 7 1 3 1
0 11 2 10 2 0 15
19 21 0 4 1 12 1
4 10 0 3 1 14 6
24 6 0 7 1 3 14
5 24 2 10 2 0 19
9 10 14 3 8 1 9
17 18 4 6 4 3 11
9 13 0 7 1 1 9
12 15 0 2 1 19 2
1 22 18 6 11 0 18
1 12 19 6 12 0 18
22 12 0 2 1 18 3
0 19 12 7 7 0 15
3 8 10 6 5 0 13
6 20 0 3 1 5 13
5 14 17 6 10 0 19
0 6 7 7 3 0 15
11 20 2 6 2 3 13
8 18 0 2 1 9 11
2 25 2 10 2 0 10
1 7 0 7 1 0 18
10 14 0 2 1 16 5
7 17 0 7 1 1 17
3 4 14 7 8 0 13
