1 0 2 0 2 0 8 0
1 0 3 0 4 0 16 0
9 2 1 2 0 12 1 0
1 0 3 0 3 0 15 0
1 0 3 0 2 0 14 0
1 0 4 0 6 0 18 0
1 0 2 0 2 0 11 0
12 2 1 2 0 18 1 0
1 0 2 0 1 0 5 0
2 1 1 0 1 1 3 0
4 2 1 2 2 5 12 0
2 1 2 0 2 1 15 0
3 2 1 1 1 3 2 0
7 2 1 2 2 10 8 0
3 2 0 1 0 3 0 0
5 2 2 2 2 7 11 0
4 2 1 2 0 5 1 0
2 1 1 0 0 1 1 0
13 1 0 2 0 19 0 1
3 2 0 1 0 3 0 0
10 2 0 4 0 13 0 0
2 1 0 0 0 1 0 1
6 2 1 2 1 8 9 0
8 2 2 2 2 11 7 0
6 2 1 2 1 8 3 0
9 2 1 2 1 13 4 0
3 2 2 1 1 3 13 0
10 2 1 2 1 15 3 0
5 1 0 2 0 6 0 1
11 2 1 4 1 17 2 0
####
1 0 0 12 0 22 8 0 13 0
3 0 0 12 0 22 8 0 15 0
3 1 0 12 0 22 8 0 20 0
4 0 0 12 0 22 8 0 14 0
4 1 0 12 0 22 8 0 19 0
4 3 0 12 0 22 8 0 21 0
5 0 0 12 0 22 8 0 16 0
5 1 0 12 0 22 8 0 21 0
5 3 0 12 0 22 8 0 23 0
5 4 0 12 0 22 8 0 22 0
6 0 0 12 0 22 8 0 10 0
6 1 0 12 0 22 8 0 15 0
6 3 0 12 0 22 8 0 17 0
6 4 0 12 0 22 8 0 16 0
6 5 0 12 0 22 8 0 18 0
8 0 0 12 0 22 8 0 7 0
8 1 0 12 0 22 8 0 12 0
8 3 0 12 0 22 8 0 14 0
8 4 0 12 0 22 8 0 13 0
8 5 0 12 0 22 8 0 15 0
8 6 0 12 0 22 8 0 9 0
26 14 2 0 4 0 11 0 0 0
16 10 3 0 8 0 9 2 0 0
28 15 4 0 10 0 9 3 0 0
24 22 5 7 12 8 10 2 8 1
25 2 8 0 16 0 9 8 0 0
27 20 9 0 18 0 9 10 0 0
####
4 7 21 8 11 0 14
22 13 0 3 1 8 9
1 15 10 9 4 0 16
10 15 0 4 1 5 12
16 28 0 4 1 5 1
25 27 0 4 1 13 4
11 14 0 8 1 1 15
12 16 0 6 1 3 2
6 17 0 11 1 0 11
5 23 15 8 7 0 18
3 14 4 11 2 0 15
27 29 0 3 1 15 3
1 2 16 9 8 0 16
26 20 10 6 7 3 13
4 19 4 11 2 0 14
23 2 0 3 1 11 7
23 25 0 3 1 11 7
4 10 8 9 3 0 14
15 22 0 4 1 7 11
29 7 0 2 1 17 2
17 19 0 8 1 1 1
5 11 0 11 1 0 18
0 25 16 9 8 0 8
8 21 0 11 1 0 5
2 20 0 4 1 12 1
7 18 0 2 1 18 1
5 24 12 9 5 0 18
0 12 4 11 2 0 8
11 26 0 8 1 1 15
1 9 0 11 1 0 16
3 26 4 11 2 0 15
13 23 0 2 1 10 8
24 29 6 3 5 8 3
15 24 0 4 1 7 11
5 16 8 9 3 0 18
3 22 12 9 5 0 15
6 13 14 8 6 0 11
26 10 0 6 1 3 13
8 27 18 9 9 0 5
9 12 0 8 1 1 3
