1 0 3 0 5 0 24 0
9 2 1 2 1 14 2 0
1 0 3 0 3 0 7 0
1 0 3 0 3 0 19 0
1 0 3 0 5 0 20 0
2 1 2 0 3 1 17 0
10 2 1 4 0 15 1 0
7 2 1 2 2 9 3 0
6 2 1 2 3 11 14 0
10 2 1 2 1 15 3 0
12 2 1 2 0 18 1 0
1 0 2 0 3 0 21 0
2 1 3 0 2 1 23 0
3 2 1 1 2 3 20 0
7 1 3 2 4 12 13 0
8 2 2 2 4 13 7 0
4 2 1 2 2 5 16 0
9 2 2 4 0 18 2 0
4 2 2 2 3 5 19 0
13 2 0 4 0 23 0 0
8 2 2 1 1 13 4 0
3 2 1 1 1 3 17 0
11 2 0 3 0 16 0 0
5 2 2 4 2 10 15 0
9 2 2 2 2 14 4 0
10 2 0 3 0 19 0 0
5 2 1 2 1 7 5 0
6 2 1 2 1 8 4 0
9 1 0 2 0 14 0 1
11 2 1 4 1 16 2 0
####
2 0 0 12 0 24 6 0 22 0
3 0 0 12 0 24 6 0 29 0
3 2 0 12 0 24 6 0 17 0
4 0 0 12 0 24 6 0 30 0
4 2 0 12 0 24 6 0 18 0
4 3 0 12 0 24 6 0 25 0
11 0 0 12 0 24 6 0 31 0
11 2 0 12 0 24 6 0 19 0
11 3 0 12 0 24 6 0 26 0
11 4 0 12 0 24 6 0 27 0
12 5 0 11 0 22 3 0 26 0
21 13 2 10 2 20 8 2 23 1
18 16 3 9 4 18 8 4 21 1
26 23 4 8 6 16 8 8 11 1
27 8 5 7 8 14 8 10 9 1
14 7 6 6 10 12 8 12 7 1
20 15 7 0 12 0 7 16 0 0
24 1 8 0 14 0 9 18 0 0
24 17 8 4 14 6 10 21 3 1
17 1 8 0 14 0 9 21 0 0
28 1 8 0 14 0 9 18 0 0
28 24 8 0 14 0 9 18 0 0
28 17 8 0 14 0 9 21 0 0
9 6 9 0 18 0 8 20 0 0
25 6 9 0 18 0 8 23 0 0
25 9 9 0 18 0 8 23 0 0
29 22 10 0 21 0 7 22 0 0
####
4 18 4 7 3 0 20
23 8 0 4 1 10 15
0 7 10 7 6 0 24
18 26 0 4 1 5 19
3 21 2 7 2 0 19
9 29 0 5 1 15 3
1 6 0 7 1 14 2
17 25 0 7 1 18 2
21 16 0 4 1 3 17
11 24 14 9 8 0 21
2 26 6 7 4 0 7
18 23 0 4 1 5 19
8 14 0 4 1 11 14
24 9 0 7 1 14 4
14 22 9 4 4 12 13
4 9 18 8 9 0 20
12 13 0 4 1 1 23
6 22 0 5 1 15 1
23 6 10 5 5 10 15
2 27 8 7 5 0 7
11 13 2 7 2 0 21
12 21 0 4 1 1 23
17 19 6 5 4 18 2
20 1 0 6 1 13 4
12 25 16 5 8 1 23
16 23 0 4 1 5 16
2 10 23 6 11 0 7
0 12 0 7 1 0 24
10 19 0 2 1 18 1
5 15 10 4 6 1 17
14 15 0 4 1 12 13
14 20 0 4 1 12 13
4 20 12 7 7 0 20
15 17 0 6 1 13 7
0 1 14 9 8 0 24
3 5 0 7 1 0 19
24 29 3 6 2 14 4
15 24 0 6 1 13 7
5 16 2 4 2 1 17
26 27 0 4 1 7 5
29 10 0 3 1 16 2
3 8 8 7 5 0 19
27 7 0 4 1 8 4
20 28 0 6 1 13 4
13 18 0 4 1 3 20
7 17 2 6 2 9 3
