1 0 3 0 2 0 14 0
1 0 4 0 4 0 24 0
1 0 1 0 1 0 6 0
1 0 2 0 1 0 3 0
1 0 3 0 5 0 10 0
2 1 0 0 0 1 0 1
14 2 1 2 0 20 1 0
10 2 1 2 1 14 5 0
3 2 1 2 2 4 16 0
1 0 3 0 3 0 18 0
1 0 4 0 3 0 11 0
1 0 2 0 2 0 18 0
4 2 0 2 0 4 0 0
2 1 2 0 3 1 6 0
6 2 1 2 2 8 12 0
12 2 1 2 1 16 3 0
4 1 2 2 2 5 15 0
7 1 2 2 3 9 11 0
8 2 2 1 1 11 3 0
3 2 1 1 1 3 2 0
9 2 1 2 0 12 1 0
15 2 0 4 0 23 0 0
11 2 1 2 1 15 4 0
5 2 1 1 1 6 13 0
8 2 1 1 1 11 7 0
5 2 0 2 0 6 0 0
5 2 1 1 1 7 3 0
3 2 2 1 0 3 2 0
2 1 0 0 0 1 0 1
2 2 1 0 1 2 17 0
13 2 1 4 1 19 2 0
4 1 0 2 0 4 0 1
4 2 1 2 0 5 1 0
9 1 0 2 0 12 0 1
9 2 1 2 1 12 6 0
####
1 0 0 14 0 26 9 0 26 0
2 0 0 14 0 26 9 0 16 0
2 1 0 14 0 26 9 0 20 0
3 1 0 4 0 11 11 0 4 0
4 0 0 14 0 26 9 0 16 0
4 1 0 14 0 26 9 0 20 0
4 2 0 14 0 26 9 0 10 0
9 0 0 14 0 26 9 0 27 0
9 1 0 14 0 26 9 0 31 0
9 2 0 14 0 26 9 0 21 0
9 4 0 14 0 26 9 0 21 0
10 0 0 14 0 26 9 0 18 0
10 1 0 14 0 26 9 0 22 0
10 2 0 14 0 26 9 0 12 0
10 3 0 4 0 11 11 0 3 0
10 4 0 14 0 26 9 0 12 0
10 9 0 14 0 26 9 0 23 0
11 0 0 14 0 26 9 0 27 0
11 1 0 14 0 26 9 0 31 0
11 2 0 14 0 26 9 0 21 0
11 4 0 14 0 26 9 0 21 0
11 9 0 14 0 26 9 0 32 0
11 10 0 14 0 26 9 0 23 0
19 8 2 0 4 0 11 1 0 0
27 19 2 0 4 0 11 2 0 0
27 8 2 0 4 0 11 1 0 0
16 12 3 0 7 0 12 3 0 0
31 12 3 0 7 0 12 4 0 0
31 16 3 0 7 0 12 3 0 0
32 12 3 0 7 0 12 4 0 0
32 16 3 0 7 0 12 3 0 0
32 31 3 0 7 0 12 4 0 0
26 23 4 10 11 12 12 4 13 1
26 25 4 0 11 0 11 5 0 0
25 23 4 0 11 0 11 5 0 0
24 18 7 7 16 8 11 4 7 1
33 20 8 0 18 0 11 6 0 0
34 20 8 6 18 5 12 6 5 1
34 33 8 0 18 0 11 6 0 0
####
34 7 0 4 1 12 6
14 17 0 2 1 8 12
0 14 14 9 5 0 14
4 18 16 10 7 0 10
6 21 0 2 1 20 1
1 15 23 9 11 0 24
4 27 4 11 2 0 10
9 29 0 12 1 0 18
10 34 18 11 8 0 11
0 28 0 12 1 0 14
29 8 0 7 1 2 17
20 21 5 4 6 12 1
15 30 0 2 1 16 3
11 22 22 9 10 0 18
17 24 0 3 1 9 11
24 34 0 5 1 11 7
19 32 0 7 1 3 2
8 16 0 7 1 4 16
18 20 0 5 1 11 3
9 20 18 11 8 0 18
1 13 0 12 1 0 24
22 15 0 2 1 15 4
10 19 4 11 2 0 11
16 23 0 7 1 5 15
10 24 16 10 7 0 11
23 14 0 4 1 6 13
26 30 10 4 8 7 3
16 26 0 7 1 5 15
13 19 0 7 1 1 6
27 31 0 7 1 3 2
7 22 0 2 1 14 5
30 6 0 2 1 19 2
17 18 0 3 1 9 11
3 5 0 12 1 0 3
2 7 21 9 9 0 6
1 12 7 12 3 0 24
3 32 7 12 3 0 3
32 25 0 7 1 5 1
27 12 0 7 1 3 2
10 25 11 11 4 0 11
13 27 0 7 1 1 6
9 23 11 11 4 0 18
4 26 11 11 4 0 10
1 8 4 11 2 0 24
11 29 0 12 1 0 18
0 6 25 9 13 0 14
18 33 0 5 1 11 3
