1 0 4 0 7 0 28 0
1 0 2 0 2 0 15 0
1 0 3 0 4 0 10 0
1 0 3 0 2 0 21 0
1 0 3 0 4 0 19 0
2 1 2 0 2 1 10 0
1 0 1 0 1 0 8 0
2 1 3 0 2 1 5 0
1 0 3 0 4 0 16 0
1 0 3 0 5 0 25 0
2 1 2 0 3 1 24 0
9 2 1 2 1 13 3 0
11 2 1 2 2 17 6 0
5 2 1 2 2 7 18 0
10 2 1 2 1 14 2 0
3 2 1 2 0 4 1 0
6 2 2 2 3 8 17 0
7 2 2 2 2 10 15 0
2 1 0 0 0 1 0 1
8 2 1 2 2 12 9 0
4 1 0 2 0 4 0 1
12 2 2 2 2 19 5 0
13 2 0 4 0 21 0 0
14 2 1 3 0 22 1 0
9 2 2 3 1 14 8 0
11 2 1 2 0 15 1 0
2 1 2 0 0 1 2 0
12 2 0 3 0 17 0 0
13 2 2 2 1 20 3 0
3 2 0 1 0 3 0 0
3 1 0 1 0 2 0 1
4 1 0 2 0 5 0 1
8 2 1 2 1 12 4 0
3 1 0 1 0 2 0 1
10 2 1 2 1 16 7 0
7 2 1 2 0 9 1 0
2 1 0 0 0 1 0 1
15 1 0 2 0 23 0 1
14 2 0 4 0 21 0 0
3 2 2 1 1 3 21 0
4 2 1 2 1 5 19 0
####
1 0 0 14 0 32 9 0 21 0
2 0 0 14 0 32 9 0 17 0
2 1 0 14 0 32 9 0 10 0
3 0 0 14 0 32 9 0 25 0
3 1 0 14 0 32 9 0 18 0
3 2 0 14 0 32 9 0 14 0
4 0 0 14 0 32 9 0 24 0
4 1 0 14 0 32 9 0 17 0
4 2 0 14 0 32 9 0 13 0
4 3 0 14 0 32 9 0 21 0
6 0 0 14 0 32 9 0 19 0
6 1 0 14 0 32 9 0 12 0
6 2 0 14 0 32 9 0 8 0
6 3 0 14 0 32 9 0 16 0
6 4 0 14 0 32 9 0 15 0
8 0 0 14 0 32 9 0 22 0
8 1 0 14 0 32 9 0 15 0
8 2 0 14 0 32 9 0 11 0
8 3 0 14 0 32 9 0 19 0
8 4 0 14 0 32 9 0 18 0
8 6 0 14 0 32 9 0 13 0
9 0 0 14 0 32 9 0 27 0
9 1 0 14 0 32 9 0 20 0
9 2 0 14 0 32 9 0 16 0
9 3 0 14 0 32 9 0 24 0
9 4 0 14 0 32 9 0 23 0
9 6 0 14 0 32 9 0 18 0
9 8 0 14 0 32 9 0 21 0
7 5 1 13 0 26 15 0 7 1
10 5 0 13 0 26 7 0 18 0
10 7 0 13 0 26 7 0 13 0
26 18 1 0 0 0 14 0 0 0
36 5 1 0 0 0 14 0 0 0
36 7 1 0 0 0 14 0 0 0
30 29 2 0 6 0 13 2 0 0
33 15 2 0 6 0 13 2 0 0
39 15 2 0 6 0 13 1 0 0
39 33 2 0 6 0 13 1 0 0
31 20 3 0 11 0 11 3 0 0
40 31 3 0 11 0 11 3 0 0
40 20 3 0 11 0 11 2 0 0
35 17 6 6 16 10 12 8 5 1
32 19 7 0 18 0 10 10 0 0
24 11 8 0 20 0 10 13 0 0
34 14 9 0 22 0 10 15 0 0
25 12 10 0 24 0 10 17 0 0
27 21 11 0 26 0 10 20 0 0
28 22 12 0 28 0 10 23 0 0
38 23 13 0 30 0 10 25 0 0
####
23 37 0 3 1 22 1
3 35 16 10 6 0 21
35 22 10 4 6 9 1
2 18 0 14 1 0 10
16 35 0 3 1 8 17
21 28 0 4 1 19 5
15 31 0 8 1 4 1
0 7 0 14 1 0 28
10 15 0 11 1 1 24
25 27 0 4 1 15 1
11 14 0 4 1 13 3
0 36 0 14 1 0 28
9 25 24 10 10 0 25
28 38 0 4 1 20 3
2 26 0 14 1 0 10
16 17 0 3 1 8 17
40 13 0 4 1 5 19
7 15 0 11 1 1 5
7 33 0 11 1 1 5
24 38 8 4 5 14 8
28 23 0 4 1 20 3
26 29 0 11 1 1 2
13 16 0 2 1 7 18
9 28 28 10 12 0 25
4 13 14 9 4 0 19
24 34 0 4 1 14 8
34 12 0 4 1 16 7
1 32 18 10 7 0 15
39 40 0 8 1 3 21
7 23 24 8 12 1 5
12 21 0 4 1 17 6
39 20 0 8 1 3 21
17 19 0 4 1 10 15
10 39 0 11 1 1 24
17 32 0 4 1 10 15
8 11 20 10 8 0 16
4 14 22 10 9 0 19
5 24 14 8 7 1 10
4 16 15 9 5 0 19
9 10 0 14 1 0 25
19 24 0 4 1 12 9
32 11 0 4 1 12 4
3 40 11 11 3 0 21
0 5 0 14 1 0 28
1 19 18 10 7 0 15
26 30 0 11 1 1 2
8 17 16 10 6 0 16
8 12 24 10 10 0 16
21 22 0 4 1 19 5
5 27 20 8 10 1 10
14 25 0 4 1 14 2
2 21 26 10 11 0 10
0 39 6 13 2 0 28
6 34 22 10 9 0 8
3 29 6 13 2 0 21
