1 0 3 0 1 0 6 0
1 0 4 0 4 0 16 0
1 0 4 0 3 0 11 0
1 0 4 0 4 0 14 0
1 0 4 0 2 0 8 0
7 2 1 2 1 9 5 0
4 2 0 2 0 4 0 0
11 2 1 2 0 16 1 0
12 2 0 2 0 17 0 0
8 2 1 4 1 12 4 0
2 1 3 0 3 1 14 0
5 2 1 2 1 6 7 0
2 1 0 0 0 1 0 1
3 2 1 1 1 3 9 0
3 2 1 1 1 3 6 0
2 1 0 0 0 1 0 1
4 2 1 2 1 5 8 0
6 2 1 2 1 8 6 0
3 2 1 1 0 3 1 0
2 1 0 0 0 1 0 1
4 2 1 2 1 5 5 0
9 2 1 2 1 14 3 0
2 1 0 0 0 1 0 1
2 1 0 0 0 1 0 1
10 2 1 2 1 15 2 0
####
1 0 0 11 0 19 6 0 15 0
2 0 0 11 0 19 6 0 12 0
2 1 0 11 0 19 6 0 21 0
3 0 0 11 0 19 6 0 14 0
3 1 0 11 0 19 6 0 23 0
3 2 0 11 0 19 6 0 20 0
4 0 0 11 0 19 6 0 9 0
4 1 0 11 0 19 6 0 18 0
4 2 0 11 0 19 6 0 15 0
4 3 0 11 0 19 6 0 17 0
15 12 1 0 0 0 11 0 0 0
22 10 1 0 0 0 11 0 0 0
14 13 2 9 6 10 9 2 13 1
18 13 2 0 6 0 8 2 0 0
18 14 2 0 6 0 8 2 0 0
16 6 3 0 9 0 8 4 0 0
20 16 3 8 9 7 9 4 11 1
20 6 3 0 9 0 8 4 0 0
####
5 9 0 2 1 9 5
4 8 19 6 11 0 8
1 6 9 8 3 0 16
3 14 6 8 2 0 14
2 19 0 11 1 0 11
0 21 16 6 8 0 6
0 15 0 11 1 0 6
9 21 0 2 1 12 4
13 16 0 6 1 3 9
10 18 0 9 1 1 14
4 23 0 11 1 0 8
20 9 3 4 4 5 5
4 24 17 6 9 0 8
1 10 0 11 1 0 16
2 16 9 8 3 0 11
17 5 0 2 1 8 6
16 11 0 4 1 5 8
3 13 6 8 2 0 14
10 13 0 9 1 1 14
2 20 9 8 3 0 11
0 12 0 11 1 0 6
18 6 0 6 1 3 1
14 20 0 6 1 3 6
3 5 14 6 6 0 14
11 17 0 2 1 6 7
1 22 0 11 1 0 16
24 7 0 2 1 15 2
4 17 13 6 5 0 8
2 11 12 6 4 0 11
3 18 6 8 2 0 14
10 14 0 9 1 1 14
1 7 18 6 10 0 16
7 8 0 2 1 16 1
21 24 0 2 1 14 3
