1 0 3 0 6 0 12 0
1 0 3 0 2 0 8 0
1 0 2 0 2 0 7 0
1 0 2 0 1 0 3 0
1 0 3 0 2 0 9 0
2 1 0 0 0 1 0 1
1 0 3 0 3 0 7 0
6 2 1 2 1 9 2 0
5 2 1 2 0 5 1 0
2 1 3 0 4 1 11 0
2 1 1 0 0 1 1 0
3 1 0 2 0 3 0 1
3 2 2 1 1 2 4 0
3 2 1 1 1 3 5 0
4 2 1 2 1 5 4 0
4 2 0 4 0 6 0 0
6 2 0 2 0 7 0 0
7 2 1 3 0 10 1 0
2 2 1 0 0 2 1 0
2 2 1 0 0 2 1 0
3 1 0 1 0 2 0 1
4 2 1 2 1 4 2 0
5 2 1 2 1 7 3 0
8 1 0 2 0 11 0 1
2 1 0 0 0 1 0 1
####
1 0 0 7 0 18 7 0 10 0
2 0 0 7 0 18 7 0 9 0
2 1 0 7 0 18 7 0 7 0
3 0 0 5 0 15 8 0 4 0
3 2 0 5 0 15 8 0 2 0
4 0 0 7 0 18 7 0 11 0
4 1 0 7 0 18 7 0 9 0
4 2 0 7 0 18 7 0 8 0
6 0 0 7 0 18 7 0 8 0
6 1 0 7 0 18 7 0 6 0
6 2 0 7 0 18 7 0 5 0
6 3 0 3 0 10 9 0 2 0
6 4 0 7 0 18 7 0 7 0
18 5 1 0 0 0 12 0 0 0
19 9 0 2 0 4 9 0 1 0
19 18 1 0 0 0 12 0 0 0
24 10 1 0 0 0 12 0 0 0
13 12 2 0 6 0 10 2 0 0
13 11 2 0 6 0 10 1 0 0
15 14 3 0 10 0 9 4 0 0
21 14 3 0 10 0 9 4 0 0
21 15 3 0 10 0 9 4 0 0
22 8 4 0 13 0 8 6 0 0
16 7 5 0 15 0 8 8 0 0
####
4 18 0 12 1 0 9
19 15 4 9 2 2 1
2 22 13 8 4 0 7
14 22 0 5 1 5 4
6 7 15 8 5 0 7
1 14 10 9 3 0 8
21 8 0 5 1 4 2
4 13 6 10 2 0 9
22 7 0 4 1 7 3
9 17 11 7 5 1 11
17 23 0 2 1 10 1
1 10 0 12 1 0 8
3 16 15 8 5 0 3
8 16 0 4 1 5 1
12 21 0 7 1 2 4
1 24 0 12 1 0 8
6 18 0 12 1 0 7
4 5 0 12 1 0 9
0 12 6 10 2 0 12
3 19 0 12 1 0 3
0 8 13 8 4 0 12
6 19 0 12 1 0 7
9 13 0 10 1 1 11
12 15 0 7 1 2 4
13 14 0 7 1 3 5
2 21 10 9 3 0 7
10 20 0 10 1 1 1
7 17 0 3 1 9 2
0 9 0 12 1 0 12
18 11 0 10 1 2 1
9 12 0 10 1 1 11
