9 2 2 4 1 21 3 0
1 0 4 0 5 0 18 0
1 0 4 0 5 0 20 0
1 0 3 0 3 0 12 0
1 0 1 0 1 0 7 0
7 2 1 2 2 12 6 0
2 1 2 0 1 1 7 0
1 0 3 0 4 0 18 0
2 2 2 0 2 2 17 0
5 2 1 2 1 7 7 0
4 2 1 3 2 7 9 0
9 1 0 2 0 14 0 1
2 1 2 0 3 1 11 0
6 2 1 3 1 9 6 0
10 2 0 3 0 22 0 0
7 2 1 2 1 10 5 0
11 2 0 2 0 23 0 0
5 2 2 2 2 8 8 0
3 2 1 1 1 3 10 0
6 2 1 2 1 10 7 0
3 2 1 2 1 4 9 0
4 2 1 2 1 5 8 0
8 2 2 3 2 13 5 0
10 2 1 4 0 22 1 0
8 2 1 2 2 11 4 0
3 2 1 2 1 3 10 0
####
2 1 0 10 0 20 6 0 32 0
3 1 0 10 0 20 6 0 24 0
3 2 0 10 0 20 6 0 26 0
4 1 0 10 0 20 6 0 19 0
4 2 0 10 0 20 6 0 21 0
4 3 0 10 0 20 6 0 13 0
7 1 0 10 0 20 6 0 30 0
7 2 0 10 0 20 6 0 32 0
7 3 0 10 0 20 6 0 24 0
7 4 0 10 0 20 6 0 19 0
8 6 1 9 0 17 9 0 19 1
12 6 0 9 0 17 4 0 13 0
12 8 0 9 0 17 4 0 22 0
20 18 2 8 3 14 9 1 14 1
25 18 2 8 3 14 9 1 14 1
25 20 2 8 3 14 9 2 14 1
21 10 3 7 6 12 8 3 12 1
17 9 4 6 8 10 8 5 10 1
19 13 5 5 10 8 8 7 8 1
15 5 6 4 12 6 8 9 6 1
24 22 7 3 14 4 8 11 4 1
11 0 8 0 16 0 7 20 0 0
23 14 9 0 18 0 7 28 0 0
####
3 15 12 7 6 0 12
7 21 6 7 3 0 18
10 17 0 4 1 7 9
2 18 3 8 2 0 20
0 14 0 4 1 21 3
2 8 0 8 1 0 20
1 17 8 7 4 0 18
21 9 0 4 1 5 8
24 0 0 4 1 11 4
1 20 3 8 2 0 18
6 14 15 5 8 1 7
20 21 0 5 1 4 9
1 16 20 6 10 0 18
7 24 14 7 7 0 18
8 20 0 6 1 2 17
17 23 8 4 5 8 8
5 22 0 4 1 12 6
8 25 0 6 1 2 17
2 6 0 8 1 0 20
23 16 0 3 1 22 1
17 19 0 4 1 8 8
4 5 12 7 6 0 7
13 15 0 4 1 9 6
12 18 0 6 1 1 11
3 9 8 7 4 0 12
3 19 10 7 5 0 12
22 11 0 4 1 13 5
22 0 0 4 1 13 5
0 23 0 4 1 21 3
18 10 0 5 1 3 10
25 10 0 5 1 3 10
12 22 11 5 6 1 11
9 13 0 4 1 7 7
15 24 0 4 1 10 5
1 12 0 8 1 0 18
19 5 0 4 1 10 7
6 13 7 5 4 1 7
2 25 3 8 2 0 20
7 8 0 8 1 0 18
