1 0 3 0 3 0 12 0
8 1 1 2 0 12 1 0
1 0 4 0 4 0 16 0
1 0 3 0 2 0 8 0
6 2 1 2 1 9 3 0
1 0 4 0 5 0 17 0
1 0 3 0 4 0 17 0
5 2 1 2 2 6 3 0
2 2 1 0 0 2 1 0
5 2 1 2 2 6 3 0
2 2 1 0 2 2 12 0
2 2 2 0 2 2 5 0
3 2 1 2 0 4 1 0
2 1 1 0 1 1 6 0
3 2 1 1 1 3 5 0
3 2 2 2 2 4 11 0
4 1 0 2 0 5 0 1
4 2 2 2 2 5 9 0
6 2 2 3 0 12 2 0
4 2 1 2 1 5 4 0
5 2 1 2 1 7 4 0
7 2 0 2 0 14 0 0
7 2 0 4 0 14 0 0
7 2 1 3 1 11 2 0
4 1 0 2 0 5 0 1
9 1 0 1 0 13 0 1
####
2 0 0 8 0 20 6 0 10 0
3 0 0 8 0 20 6 0 8 0
3 2 0 8 0 20 6 0 10 0
5 0 0 8 0 20 6 0 11 0
5 2 0 8 0 20 6 0 13 0
5 3 0 8 0 20 6 0 11 0
6 0 0 8 0 20 6 0 12 0
6 2 0 8 0 20 6 0 14 0
6 3 0 8 0 20 6 0 12 0
6 5 0 8 0 20 6 0 15 0
10 8 1 5 0 12 12 0 4 1
11 8 1 0 0 0 9 0 0 0
11 10 1 7 0 16 10 0 8 1
13 8 0 5 0 12 7 0 4 0
13 10 0 5 0 12 7 0 8 0
15 12 2 0 4 0 8 1 0 0
15 14 2 4 4 9 11 1 6 1
17 16 3 0 7 0 9 3 0 0
19 16 3 0 7 0 9 1 0 0
19 17 3 3 7 5 12 3 4 1
24 16 3 0 7 0 9 3 0 0
24 17 3 0 7 0 9 2 0 0
24 19 3 0 7 0 9 3 0 0
9 7 4 2 11 2 11 5 2 1
20 9 4 0 11 0 8 4 0 0
20 7 4 0 11 0 8 2 0 0
18 4 5 0 14 0 7 4 0 0
22 21 6 0 16 0 8 9 0 0
23 21 6 0 16 0 8 6 0 0
23 22 6 0 16 0 8 7 0 0
####
18 22 0 5 1 12 2
0 20 11 8 4 0 12
0 14 4 8 2 0 12
3 11 0 9 1 0 8
17 20 0 7 1 5 9
3 21 16 8 6 0 8
10 15 0 7 1 2 12
11 23 12 7 5 2 5
5 19 7 9 3 0 17
12 16 0 7 1 4 1
9 18 0 5 1 6 3
1 25 0 2 1 12 1
2 9 11 8 4 0 16
19 7 0 7 1 5 4
5 12 4 8 2 0 17
6 10 0 9 1 0 17
2 13 0 9 1 0 16
4 23 0 5 1 9 3
20 4 0 5 1 7 4
14 19 0 7 1 3 5
6 11 0 9 1 0 17
5 17 7 9 3 0 17
7 18 0 5 1 6 3
23 1 0 4 1 11 2
18 21 0 5 1 12 2
0 8 0 9 1 0 12
11 12 0 7 1 2 5
15 17 0 7 1 4 11
2 7 11 8 4 0 16
15 24 0 7 1 4 11
5 10 0 9 1 0 17
17 9 0 7 1 5 9
6 8 0 9 1 0 17
13 14 0 7 1 1 6
8 22 12 7 5 2 1
2 15 4 8 2 0 16
3 4 14 7 5 0 8
