5 1 1 2 1 7 6 0
1 0 3 0 4 0 9 0
1 0 2 0 2 0 17 0
1 0 2 0 2 0 8 0
1 0 3 0 4 0 7 0
1 0 3 0 3 0 17 0
3 2 1 2 2 4 11 0
7 2 1 3 1 13 5 0
10 2 1 2 1 16 2 0
11 2 1 4 0 21 1 0
1 0 3 0 5 0 20 0
4 1 2 2 2 5 10 0
2 2 2 0 1 2 5 0
3 2 1 2 2 4 3 0
3 2 1 2 1 4 8 0
5 2 2 1 1 7 8 0
2 2 2 0 2 2 15 0
3 1 0 2 0 3 0 1
4 2 2 2 1 5 2 0
8 2 1 2 1 14 4 0
4 2 1 2 1 6 7 0
6 2 1 2 1 8 6 0
5 2 0 1 0 7 0 0
6 1 0 2 0 8 0 1
12 2 0 4 0 22 0 0
9 2 1 2 1 15 3 0
2 1 0 0 0 1 0 1
####
2 1 0 11 0 20 7 0 20 0
3 1 0 11 0 20 7 0 14 0
3 2 0 11 0 20 7 0 20 0
4 1 0 11 0 20 7 0 11 0
4 2 0 11 0 20 7 0 17 0
4 3 0 11 0 20 7 0 11 0
5 1 0 11 0 20 7 0 21 0
5 2 0 11 0 20 7 0 27 0
5 3 0 11 0 20 7 0 21 0
5 4 0 11 0 20 7 0 18 0
10 1 0 11 0 20 7 0 23 0
10 2 0 11 0 20 7 0 29 0
10 3 0 11 0 20 7 0 23 0
10 4 0 11 0 20 7 0 20 0
10 5 0 11 0 20 7 0 30 0
16 12 1 10 0 17 10 0 15 1
26 16 1 0 0 0 9 0 0 0
13 6 2 9 3 13 11 2 10 1
14 13 2 9 3 13 11 2 9 1
14 6 2 9 3 13 11 2 15 1
17 13 2 0 3 0 10 2 0 0
17 6 2 0 3 0 10 2 0 0
17 14 2 0 3 0 10 2 0 0
18 11 3 8 7 10 10 2 8 1
20 11 3 8 7 10 10 4 13 1
20 18 3 8 7 10 10 2 7 1
15 0 4 7 10 7 10 6 11 1
22 15 4 0 10 0 9 6 0 0
22 0 4 0 10 0 9 6 0 0
23 21 5 0 13 0 8 2 0 0
####
16 6 0 7 1 2 15
1 21 13 8 5 0 9
5 6 3 10 2 0 17
4 18 7 9 3 0 7
5 13 3 10 2 0 17
0 7 2 4 2 7 6
1 15 10 9 4 0 9
8 9 0 2 1 16 2
4 12 0 9 1 0 7
4 22 10 9 4 0 7
16 14 0 7 1 2 15
25 8 0 2 1 15 3
2 26 0 9 1 0 17
15 23 0 5 1 7 8
1 25 17 7 8 0 9
12 13 0 7 1 2 5
3 20 7 9 3 0 8
10 12 0 9 1 0 20
11 22 0 6 1 5 10
20 0 0 6 1 6 7
7 19 0 2 1 13 5
19 25 0 2 1 14 4
12 17 0 7 1 2 5
18 9 9 4 7 5 2
9 24 0 2 1 21 1
2 16 0 9 1 0 17
6 11 0 7 1 4 11
18 24 10 4 8 5 2
10 19 16 7 7 0 20
14 20 0 7 1 4 8
10 16 0 9 1 0 20
15 21 0 5 1 7 8
3 8 18 7 9 0 8
5 14 3 10 2 0 17
13 18 0 7 1 4 3
11 15 0 6 1 5 10
21 7 0 3 1 8 6
