1 0 4 0 4 0 10 0
1 0 2 0 1 0 7 0
1 0 4 0 6 0 18 0
1 0 2 0 3 0 14 0
2 1 0 0 0 1 0 1
5 2 1 2 2 7 10 0
1 0 4 0 7 0 21 0
5 2 0 2 0 6 0 0
4 2 1 2 1 5 2 0
2 1 3 0 3 1 13 0
2 1 1 0 1 1 4 0
11 2 1 4 0 18 1 0
7 2 1 3 1 9 7 0
2 1 3 0 5 1 19 0
9 2 1 2 2 12 5 0
3 2 2 1 3 2 5 0
3 2 1 2 2 4 12 0
4 2 2 2 0 4 2 0
12 1 0 2 0 16 0 1
4 2 1 2 0 4 1 0
12 2 0 4 0 19 0 0
5 1 0 2 0 5 0 1
8 2 1 2 1 10 6 0
6 2 2 3 1 8 9 0
4 2 2 2 1 5 11 0
7 1 0 2 0 9 0 1
10 2 2 2 2 14 4 0
11 2 1 3 0 15 1 0
5 1 0 2 0 5 0 1
2 1 0 0 0 1 0 1
3 2 1 1 1 3 3 0
####
1 0 0 11 0 24 7 0 7 0
2 0 0 11 0 24 7 0 17 0
2 1 0 11 0 24 7 0 16 0
3 0 0 11 0 24 7 0 11 0
3 1 0 11 0 24 7 0 10 0
3 2 0 11 0 24 7 0 20 0
6 0 0 11 0 24 7 0 15 0
6 1 0 11 0 24 7 0 14 0
6 2 0 11 0 24 7 0 24 0
6 3 0 11 0 24 7 0 18 0
9 4 1 0 0 0 10 0 0 0
10 4 1 0 0 0 10 0 0 0
10 9 1 10 0 19 12 0 12 1
13 9 0 10 0 19 7 0 18 0
13 10 0 10 0 19 7 0 12 0
16 15 2 0 5 0 8 2 0 0
30 16 2 9 5 16 10 2 10 1
17 8 3 0 8 0 9 2 0 0
19 17 3 0 8 0 9 4 0 0
19 8 3 0 8 0 9 1 0 0
24 17 3 0 8 0 9 4 0 0
24 19 3 0 8 0 9 4 0 0
24 8 3 8 8 12 11 4 8 1
7 5 4 0 12 0 9 6 0 0
21 7 4 0 12 0 9 6 0 0
21 5 4 0 12 0 9 1 0 0
28 7 4 0 12 0 9 6 0 0
28 21 4 0 12 0 9 2 0 0
28 5 4 0 12 0 9 1 0 0
25 12 6 0 17 0 7 10 0 0
27 11 10 0 22 0 7 4 0 0
20 18 11 0 24 0 7 6 0 0
####
30 8 0 7 1 3 3
14 26 0 2 1 12 5
26 11 0 3 1 14 4
23 12 0 3 1 8 9
15 19 0 7 1 2 5
3 17 8 9 3 0 14
16 24 0 7 1 4 12
5 23 0 5 1 7 10
10 30 0 8 1 1 4
2 9 0 10 1 0 18
17 28 0 8 1 4 2
19 7 0 8 1 4 1
24 5 0 8 1 5 11
1 14 20 6 8 0 7
13 16 0 8 1 1 19
22 14 0 2 1 10 6
6 22 19 6 7 0 21
0 29 0 10 1 0 10
6 15 5 8 2 0 21
23 25 0 3 1 8 9
8 11 10 6 7 5 2
13 15 0 8 1 1 19
2 10 0 10 1 0 18
9 16 0 8 1 1 13
2 24 8 9 3 0 18
0 30 5 8 2 0 10
12 22 0 3 1 9 7
15 17 0 7 1 2 5
24 20 12 6 8 5 11
3 5 12 9 4 0 14
13 23 11 6 4 1 19
26 27 0 3 1 14 4
9 27 17 7 9 1 13
6 8 8 9 3 0 21
0 26 21 6 9 0 10
27 18 0 4 1 15 1
0 19 8 9 3 0 10
17 21 0 8 1 4 2
11 20 0 4 1 18 1
6 13 0 10 1 0 21
1 7 12 9 4 0 7
2 4 0 10 1 0 18
9 12 12 7 5 1 13
