1 0 3 0 2 0 20 0
3 1 2 2 3 3 11 0
1 0 3 0 4 0 18 0
1 0 2 0 2 0 13 0
1 0 4 0 5 0 19 0
1 0 3 0 3 0 6 0
3 2 1 2 2 4 17 0
8 2 1 3 1 15 4 0
1 0 3 0 4 0 11 0
11 2 1 2 0 20 1 0
11 2 1 2 0 19 1 0
1 0 4 0 2 0 23 0
2 1 2 0 2 1 4 0
1 0 3 0 2 0 17 0
1 0 3 0 4 0 25 0
3 2 1 2 1 3 4 0
9 2 1 2 1 16 3 0
6 2 1 2 0 9 1 0
4 2 1 2 1 5 3 0
4 2 2 2 3 5 16 0
2 1 1 0 0 1 1 0
12 2 0 3 0 21 0 0
5 2 1 2 1 7 4 0
5 2 2 2 3 7 14 0
6 2 2 2 3 9 13 0
2 2 0 0 0 2 0 0
7 2 2 3 2 14 10 0
8 1 0 2 0 13 0 1
9 2 1 4 1 17 3 0
2 2 1 0 1 2 5 0
2 2 1 0 2 2 12 0
5 2 1 2 1 7 2 0
7 2 1 3 0 12 1 0
2 2 1 0 1 2 2 0
10 2 1 2 1 18 2 0
4 2 0 2 0 6 0 0
8 2 1 4 1 15 4 0
2 2 1 0 1 2 18 0
7 2 0 2 0 11 0 0
10 2 1 2 1 17 2 0
12 1 0 2 0 21 0 1
3 2 1 3 0 5 1 0
####
2 0 0 11 0 31 11 0 16 0
3 0 0 11 0 31 11 0 17 0
3 2 0 11 0 31 11 0 13 0
4 0 0 11 0 31 11 0 17 0
4 2 0 11 0 31 11 0 13 0
4 3 0 11 0 31 11 0 14 0
5 0 0 11 0 31 11 0 11 0
5 2 0 11 0 31 11 0 7 0
5 3 0 11 0 31 11 0 8 0
5 4 0 11 0 31 11 0 8 0
8 0 0 7 0 22 12 0 7 0
8 2 0 7 0 22 12 0 4 0
8 4 0 7 0 22 12 0 5 0
8 5 0 6 0 19 12 0 6 0
11 0 0 11 0 31 11 0 21 0
11 2 0 11 0 31 11 0 17 0
11 3 0 11 0 31 11 0 18 0
11 4 0 11 0 31 11 0 19 0
11 5 0 11 0 31 11 0 12 0
11 8 0 7 0 22 12 0 8 0
13 0 0 11 0 31 11 0 17 0
13 2 0 11 0 31 11 0 13 0
13 3 0 11 0 31 11 0 14 0
13 4 0 11 0 31 11 0 14 0
13 5 0 11 0 31 11 0 8 0
13 8 0 3 0 11 12 0 4 0
13 11 0 11 0 31 11 0 17 0
14 0 0 11 0 31 11 0 21 0
14 2 0 11 0 31 11 0 17 0
14 3 0 11 0 31 11 0 18 0
14 4 0 11 0 31 11 0 19 0
14 5 0 11 0 31 11 0 12 0
14 8 0 7 0 22 12 0 8 0
14 11 0 11 0 31 11 0 22 0
14 13 0 11 0 31 11 0 18 0
29 12 1 0 0 0 16 0 0 0
30 20 0 10 0 24 9 0 6 0
30 25 1 0 0 0 16 0 0 0
33 12 0 2 0 4 10 0 2 0
33 25 1 0 0 0 16 0 0 0
33 30 1 0 0 0 16 0 0 0
37 12 0 6 0 15 10 0 6 0
37 20 0 10 0 24 9 0 9 0
37 25 1 0 0 0 16 0 0 0
37 29 1 0 0 0 16 0 0 0
37 30 0 10 0 24 9 0 15 0
37 33 1 0 0 0 16 0 0 0
15 6 2 0 7 0 13 2 0 0
6 1 0 9 0 20 6 0 13 0
41 15 2 0 7 0 13 2 0 0
41 1 2 0 7 0 13 2 0 0
41 6 2 0 7 0 13 2 0 0
19 18 3 0 11 0 12 4 0 0
35 18 3 0 11 0 12 4 0 0
35 19 3 0 11 0 12 4 0 0
31 22 4 0 14 0 12 0 0 0
31 23 4 0 14 0 12 0 0 0
23 22 4 7 14 14 14 4 9 1
24 17 5 0 17 0 11 2 0 0
32 26 6 0 19 0 12 8 0 0
38 26 6 0 19 0 12 4 0 0
38 32 6 0 19 0 12 4 0 0
27 7 7 0 22 0 12 10 0 0
36 7 7 0 22 0 12 10 0 0
36 27 7 0 22 0 12 10 0 0
28 16 8 0 25 0 11 13 0 0
39 34 9 0 27 0 11 15 0 0
10 9 10 0 29 0 11 17 0 0
40 21 11 0 31 0 11 20 0 0
####
5 9 29 11 10 0 6
13 33 0 16 1 0 17
17 38 0 5 1 9 1
14 37 0 16 1 0 25
12 32 12 10 5 1 4
0 20 0 16 1 0 20
1 26 8 7 4 3 11
2 18 11 12 3 0 18
24 26 0 5 1 9 13
11 35 11 12 3 0 23
28 34 0 4 1 17 3
10 21 0 4 1 19 1
33 41 0 11 1 2 2
4 22 14 12 4 0 19
19 22 0 6 1 5 16
13 30 0 16 1 0 17
4 31 14 12 4 0 19
23 36 5 6 3 7 14
32 27 0 6 1 12 1
37 6 0 11 1 2 18
13 25 0 16 1 0 17
9 40 0 4 1 20 1
20 21 24 9 10 1 1
4 23 14 12 4 0 19
8 29 0 16 1 0 11
26 36 0 6 1 14 10
15 18 0 7 1 3 4
7 28 0 5 1 15 4
18 31 0 6 1 5 3
4 34 27 11 9 0 19
22 28 8 5 4 7 4
3 16 25 11 8 0 13
26 7 0 6 1 14 10
8 15 7 13 2 0 11
12 41 0 11 1 1 4
2 39 27 11 9 0 18
11 25 0 16 1 0 23
30 1 0 11 1 2 12
34 9 0 4 1 18 2
11 37 0 16 1 0 23
14 19 11 12 3 0 25
5 17 17 11 5 0 6
41 35 0 7 1 5 1
3 30 0 16 1 0 13
31 17 0 5 1 7 2
0 38 19 12 6 0 20
11 33 0 16 1 0 23
39 10 0 4 1 17 2
2 24 17 11 5 0 18
29 15 0 11 1 2 5
23 24 0 5 1 7 14
14 29 0 16 1 0 25
6 19 0 7 1 4 17
5 10 29 11 10 0 6
8 12 0 16 1 0 11
36 16 0 5 1 15 4
0 6 7 13 2 0 20
1 7 11 7 5 3 11
19 23 0 6 1 5 16
24 32 0 5 1 9 13
16 39 0 4 1 16 3
