1 0 3 0 1 0 4 0
1 0 3 0 4 0 7 0
1 0 2 0 2 0 4 0
2 1 2 0 2 1 6 0
3 2 1 1 1 3 3 0
4 2 1 2 1 4 2 0
3 2 1 1 1 2 2 0
5 2 1 2 0 5 1 0
2 1 0 0 0 1 0 1
4 2 1 2 0 4 1 0
6 2 0 4 0 9 0 0
2 1 0 0 0 1 0 1
####
1 0 0 5 0 8 4 0 7 0
2 0 0 5 0 8 4 0 4 0
2 1 0 5 0 8 4 0 9 0
11 8 1 0 0 0 6 0 0 0
6 4 2 3 3 3 6 2 3 1
9 5 3 2 5 1 6 4 1 1
####
6 9 0 4 1 2 2
1 3 0 6 1 0 7
0 9 5 5 3 0 4
4 5 0 4 1 3 3
5 7 0 3 1 4 2
9 10 1 3 2 4 1
0 11 0 6 1 0 4
1 6 3 5 2 0 7
3 6 0 5 1 1 6
1 7 7 4 4 0 7
7 10 0 2 1 5 1
2 5 5 5 3 0 4
0 8 0 6 1 0 4
3 4 0 5 1 1 6
2 4 3 5 2 0 4
