1 0 3 0 4 0 17 0
1 0 3 0 4 0 14 0
1 0 4 0 4 0 15 0
1 0 2 0 2 0 13 0
1 0 2 0 4 0 15 0
2 1 2 0 3 1 15 0
2 1 0 0 0 1 0 1
1 0 3 0 1 0 13 0
10 2 1 2 1 19 2 0
6 2 1 2 2 8 9 0
2 1 0 0 0 1 0 1
7 2 1 2 2 8 9 0
3 1 2 1 2 2 14 0
2 1 3 0 3 1 14 0
2 1 0 0 0 1 0 1
8 2 2 4 3 17 8 0
4 2 1 2 1 5 11 0
4 2 2 1 1 4 13 0
9 2 2 2 1 18 3 0
10 2 1 2 0 19 1 0
5 2 1 3 1 5 11 0
9 2 1 2 1 18 3 0
11 2 1 3 0 20 1 0
3 2 1 1 1 3 12 0
3 2 1 1 0 3 1 0
5 2 1 2 1 7 10 0
10 1 0 2 0 19 0 1
12 2 0 3 0 21 0 0
11 2 0 4 0 21 0 0
5 1 0 2 0 5 0 1
6 2 1 2 1 7 10 0
####
1 0 0 11 0 24 7 0 18 0
2 0 0 11 0 24 7 0 19 0
2 1 0 11 0 24 7 0 17 0
3 0 0 11 0 24 7 0 18 0
3 1 0 11 0 24 7 0 16 0
3 2 0 11 0 24 7 0 17 0
4 0 0 11 0 24 7 0 19 0
4 1 0 11 0 24 7 0 17 0
4 2 0 11 0 24 7 0 18 0
4 3 0 11 0 24 7 0 17 0
7 0 0 11 0 24 7 0 16 0
7 1 0 11 0 24 7 0 14 0
7 2 0 11 0 24 7 0 15 0
7 3 0 11 0 24 7 0 14 0
7 4 0 11 0 24 7 0 15 0
13 5 0 10 0 19 6 0 17 0
14 10 1 0 0 0 11 0 0 0
23 12 0 9 0 16 4 0 15 0
24 12 2 8 5 14 11 1 7 1
24 23 2 8 5 14 11 2 6 1
17 16 0 8 0 14 3 0 13 0
25 20 0 7 0 11 4 0 11 0
29 20 4 0 10 0 9 6 0 0
30 9 5 6 13 9 9 2 9 1
21 18 8 0 17 0 8 14 0 0
19 8 9 0 19 0 9 16 0 0
26 19 9 0 19 0 9 16 0 0
26 8 9 0 19 0 9 16 0 0
28 22 10 0 22 0 8 19 0 0
####
13 22 17 7 9 1 14
12 27 16 4 9 2 14
2 18 17 8 8 0 15
17 29 0 5 1 4 13
1 17 8 8 3 0 14
17 20 0 5 1 4 13
7 25 10 9 4 0 13
18 26 0 5 1 18 3
18 19 0 5 1 18 3
1 11 15 7 6 0 14
4 9 13 8 5 0 15
0 21 17 8 8 0 17
9 15 1 3 2 8 9
22 27 0 3 1 20 1
5 12 0 8 1 1 15
0 24 5 9 2 0 17
2 30 13 8 5 0 15
20 30 0 5 1 5 11
21 8 0 5 1 18 3
4 13 0 11 1 0 15
12 17 0 5 1 2 14
7 10 0 11 1 0 13
15 18 0 3 1 17 8
16 25 0 5 1 5 11
2 16 8 8 3 0 15
7 14 0 11 1 0 13
2 6 0 11 1 0 15
19 28 0 5 1 19 1
23 16 0 5 1 3 12
13 24 0 8 1 1 14
24 28 14 5 8 3 1
3 23 5 9 2 0 13
0 5 0 11 1 0 17
3 19 19 9 9 0 13
13 23 0 8 1 1 14
8 22 0 5 1 19 2
15 21 0 3 1 17 8
30 11 0 3 1 7 10
5 20 5 8 3 1 15
1 8 19 9 9 0 14
11 15 0 2 1 8 9
25 9 0 5 1 7 10
