1 0 2 0 3 0 8 0
1 0 3 0 4 0 8 0
1 0 4 0 3 0 16 0
5 2 1 2 1 6 2 0
1 0 4 0 4 0 20 0
1 0 2 0 2 0 7 0
1 0 2 0 3 0 18 0
5 1 1 2 2 6 8 0
2 1 2 0 2 1 11 0
2 1 0 0 0 1 0 1
2 1 1 0 2 1 13 0
3 2 2 1 2 3 12 0
3 2 2 1 2 3 9 0
6 2 2 1 3 8 7 0
4 2 1 2 2 5 4 0
9 1 0 2 0 11 0 1
2 1 0 0 0 1 0 1
7 2 2 2 2 9 4 0
5 2 2 2 1 7 3 0
8 2 1 4 0 15 1 0
6 1 0 2 0 8 0 1
9 2 0 2 0 16 0 0
4 2 1 2 1 5 3 0
7 2 1 4 0 15 1 0
8 2 1 2 0 10 1 0
4 2 1 2 1 5 9 0
2 1 0 0 0 1 0 1
5 2 0 3 0 8 0 0
8 1 0 2 0 16 0 1
4 2 1 2 0 5 1 0
####
1 0 0 8 0 22 8 0 6 0
2 0 0 8 0 22 8 0 10 0
2 1 0 8 0 22 8 0 10 0
4 0 0 8 0 22 8 0 12 0
4 1 0 8 0 22 8 0 12 0
4 2 0 8 0 22 8 0 16 0
5 0 0 7 0 19 9 0 5 0
5 1 0 7 0 19 9 0 5 0
5 2 0 7 0 19 9 0 9 0
5 4 0 7 0 19 9 0 11 0
6 0 0 8 0 22 8 0 12 0
6 1 0 8 0 22 8 0 12 0
6 2 0 8 0 22 8 0 16 0
6 4 0 8 0 22 8 0 18 0
6 5 0 7 0 19 9 0 11 0
10 8 0 7 0 17 7 0 10 0
16 10 1 0 0 0 11 0 0 0
26 10 1 0 0 0 11 0 0 0
26 16 1 0 0 0 11 0 0 0
12 11 2 6 5 15 10 0 8 1
22 14 3 0 7 0 10 2 0 0
25 14 3 4 7 8 13 2 5 1
25 22 3 5 7 11 12 2 6 1
29 14 3 0 7 0 10 2 0 0
29 22 3 0 7 0 10 2 0 0
29 25 3 0 7 0 10 4 0 0
18 3 4 0 11 0 10 1 0 0
18 7 4 3 11 4 13 4 3 1
7 3 4 4 11 7 12 4 4 1
27 18 4 0 11 0 10 4 0 0
27 3 4 0 11 0 10 4 0 0
27 7 4 0 11 0 10 6 0 0
20 13 5 0 15 0 8 6 0 0
23 17 6 0 17 0 8 2 0 0
24 19 7 0 19 0 9 4 0 0
28 19 7 0 19 0 9 4 0 0
28 24 7 0 19 0 9 4 0 0
21 15 8 0 22 0 8 6 0 0
####
1 3 11 10 4 0 8
10 11 0 7 1 1 13
13 17 0 4 1 8 7
4 12 5 8 2 0 20
29 27 0 8 1 5 1
18 23 2 6 2 7 3
2 26 0 11 1 0 16
4 9 0 11 1 0 20
14 18 0 8 1 5 4
0 24 19 9 7 0 8
17 24 0 5 1 9 4
6 25 7 10 3 0 18
5 29 7 10 3 0 7
18 20 0 6 1 7 3
19 21 0 5 1 15 1
22 3 0 8 1 5 3
2 16 0 11 1 0 16
17 19 0 5 1 9 4
12 14 0 6 1 3 9
24 15 0 5 1 10 1
2 10 0 11 1 0 16
25 7 0 8 1 5 9
3 19 4 7 3 6 2
12 22 0 6 1 3 9
4 11 5 8 2 0 20
2 17 17 8 6 0 16
13 23 0 4 1 8 7
1 22 7 10 3 0 8
6 8 0 11 1 0 18
8 12 0 7 1 1 11
23 28 0 5 1 15 1
7 13 0 6 1 6 8
0 13 15 8 5 0 8
11 29 0 6 1 3 12
1 18 11 10 4 0 8
5 14 7 10 3 0 7
4 21 22 8 8 0 20
8 27 6 9 3 1 11
11 25 0 6 1 3 12
