1 0 4 0 3 0 8 0
1 0 4 0 3 0 15 0
1 0 3 0 2 0 9 0
1 0 4 0 4 0 9 0
1 0 2 0 4 0 18 0
2 1 2 0 2 1 12 0
2 1 0 0 0 1 0 1
8 2 1 2 0 11 1 0
10 2 1 2 0 14 1 0
8 2 1 2 1 11 3 0
6 2 1 2 1 8 3 0
2 1 2 0 3 1 17 0
3 2 2 1 2 2 14 0
4 2 1 2 1 4 7 0
2 1 0 0 0 1 0 1
4 1 0 2 0 4 0 1
5 2 1 2 1 6 6 0
3 2 1 1 0 3 1 0
4 2 1 2 1 4 5 0
5 2 1 3 1 7 4 0
7 2 1 2 1 9 2 0
11 1 0 2 0 15 0 1
9 2 1 2 1 13 2 0
6 2 1 2 1 8 5 0
9 2 0 2 0 13 0 0
7 2 1 2 1 10 4 0
####
1 0 0 10 0 20 6 0 12 0
2 0 0 10 0 20 6 0 9 0
2 1 0 10 0 20 6 0 13 0
3 0 0 10 0 20 6 0 6 0
3 1 0 10 0 20 6 0 10 0
3 2 0 10 0 20 6 0 7 0
4 0 0 10 0 20 6 0 13 0
4 1 0 10 0 20 6 0 17 0
4 2 0 10 0 20 6 0 14 0
4 3 0 10 0 20 6 0 11 0
11 5 0 9 0 16 5 0 14 0
14 5 1 0 0 0 9 0 0 0
17 12 2 0 4 0 7 2 0 0
15 13 3 0 6 0 8 4 0 0
18 13 3 0 6 0 8 4 0 0
18 15 3 0 6 0 8 4 0 0
19 16 4 0 9 0 7 3 0 0
23 10 5 0 11 0 7 5 0 0
25 20 6 0 13 0 7 7 0 0
9 7 7 0 15 0 7 1 0 0
24 22 8 0 17 0 7 3 0 0
####
9 22 0 4 1 11 3
0 7 15 7 7 0 8
5 19 5 6 3 1 12
20 7 0 4 1 9 2
4 12 4 7 2 0 18
18 19 0 5 1 4 5
17 15 0 5 1 3 1
12 13 0 5 1 2 14
7 24 0 4 1 11 1
3 20 13 7 6 0 9
13 16 0 5 1 4 7
1 14 0 9 1 0 15
2 23 11 7 5 0 9
1 5 0 9 1 0 15
1 10 11 7 5 0 15
19 10 0 4 1 7 4
23 25 0 4 1 8 5
0 25 13 7 6 0 8
1 13 6 8 3 0 15
8 21 0 2 1 14 1
16 23 0 4 1 6 6
12 18 0 5 1 2 14
2 24 17 7 8 0 9
11 12 0 6 1 1 17
4 11 0 9 1 0 18
2 17 4 7 2 0 9
11 17 0 6 1 1 17
5 16 5 6 3 1 12
3 22 17 7 8 0 9
3 8 19 6 9 0 9
0 6 0 9 1 0 8
3 18 6 8 3 0 9
10 20 0 4 1 8 3
22 8 0 3 1 13 2
0 9 15 7 7 0 8
25 9 0 4 1 10 4
