1 0 3 0 3 0 24 0
1 0 3 0 2 0 9 0
1 0 3 0 3 0 8 0
1 0 3 0 3 0 15 0
1 0 2 0 4 0 10 0
4 1 2 2 3 4 20 0
1 0 1 0 1 0 22 0
1 0 2 0 1 0 9 0
1 0 2 0 1 0 3 0
1 0 4 0 3 0 10 0
10 2 1 2 1 16 3 0
8 2 1 2 1 9 5 0
8 2 0 2 0 10 0 0
2 1 0 0 0 1 0 1
9 2 1 2 2 12 6 0
10 2 2 2 1 13 5 0
2 1 0 0 0 1 0 1
2 1 1 0 2 1 7 0
9 2 1 2 0 11 1 0
2 1 2 0 3 1 22 0
5 2 2 2 3 5 19 0
11 2 1 2 1 15 3 0
2 1 0 0 0 1 0 1
3 2 2 1 1 3 6 0
6 2 1 2 1 7 7 0
6 2 2 2 2 7 13 0
13 2 1 2 0 27 1 0
7 2 1 3 2 8 10 0
8 2 2 2 2 10 9 0
11 1 0 2 0 14 0 1
7 2 1 2 0 8 1 0
3 2 1 1 2 3 21 0
7 2 1 2 1 8 6 0
10 2 0 2 0 13 0 0
2 1 0 0 0 1 0 1
12 2 1 4 1 25 2 0
9 2 1 4 1 14 4 0
4 1 0 2 0 4 0 1
14 1 0 2 0 28 0 1
2 1 0 0 0 1 0 1
####
1 0 0 13 0 30 10 0 23 0
2 0 0 13 0 30 10 0 24 0
2 1 0 13 0 30 10 0 13 0
3 0 0 13 0 30 10 0 25 0
3 1 0 13 0 30 10 0 14 0
3 2 0 13 0 30 10 0 15 0
4 0 0 13 0 30 10 0 23 0
4 1 0 13 0 30 10 0 12 0
4 2 0 13 0 30 10 0 13 0
4 3 0 13 0 30 10 0 14 0
6 0 0 13 0 30 10 0 33 0
6 1 0 13 0 30 10 0 22 0
6 2 0 13 0 30 10 0 23 0
6 3 0 13 0 30 10 0 24 0
6 4 0 13 0 30 10 0 22 0
7 0 0 13 0 30 10 0 23 0
7 1 0 13 0 30 10 0 12 0
7 2 0 13 0 30 10 0 13 0
7 3 0 13 0 30 10 0 14 0
7 4 0 13 0 30 10 0 12 0
7 6 0 13 0 30 10 0 22 0
8 0 0 13 0 30 10 0 18 0
8 1 0 13 0 30 10 0 7 0
8 2 0 13 0 30 10 0 8 0
8 3 0 13 0 30 10 0 9 0
8 4 0 13 0 30 10 0 7 0
8 6 0 13 0 30 10 0 17 0
8 7 0 13 0 30 10 0 7 0
9 0 0 13 0 30 10 0 23 0
9 1 0 13 0 30 10 0 12 0
9 2 0 13 0 30 10 0 13 0
9 3 0 13 0 30 10 0 14 0
9 4 0 13 0 30 10 0 12 0
9 6 0 13 0 30 10 0 22 0
9 7 0 13 0 30 10 0 12 0
9 8 0 13 0 30 10 0 7 0
17 13 1 0 0 0 16 0 0 0
19 17 0 12 0 23 8 0 21 0
34 19 1 0 0 0 16 0 0 0
31 23 0 11 0 21 3 0 19 0
25 24 5 8 12 16 12 8 13 1
30 27 6 0 14 0 12 10 0 0
32 27 6 7 14 13 13 10 11 1
32 30 6 0 14 0 12 10 0 0
28 12 7 0 17 0 12 12 0 0
28 11 7 6 17 10 13 12 9 1
12 11 7 0 17 0 12 12 0 0
18 14 8 0 20 0 12 14 0 0
36 14 8 5 20 7 13 14 7 1
36 18 8 0 20 0 12 14 0 0
15 10 9 4 23 4 13 16 5 1
33 15 9 0 23 0 12 16 0 0
33 10 9 0 23 0 12 16 0 0
29 21 10 0 26 0 11 18 0 0
####
28 18 0 6 1 10 9
30 12 0 6 1 8 1
3 25 12 11 5 0 15
23 37 0 4 1 3 6
20 25 0 3 1 5 19
21 35 0 3 1 15 3
25 27 0 5 1 7 13
23 36 11 5 6 3 6
25 30 0 5 1 7 13
9 33 23 12 9 0 10
9 21 26 11 10 0 10
31 5 0 4 1 3 21
1 14 20 12 8 0 9
17 23 0 9 1 1 7
1 10 23 12 9 0 9
27 28 0 6 1 8 10
10 35 2 4 2 16 3
4 28 17 12 7 0 10
0 18 20 12 8 0 24
3 30 14 12 6 0 15
2 32 14 12 6 0 8
32 11 0 6 1 8 6
9 16 0 16 1 0 10
15 29 0 5 1 13 5
28 14 0 6 1 10 9
14 15 0 6 1 12 6
2 24 12 11 5 0 8
26 38 0 2 1 27 1
19 20 4 8 3 1 22
8 26 29 10 12 0 3
0 34 0 16 1 0 24
19 31 0 9 1 1 22
36 10 0 6 1 14 4
11 36 0 6 1 9 5
1 12 17 12 7 0 9
3 22 0 16 1 0 15
20 24 0 3 1 5 19
5 27 3 5 3 4 20
0 19 0 16 1 0 24
7 13 0 16 1 0 9
15 21 0 5 1 13 5
6 31 7 11 2 0 22
2 11 17 12 7 0 8
9 23 7 11 2 0 10
4 15 23 12 9 0 10
5 20 0 3 1 4 20
8 39 0 16 1 0 3
7 17 0 16 1 0 9
35 26 0 2 1 25 2
24 32 0 5 1 7 7
18 33 0 6 1 11 1
