1 0 4 0 3 0 20 0
1 0 3 0 5 0 17 0
5 2 1 2 1 7 4 0
1 0 2 0 3 0 5 0
2 1 0 0 0 1 0 1
1 0 2 0 3 0 14 0
1 0 3 0 4 0 6 0
1 0 2 0 4 0 19 0
1 0 1 0 0 0 1 0
2 1 3 0 4 1 15 0
2 1 2 0 3 1 13 0
1 0 2 0 2 0 10 0
2 1 3 0 1 1 6 0
6 2 1 2 2 10 3 0
3 2 2 1 2 3 8 0
7 2 2 2 0 11 2 0
8 2 1 2 0 13 1 0
4 2 1 2 2 5 3 0
3 1 0 1 0 2 0 1
5 2 2 2 0 7 2 0
4 2 1 3 1 6 5 0
6 2 1 3 1 10 3 0
6 2 0 2 0 9 0 0
3 2 2 1 1 3 7 0
4 1 0 2 0 4 0 1
4 2 1 2 0 5 1 0
2 1 0 0 0 1 0 1
9 2 0 2 0 14 0 0
6 2 0 4 0 13 0 0
8 1 0 2 0 12 0 1
4 2 1 2 1 5 5 0
3 1 0 1 0 2 0 1
7 2 1 3 1 11 2 0
5 2 1 2 1 8 4 0
8 1 0 2 0 12 0 1
3 2 1 1 1 3 4 0
####
1 0 0 8 0 27 9 0 8 0
3 0 0 8 0 27 9 0 5 0
3 1 0 8 0 27 9 0 5 0
5 0 0 8 0 27 9 0 9 0
5 1 0 8 0 27 9 0 9 0
5 3 0 8 0 27 9 0 6 0
6 0 0 7 0 24 11 0 8 0
6 1 0 7 0 24 11 0 5 0
6 3 0 5 0 18 12 0 2 0
6 5 0 7 0 24 11 0 7 0
7 0 0 8 0 27 9 0 11 0
7 1 0 8 0 27 9 0 11 0
7 3 0 8 0 27 9 0 8 0
7 5 0 8 0 27 9 0 12 0
7 6 0 7 0 24 11 0 7 0
8 0 0 5 0 18 12 0 4 0
8 1 0 5 0 18 12 0 3 0
8 3 0 5 0 18 12 0 1 0
8 7 0 5 0 18 12 0 2 0
11 0 0 8 0 27 9 0 10 0
11 1 0 8 0 27 9 0 10 0
11 3 0 8 0 27 9 0 7 0
11 5 0 8 0 27 9 0 11 0
11 6 0 5 0 18 12 0 3 0
11 7 0 8 0 27 9 0 13 0
10 4 1 0 0 0 13 0 0 0
10 9 0 6 0 19 8 0 9 0
12 9 0 7 0 22 6 0 9 0
31 18 2 0 5 0 13 2 0 0
35 14 0 3 0 8 9 0 3 0
35 18 2 0 5 0 13 1 0 0
35 23 2 0 5 0 13 2 0 0
35 31 2 0 5 0 13 1 0 0
20 17 3 0 10 0 13 4 0 0
24 20 3 0 10 0 13 4 0 0
24 17 3 0 10 0 13 4 0 0
25 20 3 0 10 0 13 3 0 0
25 17 3 2 10 3 17 2 1 1
30 20 3 0 10 0 13 1 0 0
30 24 3 0 10 0 13 1 0 0
30 25 3 0 10 0 13 4 0 0
30 17 3 0 10 0 13 2 0 0
33 2 4 0 15 0 11 3 0 0
33 19 4 0 15 0 11 6 0 0
19 2 4 0 15 0 11 3 0 0
21 13 5 0 18 0 12 5 0 0
22 21 5 0 18 0 12 5 0 0
22 13 5 0 18 0 12 8 0 0
28 21 5 0 18 0 12 5 0 0
28 13 5 0 18 0 12 8 0 0
28 22 5 0 18 0 12 8 0 0
32 15 6 0 22 0 10 7 0 0
29 16 7 0 24 0 11 9 0 0
34 16 7 0 24 0 11 9 0 0
34 29 7 0 24 0 11 12 0 0
####
0 27 27 9 8 0 20
14 30 0 10 1 3 8
12 31 0 10 1 1 6
0 10 0 13 1 0 20
11 14 5 13 2 0 10
19 22 0 7 1 7 2
5 23 5 13 2 0 14
1 33 15 11 4 0 17
5 30 10 13 3 0 14
6 25 10 13 3 0 6
32 16 0 5 1 11 2
0 4 0 13 1 0 20
3 16 24 11 7 0 5
35 17 0 10 1 3 4
6 15 22 10 6 0 6
10 35 0 10 1 1 13
12 21 13 9 4 1 6
9 32 17 7 5 1 15
17 19 0 8 1 5 3
9 14 0 10 1 1 15
19 28 0 7 1 7 2
15 34 0 5 1 11 2
9 20 5 10 2 1 15
13 15 0 6 1 10 3
23 20 0 10 1 3 7
12 18 0 10 1 1 6
11 26 0 13 1 0 10
15 29 0 5 1 11 2
3 19 15 11 4 0 5
10 23 0 10 1 1 13
23 24 0 10 1 3 7
25 28 3 9 2 5 1
7 9 0 13 1 0 19
1 35 5 13 2 0 17
21 32 0 6 1 10 3
1 12 0 13 1 0 17
8 22 18 12 5 0 1
14 25 0 10 1 3 8
30 2 0 8 1 5 5
20 33 0 8 1 6 5
2 21 0 7 1 7 4
33 13 0 7 1 8 4
16 27 0 4 1 13 1
6 13 18 12 5 0 6
7 17 10 13 3 0 19
0 2 15 11 4 0 20
