1 0 4 0 4 0 11 0
1 0 3 0 5 0 18 0
1 0 2 0 2 0 11 0
2 1 1 0 2 1 3 0
1 0 3 0 6 0 21 0
1 0 2 0 3 0 14 0
1 0 2 0 2 0 5 0
9 2 1 2 1 12 7 0
2 1 2 0 3 1 16 0
2 1 3 0 2 1 6 0
3 2 2 2 1 4 2 0
10 2 1 4 2 13 6 0
4 2 1 2 0 5 1 0
3 2 1 1 2 3 14 0
6 2 1 2 1 8 10 0
4 2 2 2 1 5 13 0
7 2 1 2 2 9 9 0
4 1 0 2 0 4 0 1
11 2 2 2 2 14 5 0
12 2 2 2 1 15 3 0
2 1 0 0 0 1 0 1
3 1 0 1 0 2 0 1
5 2 1 2 1 6 11 0
8 2 2 2 2 10 8 0
13 2 1 4 0 18 1 0
3 2 2 1 1 3 3 0
13 2 0 4 0 20 0 0
3 1 0 1 0 2 0 1
14 2 0 4 0 19 0 0
12 1 0 2 0 15 0 1
5 2 0 2 0 7 0 0
####
1 0 0 13 0 24 7 0 20 0
2 0 0 13 0 24 7 0 15 0
2 1 0 13 0 24 7 0 21 0
4 0 0 13 0 24 7 0 18 0
4 1 0 13 0 24 7 0 24 0
4 2 0 13 0 24 7 0 19 0
5 0 0 13 0 24 7 0 17 0
5 1 0 13 0 24 7 0 23 0
5 2 0 13 0 24 7 0 18 0
5 4 0 13 0 24 7 0 21 0
6 0 0 12 0 22 8 0 6 0
6 1 0 12 0 22 8 0 14 0
6 2 0 12 0 22 8 0 9 0
6 4 0 12 0 22 8 0 15 0
6 5 0 12 0 22 8 0 11 0
8 3 0 12 0 20 5 0 14 0
9 8 0 11 0 18 6 0 12 0
20 3 1 0 0 0 10 0 0 0
13 10 2 11 4 15 12 2 11 1
21 13 2 0 4 0 11 1 0 0
25 13 2 10 4 13 13 1 10 1
25 21 2 0 4 0 11 2 0 0
27 13 2 0 4 0 11 1 0 0
27 21 2 0 4 0 11 2 0 0
27 25 2 0 4 0 11 2 0 0
15 12 3 9 9 10 11 2 8 1
17 15 3 0 9 0 9 3 0 0
17 12 3 0 9 0 9 4 0 0
30 22 4 0 12 0 8 6 0 0
29 19 11 0 20 0 8 6 0 0
26 24 12 0 22 0 8 10 0 0
####
8 13 0 9 1 1 16
0 20 0 10 1 0 11
19 26 0 4 1 15 3
0 7 17 7 8 0 11
25 12 0 8 1 3 3
18 19 0 3 1 14 5
7 11 0 2 1 12 7
0 3 0 10 1 0 11
23 7 0 2 1 10 8
9 25 0 9 1 1 6
4 9 0 10 1 0 21
9 21 0 9 1 1 6
3 10 0 9 1 1 3
15 30 0 5 1 5 13
23 11 1 2 2 10 8
8 10 0 9 1 1 16
22 14 0 3 1 6 11
4 13 4 11 2 0 21
4 23 16 7 7 0 21
6 25 4 11 2 0 5
5 22 12 8 4 0 14
11 18 0 2 1 13 6
2 16 15 7 6 0 11
15 22 0 5 1 5 13
24 28 0 3 1 18 1
13 15 0 8 1 3 14
16 23 0 2 1 9 9
6 30 12 8 4 0 5
19 24 0 4 1 15 3
10 24 13 7 10 4 2
5 15 9 9 3 0 14
2 14 14 7 5 0 11
10 28 15 6 11 4 2
9 27 0 9 1 1 6
25 17 0 8 1 3 3
1 12 9 9 3 0 18
14 16 0 2 1 8 10
12 26 10 5 9 5 1
0 19 20 8 11 0 11
1 18 19 7 10 0 18
1 8 0 10 1 0 18
18 29 0 3 1 14 5
