1 0 3 0 5 0 11 0
1 0 1 0 0 0 1 0
1 0 1 0 1 0 3 0
1 0 2 0 1 0 8 0
1 0 2 0 3 0 5 0
2 1 2 0 2 1 4 0
1 0 3 0 4 0 14 0
1 0 3 0 1 0 4 0
2 1 0 0 0 1 0 1
3 2 1 1 0 3 1 0
3 2 1 2 1 3 2 0
2 1 1 0 1 1 2 0
2 2 1 0 1 2 6 0
3 2 1 2 2 4 5 0
6 2 0 2 0 10 0 0
3 1 0 2 0 3 0 1
2 2 2 0 1 2 4 0
4 2 1 3 0 6 1 0
4 2 2 2 2 5 4 0
4 2 0 2 0 5 0 0
5 2 1 3 0 8 1 0
6 1 0 2 0 8 0 1
2 1 0 0 0 1 0 1
5 1 0 2 0 7 0 1
5 2 1 2 0 7 1 0
####
1 0 0 5 0 16 9 0 3 0
2 0 0 5 0 16 9 0 5 0
2 1 0 5 0 16 9 0 2 0
3 0 0 5 0 16 9 0 7 0
3 1 0 5 0 16 9 0 4 0
3 2 0 5 0 16 9 0 6 0
4 0 0 4 0 13 10 0 5 0
6 0 0 5 0 16 9 0 7 0
6 1 0 5 0 16 9 0 4 0
6 2 0 5 0 16 9 0 6 0
6 3 0 5 0 16 9 0 8 0
6 4 0 4 0 13 10 0 6 0
7 0 0 5 0 16 9 0 4 0
7 3 0 5 0 16 9 0 5 0
7 6 0 5 0 16 9 0 5 0
12 11 0 4 0 10 8 0 4 0
16 5 0 3 0 7 9 0 3 0
16 12 1 0 0 0 13 0 0 0
22 8 1 0 0 0 13 0 0 0
13 9 2 0 6 0 11 1 0 0
13 10 2 0 6 0 11 2 0 0
10 9 2 0 6 0 11 1 0 0
15 9 2 0 6 0 11 1 0 0
15 13 2 0 6 0 11 2 0 0
15 10 2 0 6 0 11 2 0 0
18 17 3 0 10 0 10 2 0 0
19 17 3 0 10 0 10 3 0 0
19 18 3 0 10 0 10 3 0 0
23 20 4 0 13 0 10 4 0 0
24 20 4 0 13 0 10 4 0 0
24 23 4 0 13 0 10 4 0 0
21 14 5 0 16 0 9 6 0 0
####
5 9 0 10 1 1 4
6 9 6 11 2 0 14
10 17 0 7 1 3 2
16 10 0 10 1 2 4
12 13 0 10 1 2 6
7 24 13 10 4 0 4
1 14 16 9 5 0 1
16 15 0 10 1 2 4
17 23 0 6 1 6 1
18 20 0 6 1 5 4
4 10 6 11 2 0 5
5 17 4 9 2 1 4
18 24 0 6 1 5 4
0 18 10 10 3 0 11
4 16 0 13 1 0 5
0 5 0 13 1 0 11
3 19 10 10 3 0 8
6 12 0 13 1 0 14
7 22 0 13 1 0 4
20 14 0 5 1 8 1
7 8 0 13 1 0 4
3 12 0 13 1 0 8
2 11 0 13 1 0 3
0 13 6 11 2 0 11
11 20 7 9 3 1 2
13 18 0 7 1 4 5
9 19 0 7 1 3 1
24 21 0 5 1 7 1
6 16 0 13 1 0 14
