1 0 4 0 7 0 19 0
1 0 3 0 1 0 9 0
1 0 3 0 3 0 9 0
1 0 4 0 7 0 14 0
1 0 1 0 1 0 2 0
1 0 2 0 1 0 7 0
2 1 2 0 2 1 4 0
7 2 1 4 1 13 2 0
2 1 3 0 4 1 9 0
2 1 3 0 3 1 14 0
3 2 2 2 0 4 2 0
2 1 0 0 0 1 0 1
4 2 1 2 1 4 6 0
2 1 0 0 0 1 0 1
3 2 1 1 1 3 3 0
3 2 1 1 2 3 5 0
5 2 1 2 2 6 5 0
7 1 0 2 0 8 0 1
4 2 2 2 1 5 4 0
3 2 1 1 0 3 1 0
9 1 0 2 0 15 0 1
4 2 0 2 0 6 0 0
4 2 1 2 1 4 2 0
6 2 0 4 0 11 0 0
3 1 0 1 0 2 0 1
5 2 1 2 0 6 1 0
6 2 2 2 1 7 4 0
8 2 1 3 0 14 1 0
3 2 1 1 1 2 7 0
4 2 0 4 0 8 0 0
2 1 0 0 0 1 0 1
####
1 0 0 8 0 24 7 0 12 0
2 0 0 8 0 24 7 0 10 0
2 1 0 8 0 24 7 0 8 0
3 0 0 8 0 24 7 0 14 0
3 1 0 8 0 24 7 0 12 0
3 2 0 8 0 24 7 0 10 0
4 0 0 3 0 12 11 0 5 0
4 3 0 3 0 12 11 0 3 0
5 0 0 8 0 24 7 0 11 0
5 1 0 8 0 24 7 0 9 0
5 2 0 8 0 24 7 0 7 0
5 3 0 8 0 24 7 0 11 0
8 6 0 2 0 6 11 0 2 0
9 6 1 2 0 6 17 0 2 1
9 8 0 7 0 18 7 0 10 0
30 11 1 0 0 0 12 0 0 0
14 10 2 0 6 0 12 2 0 0
15 10 2 0 6 0 12 2 0 0
15 14 0 3 0 7 8 0 3 0
19 10 2 1 6 0 17 2 0 1
19 14 2 0 6 0 12 2 0 0
24 10 2 0 6 0 12 2 0 0
24 14 2 0 6 0 12 2 0 0
24 19 2 0 6 0 12 2 0 0
28 10 2 0 6 0 12 2 0 0
28 14 2 0 6 0 12 2 0 0
28 15 0 6 0 12 7 0 8 0
28 19 2 0 6 0 12 2 0 0
28 24 2 0 6 0 12 2 0 0
18 12 0 5 0 7 6 0 6 0
21 18 3 0 12 0 11 0 0 0
21 12 3 0 12 0 11 4 0 0
22 18 3 2 12 2 13 1 1 1
22 21 3 0 12 0 11 4 0 0
22 12 3 0 12 0 11 4 0 0
29 18 3 0 12 0 11 4 0 0
29 21 3 0 12 0 11 6 0 0
29 22 3 0 12 0 11 6 0 0
29 12 3 0 12 0 11 6 0 0
25 16 4 0 17 0 8 6 0 0
26 23 5 0 19 0 8 8 0 0
17 7 6 0 21 0 8 10 0 0
####
3 25 17 8 4 0 14
2 18 12 11 3 0 9
5 13 0 12 1 0 7
10 21 0 11 1 4 2
6 24 0 12 1 1 4
12 16 0 7 1 4 6
1 11 0 12 1 0 9
28 12 0 11 1 2 7
25 23 0 4 1 6 1
18 23 2 7 2 5 4
14 22 0 11 1 3 3
0 28 6 12 2 0 19
27 20 0 2 1 14 1
4 19 6 12 2 0 2
19 29 0 11 1 3 1
6 10 0 12 1 1 4
8 10 0 12 1 1 9
9 28 0 12 1 1 14
8 27 17 7 6 1 9
15 18 0 11 1 3 5
26 17 0 4 1 7 4
3 16 17 8 4 0 14
26 7 0 4 1 7 4
8 15 0 12 1 1 9
0 22 12 11 3 0 19
9 14 0 12 1 1 14
7 27 0 3 1 13 2
5 15 6 12 2 0 7
16 26 0 4 1 6 5
3 26 19 8 5 0 14
2 14 6 12 2 0 9
22 25 0 7 1 4 2
1 12 12 11 3 0 9
2 21 12 11 3 0 9
18 7 4 7 3 5 4
3 8 0 12 1 0 14
0 6 0 12 1 0 19
0 9 0 12 1 0 19
10 29 0 11 1 4 2
9 19 0 12 1 1 14
1 30 0 12 1 0 9
