1 0 3 0 2 0 6 0
1 0 3 0 3 0 10 0
1 0 3 0 2 0 8 0
8 2 1 2 1 14 2 0
3 2 1 1 1 3 7 0
1 0 2 0 3 0 9 0
1 0 2 0 3 0 14 0
5 2 1 2 1 6 5 0
2 1 2 0 3 1 8 0
3 2 2 1 1 3 6 0
1 0 3 0 3 0 12 0
2 2 1 0 1 2 2 0
4 1 0 2 0 4 0 1
9 2 1 4 0 16 1 0
6 2 1 4 1 11 4 0
3 2 1 2 0 4 1 0
10 2 0 2 0 17 0 0
4 2 0 2 0 6 0 0
2 1 2 0 2 1 10 0
3 2 1 1 1 3 2 0
3 2 1 1 0 3 1 0
7 2 1 2 1 13 3 0
4 1 0 2 0 4 0 1
2 1 0 0 0 1 0 1
4 2 1 2 1 5 6 0
####
1 0 0 9 0 18 7 0 11 0
2 0 0 9 0 18 7 0 11 0
2 1 0 9 0 18 7 0 14 0
5 0 0 9 0 18 7 0 9 0
5 1 0 9 0 18 7 0 12 0
5 2 0 9 0 18 7 0 12 0
6 0 0 9 0 18 7 0 12 0
6 1 0 9 0 18 7 0 15 0
6 2 0 9 0 18 7 0 15 0
6 5 0 9 0 18 7 0 13 0
10 0 0 9 0 18 7 0 10 0
10 1 0 9 0 18 7 0 13 0
10 2 0 9 0 18 7 0 13 0
10 5 0 9 0 18 7 0 11 0
10 6 0 9 0 18 7 0 14 0
18 8 0 8 0 14 5 0 13 0
18 11 1 0 0 0 10 0 0 0
23 8 1 0 0 0 10 0 0 0
9 4 0 7 0 9 6 0 10 0
15 9 2 0 4 0 11 0 0 0
15 4 2 0 4 0 11 2 0 0
19 9 2 7 4 9 12 2 5 1
19 4 0 7 0 9 6 0 7 0
20 15 2 0 4 0 11 1 0 0
20 4 2 0 4 0 11 2 0 0
17 12 3 0 9 0 10 2 0 0
22 17 3 0 9 0 10 3 0 0
24 17 3 0 9 0 10 4 0 0
24 22 3 0 9 0 10 4 0 0
####
5 9 4 11 2 0 9
1 3 16 7 7 0 10
10 11 0 10 1 0 12
18 4 0 9 1 1 10
8 9 0 9 1 1 8
8 19 0 9 1 1 8
0 21 15 7 6 0 6
13 16 0 2 1 16 1
0 17 9 10 3 0 6
4 24 0 9 1 3 7
18 20 0 9 1 1 10
2 16 18 7 9 0 8
7 14 0 2 1 6 5
6 18 0 10 1 0 14
9 14 5 6 3 3 6
20 22 0 9 1 3 1
3 13 0 2 1 14 2
6 11 0 10 1 0 14
1 23 0 10 1 0 10
10 24 9 10 3 0 12
5 15 4 11 2 0 9
19 13 8 6 6 3 2
15 17 0 9 1 4 1
2 7 13 7 4 0 8
24 7 0 5 1 5 6
0 19 4 11 2 0 6
21 3 0 2 1 13 3
1 8 0 10 1 0 10
10 20 4 11 2 0 12
14 21 0 2 1 11 4
11 15 0 9 1 2 2
2 4 4 11 2 0 8
9 12 0 9 1 3 6
