1 0 3 0 3 0 19 0
1 0 4 0 2 0 10 0
1 0 4 0 6 0 16 0
1 0 3 0 5 0 11 0
1 0 2 0 3 0 10 0
1 0 3 0 5 0 16 0
2 1 2 0 3 1 12 0
3 1 2 1 1 2 11 0
1 0 4 0 3 0 19 0
2 1 2 0 1 1 8 0
7 2 1 3 1 10 6 0
3 2 1 2 2 4 3 0
7 2 0 3 0 12 0 0
1 0 3 0 3 0 20 0
5 2 1 3 2 7 8 0
2 2 1 0 1 2 10 0
8 2 1 4 2 19 5 0
2 1 1 0 1 1 15 0
3 2 1 2 2 4 5 0
3 2 1 1 2 3 14 0
2 1 0 0 0 1 0 1
4 2 2 2 3 5 13 0
3 2 0 1 0 3 0 0
5 2 2 2 1 7 4 0
5 2 1 2 1 6 8 0
11 1 0 2 0 25 0 1
4 2 2 2 1 5 4 0
5 2 1 2 1 6 2 0
6 2 1 2 1 8 2 0
9 2 2 2 2 20 4 0
11 1 0 2 0 25 0 1
10 2 2 4 0 24 2 0
7 2 0 4 0 15 0 0
6 2 1 2 1 7 7 0
2 2 2 0 2 2 10 0
7 2 1 2 0 10 1 0
2 1 0 0 0 1 0 1
4 2 1 3 1 6 9 0
2 1 0 0 0 1 0 1
10 2 0 4 0 25 0 0
6 2 2 2 1 9 7 0
2 1 0 0 0 1 0 1
5 1 0 2 0 6 0 1
6 2 1 2 0 8 1 0
####
1 0 0 9 0 32 10 0 15 0
2 0 0 10 0 34 10 0 20 0
2 1 0 9 0 32 10 0 11 0
3 0 0 10 0 34 10 0 15 0
3 1 0 6 0 26 12 0 9 0
3 2 0 10 0 34 10 0 11 0
4 0 0 10 0 34 10 0 18 0
4 1 0 9 0 32 10 0 5 0
4 2 0 10 0 34 10 0 14 0
4 3 0 10 0 34 10 0 9 0
5 0 0 10 0 34 10 0 20 0
5 1 0 9 0 32 10 0 11 0
5 2 0 10 0 34 10 0 16 0
5 3 0 10 0 34 10 0 11 0
5 4 0 10 0 34 10 0 14 0
8 0 0 10 0 34 10 0 21 0
8 1 0 9 0 32 10 0 12 0
8 2 0 10 0 34 10 0 17 0
8 3 0 10 0 34 10 0 12 0
8 4 0 10 0 34 10 0 15 0
8 5 0 10 0 34 10 0 17 0
13 0 0 10 0 34 10 0 21 0
13 1 0 9 0 32 10 0 7 0
13 2 0 10 0 34 10 0 17 0
13 3 0 10 0 34 10 0 12 0
13 4 0 10 0 34 10 0 15 0
13 5 0 10 0 34 10 0 17 0
13 8 0 10 0 34 10 0 18 0
9 6 0 9 0 25 11 0 11 0
15 6 0 9 0 25 11 0 13 0
15 9 0 9 0 25 11 0 10 0
17 6 0 9 0 25 11 0 15 0
17 9 0 9 0 25 11 0 12 0
17 15 0 9 0 25 11 0 14 0
20 17 1 0 0 0 17 0 0 0
34 6 0 9 0 25 11 0 9 0
34 9 0 9 0 25 11 0 6 0
34 15 1 9 0 25 19 0 8 1
34 17 0 9 0 25 11 0 10 0
41 38 1 0 0 0 17 0 0 0
19 7 0 8 0 20 7 0 13 0
19 11 0 8 0 20 7 0 8 0
22 11 2 0 9 0 13 1 0 0
22 18 2 0 9 0 13 1 0 0
11 7 0 8 0 20 7 0 7 0
18 7 0 4 0 12 9 0 3 0
18 11 2 0 9 0 13 2 0 0
37 21 3 7 14 17 13 2 11 1
37 26 3 0 14 0 11 3 0 0
23 14 4 5 17 10 15 4 5 1
24 23 4 5 17 10 15 4 6 1
24 14 4 6 17 12 15 4 9 1
27 14 4 0 17 0 13 5 0 0
42 27 4 0 17 0 13 4 0 0
42 14 4 0 17 0 13 5 0 0
33 28 5 4 22 6 14 6 4 1
40 28 5 4 22 6 14 6 3 1
40 33 5 5 22 8 14 6 7 1
43 28 5 0 22 0 12 4 0 0
43 33 5 0 22 0 12 4 0 0
43 40 5 0 22 0 12 7 0 0
35 10 6 3 26 2 14 8 2 1
35 32 6 0 26 0 12 11 0 0
35 12 6 0 26 0 12 4 0 0
32 10 6 0 26 0 12 11 0 0
32 12 6 0 26 0 12 8 0 0
12 10 6 0 26 0 12 6 0 0
39 31 9 0 32 0 10 25 0 0
30 25 10 0 34 0 10 24 0 0
####
13 22 9 13 2 0 20
2 29 31 9 8 0 16
7 12 12 9 4 2 11
5 6 0 17 1 0 16
40 32 0 8 1 9 7
34 11 0 14 1 2 10
9 22 0 14 1 1 8
18 26 0 8 1 4 5
37 14 0 8 1 6 9
23 32 4 9 2 7 4
24 33 0 9 1 6 8
31 30 0 4 1 24 2
5 23 17 13 4 0 16
6 14 8 14 3 1 12
3 34 0 17 1 0 11
29 39 0 3 1 20 4
4 9 0 17 1 0 10
6 7 0 14 1 1 12
0 15 0 17 1 0 19
34 18 0 14 1 2 10
11 31 18 7 7 4 3
29 31 0 3 1 20 4
0 24 17 13 4 0 19
16 29 0 2 1 19 5
28 35 0 8 1 8 2
8 20 0 17 1 0 19
7 37 0 8 1 2 11
1 41 0 17 1 0 10
31 25 0 4 1 24 2
3 27 17 13 4 0 11
19 21 0 8 1 3 14
17 19 0 14 1 1 15
8 33 22 12 5 0 19
21 23 0 8 1 5 13
13 15 0 17 1 0 20
9 10 17 13 5 1 8
26 42 0 8 1 5 4
8 17 0 17 1 0 19
33 10 0 8 1 7 7
5 28 22 12 5 0 16
3 26 14 11 3 0 11
35 39 2 6 3 10 1
2 36 0 17 1 0 16
4 11 9 13 2 0 10
40 16 4 5 2 9 7
14 40 0 9 1 7 8
1 35 26 12 6 0 10
26 27 0 8 1 5 4
13 34 0 17 1 0 20
23 28 0 9 1 7 4
2 40 22 12 5 0 16
0 19 9 13 2 0 19
8 43 22 12 5 0 19
10 16 0 5 1 10 6
2 21 14 11 3 0 16
1 18 9 13 2 0 10
1 38 0 17 1 0 10
27 43 0 9 1 6 2
15 37 5 12 2 2 10
43 12 0 8 1 8 1
21 24 0 8 1 5 13
