1 0 2 0 3 0 13 0
1 0 3 0 2 0 10 0
1 0 2 0 2 0 13 0
1 0 4 0 5 0 8 0
1 0 2 0 3 0 16 0
1 0 4 0 4 0 15 0
2 1 2 0 3 1 15 0
2 1 0 0 0 1 0 1
8 2 1 2 2 12 5 0
9 2 2 2 1 13 4 0
2 1 2 0 1 1 3 0
3 2 1 1 0 3 1 0
5 2 1 2 1 7 8 0
6 2 1 2 1 9 7 0
3 1 0 1 0 2 0 1
3 2 2 1 1 3 3 0
10 2 1 2 1 14 2 0
4 2 1 2 0 5 1 0
12 1 0 2 0 16 0 1
3 2 1 1 1 3 10 0
5 2 0 3 0 8 0 0
4 1 0 2 0 4 0 1
7 2 1 2 1 10 6 0
4 2 1 2 1 5 9 0
11 2 1 2 0 15 1 0
10 2 0 2 0 14 0 0
4 2 1 2 0 5 1 0
####
1 0 0 11 0 20 7 0 15 0
2 0 0 11 0 20 7 0 16 0
2 1 0 11 0 20 7 0 17 0
3 0 0 11 0 20 7 0 11 0
3 1 0 11 0 20 7 0 12 0
3 2 0 11 0 20 7 0 13 0
4 0 0 11 0 20 7 0 17 0
4 1 0 11 0 20 7 0 18 0
4 2 0 11 0 20 7 0 19 0
4 3 0 11 0 20 7 0 14 0
5 0 0 11 0 20 7 0 13 0
5 1 0 11 0 20 7 0 14 0
5 2 0 11 0 20 7 0 15 0
5 3 0 11 0 20 7 0 10 0
5 4 0 11 0 20 7 0 16 0
14 11 2 0 3 0 10 2 0 0
15 11 2 0 3 0 10 0 0 0
19 15 2 0 3 0 10 2 0 0
21 17 3 0 7 0 10 2 0 0
23 17 3 0 7 0 10 4 0 0
26 17 3 1 7 0 12 4 0 1
26 21 3 0 7 0 10 2 0 0
26 23 3 0 7 0 10 1 0 0
20 12 4 0 11 0 8 3 0 0
25 16 9 0 17 0 8 10 0 0
####
13 22 0 2 1 9 7
10 11 0 7 1 1 3
5 13 13 7 5 0 15
17 20 0 6 1 5 1
8 9 0 2 1 12 5
0 10 0 9 1 0 13
23 12 0 6 1 5 9
3 17 7 10 3 0 8
16 24 0 3 1 14 2
9 25 0 3 1 13 4
15 26 0 8 1 3 3
2 26 7 10 3 0 13
2 19 3 10 2 0 13
26 20 0 6 1 5 1
1 25 17 8 9 0 10
24 18 0 2 1 15 1
12 13 0 3 1 7 8
4 24 19 7 10 0 16
3 16 17 8 9 0 8
6 15 0 7 1 1 15
5 11 3 10 2 0 15
1 23 7 10 3 0 10
0 12 11 8 4 0 13
9 16 0 3 1 13 4
3 9 16 7 8 0 8
5 15 3 10 2 0 15
11 21 0 8 1 3 1
15 17 0 8 1 3 3
6 19 0 7 1 1 15
1 22 14 7 6 0 10
4 6 0 9 1 0 16
5 7 0 9 1 0 15
3 8 15 7 7 0 8
10 14 0 7 1 1 3
22 8 0 2 1 10 6
19 23 0 8 1 3 10
