7 1 2 2 3 9 6 0
1 0 3 0 4 0 15 0
1 0 2 0 1 0 9 0
1 0 3 0 3 0 8 0
5 2 1 2 0 6 1 0
1 0 3 0 4 0 20 0
1 0 2 0 4 0 13 0
1 0 3 0 1 0 10 0
9 2 1 2 1 12 2 0
2 1 3 0 4 1 12 0
3 2 2 1 2 3 4 0
6 1 0 2 0 7 0 1
2 1 2 0 4 1 13 0
3 2 2 1 2 3 12 0
5 1 0 2 0 6 0 1
10 2 1 3 0 16 1 0
4 2 1 2 1 4 9 0
9 2 1 3 0 11 1 0
10 1 0 2 0 12 0 1
5 2 1 2 1 6 8 0
4 2 1 4 0 8 1 0
3 2 2 1 2 3 5 0
4 2 1 2 0 5 1 0
3 2 0 1 0 3 0 0
2 1 0 0 0 1 0 1
6 2 1 2 2 8 7 0
8 2 2 2 2 10 5 0
11 2 0 2 0 17 0 0
5 2 0 2 0 9 0 0
4 2 1 2 1 4 2 0
####
2 1 0 10 0 23 7 0 13 0
3 1 0 10 0 23 7 0 11 0
3 2 0 10 0 23 7 0 8 0
5 1 0 10 0 23 7 0 17 0
5 2 0 10 0 23 7 0 14 0
5 3 0 10 0 23 7 0 12 0
6 1 0 10 0 23 7 0 11 0
6 2 0 10 0 23 7 0 8 0
6 3 0 10 0 23 7 0 6 0
6 5 0 10 0 23 7 0 12 0
7 1 0 10 0 23 7 0 14 0
7 2 0 10 0 23 7 0 11 0
7 3 0 10 0 23 7 0 9 0
7 5 0 10 0 23 7 0 15 0
7 6 0 10 0 23 7 0 9 0
12 9 0 9 0 20 4 0 10 0
13 10 0 8 0 16 5 0 8 0
21 10 2 0 3 0 10 2 0 0
21 13 2 0 3 0 10 1 0 0
23 10 2 0 3 0 10 2 0 0
23 21 2 0 3 0 10 2 0 0
20 16 3 0 7 0 10 2 0 0
22 16 3 0 7 0 10 3 0 0
22 20 3 0 7 0 10 1 0 0
29 16 3 0 7 0 10 3 0 0
29 20 3 0 7 0 10 3 0 0
29 22 3 0 7 0 10 2 0 0
19 14 4 0 11 0 10 5 0 0
19 4 4 0 11 0 10 2 0 0
14 4 4 0 11 0 10 4 0 0
28 19 4 0 11 0 10 4 0 0
28 14 4 0 11 0 10 3 0 0
28 4 4 0 11 0 10 2 0 0
25 11 5 0 15 0 8 4 0 0
17 8 8 0 19 0 8 12 0 0
18 15 9 0 21 0 8 14 0 0
####
15 27 0 3 1 16 1
6 9 0 9 1 0 13
10 15 14 6 7 3 4
29 4 0 8 1 4 2
6 29 7 10 3 0 13
12 13 0 7 1 1 13
9 21 0 7 1 1 12
1 16 7 10 3 0 15
3 10 3 10 2 0 8
7 24 0 9 1 0 10
5 12 0 9 1 0 20
13 16 0 8 1 3 12
22 14 0 8 1 5 1
2 23 3 10 2 0 9
7 19 11 10 4 0 10
26 8 0 3 1 10 5
19 25 0 6 1 6 8
25 0 0 3 1 8 7
0 17 1 3 2 9 6
26 17 0 3 1 10 5
13 20 0 8 1 3 12
8 15 0 4 1 12 2
7 27 23 7 10 0 10
1 13 3 10 2 0 15
1 4 11 10 4 0 15
9 10 0 7 1 1 12
5 21 3 10 2 0 20
5 28 11 10 4 0 20
16 19 0 8 1 4 9
4 11 0 6 1 6 1
17 18 0 4 1 11 1
0 26 0 2 1 9 6
3 22 7 10 3 0 8
21 22 0 8 1 3 5
12 26 15 4 6 1 13
21 29 0 8 1 3 5
9 23 0 7 1 1 12
3 8 19 8 8 0 8
20 28 0 8 1 8 1
10 20 0 8 1 3 4
2 25 15 8 5 0 9
