1 0 4 0 4 0 14 0
7 1 0 2 0 13 0 1
1 0 4 0 3 0 11 0
1 0 3 0 3 0 6 0
1 0 3 0 3 0 6 0
1 0 4 0 6 0 18 0
1 0 2 0 3 0 13 0
4 2 1 2 1 5 2 0
2 1 1 0 0 1 1 0
2 2 2 0 2 2 7 0
2 1 3 0 3 1 9 0
4 2 1 2 1 6 2 0
3 2 1 1 1 3 2 0
3 2 1 2 1 4 2 0
2 1 0 0 0 1 0 1
3 2 2 1 1 3 5 0
2 2 1 0 1 2 4 0
5 2 1 2 1 7 2 0
3 2 1 2 1 4 3 0
3 2 1 2 1 4 3 0
2 1 0 0 0 1 0 1
4 2 1 2 1 5 3 0
6 2 1 4 0 12 1 0
4 1 0 2 0 4 0 1
4 2 1 2 0 4 1 0
5 2 1 2 0 8 1 0
4 2 1 2 0 5 1 0
6 1 0 2 0 9 0 1
5 2 0 2 0 5 0 0
5 2 0 3 0 8 0 0
####
2 0 0 6 0 23 7 0 6 0
3 0 0 6 0 23 7 0 9 0
3 2 0 6 0 23 7 0 7 0
4 0 0 5 0 21 8 0 5 0
4 2 0 5 0 21 8 0 6 0
5 0 0 6 0 23 7 0 12 0
5 2 0 6 0 23 7 0 10 0
5 3 0 6 0 23 7 0 13 0
5 4 0 5 0 21 8 0 3 0
6 0 0 6 0 23 7 0 8 0
6 2 0 6 0 23 7 0 6 0
6 3 0 6 0 23 7 0 9 0
6 4 0 5 0 21 8 0 6 0
6 5 0 6 0 23 7 0 12 0
9 8 0 3 0 11 10 0 2 0
10 9 1 5 0 17 13 0 7 1
14 8 1 0 0 0 12 0 0 0
16 8 1 0 0 0 12 0 0 0
16 9 1 0 0 0 12 0 0 0
16 14 1 0 0 0 12 0 0 0
13 12 2 0 6 0 11 2 0 0
15 12 2 0 6 0 11 0 0 0
15 13 2 0 6 0 11 2 0 0
18 12 2 0 6 0 11 0 0 0
18 13 2 0 6 0 11 2 0 0
18 15 2 0 6 0 11 0 0 0
19 12 2 0 6 0 11 2 0 0
19 13 2 0 6 0 11 2 0 0
19 15 2 4 6 12 12 2 5 1
19 18 2 0 6 0 11 2 0 0
11 7 3 0 11 0 12 4 0 0
21 11 3 0 11 0 12 2 0 0
21 7 3 3 11 6 13 1 3 1
23 11 3 0 11 0 12 2 0 0
23 7 3 0 11 0 12 4 0 0
23 21 3 0 11 0 12 2 0 0
24 11 3 0 11 0 12 2 0 0
24 7 3 0 11 0 12 4 0 0
24 21 3 0 11 0 12 2 0 0
24 23 3 0 11 0 12 2 0 0
26 11 3 0 11 0 12 1 0 0
26 7 3 0 11 0 12 4 0 0
26 21 3 0 11 0 12 4 0 0
26 23 3 0 11 0 12 4 0 0
26 24 3 0 11 0 12 4 0 0
25 17 4 0 17 0 10 4 0 0
28 17 4 0 17 0 10 4 0 0
28 25 4 0 17 0 10 4 0 0
29 17 4 0 17 0 10 1 0 0
29 25 4 0 17 0 10 4 0 0
29 28 4 0 17 0 10 6 0 0
27 22 5 0 21 0 8 6 0 0
####
5 9 0 12 1 0 18
6 9 0 12 1 0 13
0 20 0 12 1 0 14
2 8 0 12 1 0 11
13 26 0 11 1 4 2
3 21 11 12 3 0 6
10 15 0 11 1 1 9
25 27 0 6 1 8 1
3 7 11 12 3 0 6
15 23 0 11 1 3 5
0 15 6 11 2 0 14
19 7 0 11 1 4 3
26 29 0 10 1 5 1
10 12 0 11 1 1 9
12 24 0 11 1 3 2
4 13 6 11 2 0 6
5 25 17 10 4 0 18
8 29 11 10 3 1 1
16 18 0 11 1 2 4
11 25 0 10 1 6 2
2 16 0 12 1 0 11
24 28 0 10 1 4 1
0 18 6 11 2 0 14
5 24 11 12 3 0 18
0 12 6 11 2 0 14
17 22 0 6 1 7 2
3 19 6 11 2 0 6
7 22 4 8 2 5 2
2 14 0 12 1 0 11
10 28 11 10 3 1 9
4 11 11 12 3 0 6
2 17 17 10 4 0 11
9 13 0 11 1 2 7
5 10 0 12 1 0 18
15 21 0 11 1 3 5
4 26 11 12 3 0 6
21 17 0 10 1 5 3
22 1 0 3 1 12 1
9 19 0 11 1 2 7
18 11 0 11 1 4 3
6 16 0 12 1 0 13
