1 0 2 0 1 0 3 0
1 0 3 0 3 0 10 0
1 0 2 0 1 0 3 0
1 0 2 0 3 0 12 0
1 0 3 0 4 0 7 0
1 0 4 0 3 0 8 0
4 2 1 2 1 5 2 0
5 2 1 4 0 6 1 0
6 2 1 2 0 8 1 0
1 0 2 0 2 0 11 0
2 1 2 0 2 1 9 0
3 2 1 1 1 3 2 0
2 1 2 0 3 1 6 0
2 1 2 0 1 1 3 0
3 2 1 1 1 3 5 0
3 2 1 1 0 3 1 0
3 2 1 1 0 3 1 0
6 1 0 2 0 7 0 1
2 1 0 0 0 1 0 1
6 2 0 4 0 11 0 0
2 1 0 0 0 1 0 1
4 2 1 2 2 5 4 0
4 2 1 2 0 5 1 0
2 1 0 0 0 1 0 1
5 2 0 2 0 6 0 0
2 1 0 0 0 1 0 1
5 2 2 2 1 7 3 0
3 2 2 1 2 3 3 0
7 2 0 2 0 10 0 0
4 1 0 2 0 4 0 1
####
1 0 0 5 0 19 10 0 3 0
3 0 0 5 0 19 10 0 6 0
3 1 0 6 0 22 8 0 7 0
4 0 0 5 0 19 10 0 2 0
4 1 0 6 0 22 8 0 6 0
4 3 0 6 0 22 8 0 7 0
5 1 0 5 0 19 10 0 5 0
5 2 0 4 0 16 10 0 3 0
5 3 0 5 0 19 10 0 6 0
5 4 0 3 0 12 11 0 3 0
9 0 0 5 0 19 10 0 5 0
9 1 0 6 0 22 8 0 8 0
9 2 0 4 0 16 10 0 4 0
9 3 0 6 0 22 8 0 9 0
9 4 0 6 0 22 8 0 8 0
9 5 0 4 0 16 10 0 5 0
12 10 0 4 0 12 10 0 4 0
13 10 0 5 0 15 8 0 4 0
20 10 1 0 0 0 14 0 0 0
14 11 2 0 7 0 12 2 0 0
15 11 2 0 7 0 12 0 0 0
16 14 2 3 7 7 15 1 2 1
27 14 2 0 7 0 12 1 0 0
27 16 2 0 7 0 12 2 0 0
21 6 3 0 12 0 11 1 0 0
22 21 3 0 12 0 11 4 0 0
22 6 3 0 12 0 11 1 0 0
29 22 3 0 12 0 11 2 0 0
29 6 3 0 12 0 11 1 0 0
24 7 4 0 16 0 10 3 0 0
26 24 4 0 16 0 10 6 0 0
26 7 4 0 16 0 10 3 0 0
19 8 5 0 19 0 10 4 0 0
19 17 5 0 19 0 10 5 0 0
17 8 5 0 19 0 10 5 0 0
####
1 21 12 11 3 0 10
10 11 0 12 1 1 9
12 27 0 12 1 1 6
4 8 19 10 5 0 7
5 6 12 11 3 0 8
27 6 0 9 1 3 3
0 16 7 12 2 0 3
2 22 12 11 3 0 3
12 16 0 12 1 1 6
8 28 0 4 1 8 1
3 14 7 12 2 0 12
6 7 0 7 1 5 2
11 22 0 9 1 3 2
2 23 0 14 1 0 3
26 8 0 6 1 7 3
4 13 0 14 1 0 7
21 26 0 7 1 5 4
22 24 0 7 1 5 1
9 20 0 14 1 0 11
5 11 7 12 2 0 8
0 25 0 14 1 0 3
13 15 0 12 1 1 3
5 24 16 10 4 0 8
9 10 0 14 1 0 11
13 28 15 8 5 1 3
15 29 0 9 1 3 1
5 15 7 12 2 0 8
16 19 7 8 3 3 1
3 12 0 14 1 0 12
1 27 7 12 2 0 10
1 18 0 14 1 0 10
27 7 4 8 2 3 3
4 26 16 10 4 0 7
10 14 0 12 1 1 9
14 21 0 9 1 3 5
7 17 0 6 1 6 1
26 19 0 6 1 7 3
