1 0 3 0 1 0 5 0
1 0 4 0 6 0 20 0
1 0 2 0 3 0 8 0
1 0 1 0 1 0 6 0
2 1 1 0 1 1 4 0
1 0 2 0 2 0 6 0
5 2 1 2 1 8 2 0
5 2 1 2 1 7 2 0
1 0 4 0 3 0 11 0
1 0 3 0 3 0 17 0
2 1 3 0 2 1 9 0
2 2 2 0 2 2 9 0
2 2 1 0 1 2 5 0
7 2 0 2 0 10 0 0
3 1 0 1 0 2 0 1
3 1 0 2 0 3 0 1
6 2 1 2 1 11 2 0
4 2 1 4 1 7 4 0
2 2 0 0 0 2 0 0
6 2 1 3 0 9 1 0
7 2 1 2 0 12 1 0
3 2 2 2 3 4 7 0
5 2 1 3 1 9 3 0
2 1 0 0 0 1 0 1
3 2 1 1 1 3 5 0
6 2 1 4 0 9 1 0
2 1 0 0 0 1 0 1
4 2 2 2 2 6 6 0
8 1 0 2 0 13 0 1
7 2 0 2 0 11 0 0
####
1 0 0 6 0 19 10 0 6 0
2 0 0 6 0 19 10 0 4 0
2 1 0 6 0 19 10 0 10 0
3 1 0 7 0 22 8 0 12 0
5 1 0 7 0 22 8 0 12 0
5 3 0 7 0 22 8 0 10 0
8 0 0 6 0 19 10 0 3 0
8 1 0 7 0 22 8 0 9 0
8 2 0 6 0 19 10 0 7 0
8 3 0 7 0 22 8 0 7 0
8 5 0 7 0 22 8 0 7 0
9 0 0 6 0 19 10 0 5 0
9 1 0 7 0 22 8 0 12 0
9 2 0 6 0 19 10 0 9 0
9 3 0 7 0 22 8 0 10 0
9 5 0 7 0 22 8 0 10 0
9 8 0 7 0 22 8 0 7 0
10 4 1 6 0 15 15 0 8 1
11 4 1 0 0 0 14 0 0 0
11 10 1 5 0 12 17 0 5 1
12 4 0 6 0 15 8 0 7 0
12 10 0 6 0 15 8 0 9 0
12 11 1 0 0 0 14 0 0 0
18 11 1 0 0 0 14 0 0 0
18 12 1 0 0 0 14 0 0 0
23 4 1 0 0 0 14 0 0 0
23 10 1 0 0 0 14 0 0 0
23 11 1 0 0 0 14 0 0 0
15 14 2 0 7 0 11 2 0 0
21 14 2 0 7 0 11 2 0 0
21 15 2 0 7 0 11 2 0 0
24 14 2 0 7 0 11 2 0 0
24 15 2 0 7 0 11 2 0 0
24 21 2 0 7 0 11 2 0 0
27 17 3 0 11 0 9 4 0 0
22 6 4 0 13 0 10 7 0 0
22 7 4 0 13 0 10 7 0 0
7 6 4 0 13 0 10 6 0 0
19 16 5 0 16 0 10 10 0 0
25 16 5 0 16 0 10 9 0 0
25 19 5 0 16 0 10 9 0 0
20 13 6 0 19 0 10 11 0 0
29 20 6 0 19 0 10 12 0 0
29 13 6 0 19 0 10 2 0 0
####
8 13 19 10 6 0 11
24 17 0 6 1 3 5
27 6 0 5 1 6 6
4 22 6 10 3 1 4
9 18 0 14 1 0 17
1 11 0 14 1 0 20
3 24 7 11 2 0 6
19 29 0 6 1 9 1
21 27 0 6 1 4 7
5 12 0 14 1 0 6
22 16 0 6 1 9 3
7 19 0 6 1 7 2
6 25 0 6 1 8 2
9 11 0 14 1 0 17
12 17 4 9 2 2 5
1 10 0 14 1 0 20
8 16 16 10 5 0 11
0 29 19 10 6 0 5
1 23 0 14 1 0 20
10 19 9 10 4 1 9
0 18 0 14 1 0 5
1 4 0 14 1 0 20
10 24 0 11 1 1 9
17 22 0 5 1 7 4
11 21 0 11 1 2 9
8 26 0 14 1 0 11
2 7 13 10 4 0 8
21 25 5 7 3 4 7
2 21 7 11 2 0 8
25 13 0 6 1 9 1
5 20 19 10 6 0 6
27 7 0 5 1 6 6
20 28 0 4 1 12 1
0 6 13 10 4 0 5
10 14 0 11 1 1 9
16 20 0 6 1 11 2
11 15 0 11 1 2 9
8 27 11 9 3 0 11
9 12 0 14 1 0 17
