1 0 4 0 3 0 13 0
1 0 4 0 6 0 23 0
1 0 3 0 2 0 10 0
2 1 2 0 3 1 8 0
1 0 2 0 3 0 8 0
2 1 0 0 0 1 0 1
1 0 4 0 5 0 14 0
7 2 1 3 1 12 2 0
1 0 4 0 4 0 12 0
5 2 1 2 0 7 1 0
1 0 4 0 5 0 17 0
5 2 1 2 1 7 2 0
3 1 2 1 1 2 4 0
6 2 1 2 0 8 1 0
2 1 2 0 4 1 12 0
2 1 3 0 3 1 13 0
3 2 2 1 1 2 3 0
3 2 1 1 1 3 3 0
3 2 1 1 1 2 2 0
4 2 0 1 0 4 0 0
3 2 2 1 2 3 7 0
3 2 1 1 1 3 7 0
4 2 1 2 1 5 2 0
9 2 0 2 0 15 0 0
4 2 1 2 2 5 6 0
6 1 0 2 0 8 0 1
8 2 1 4 0 14 1 0
7 2 0 4 0 15 0 0
4 2 1 1 1 4 2 0
6 2 0 4 0 9 0 0
2 1 0 0 0 1 0 1
5 2 1 2 0 7 1 0
4 2 1 2 0 4 1 0
4 2 1 2 1 5 2 0
5 2 2 2 1 7 5 0
5 2 1 2 0 6 1 0
6 2 1 2 1 9 3 0
5 1 0 2 0 5 0 1
4 2 1 2 1 5 3 0
6 1 0 2 0 8 0 1
####
1 0 0 8 0 32 8 0 9 0
2 0 0 8 0 32 8 0 8 0
2 1 0 8 0 32 8 0 11 0
4 0 0 5 0 24 12 0 4 0
4 1 0 6 0 29 9 0 9 0
4 2 0 6 0 29 9 0 5 0
6 0 0 8 0 32 8 0 7 0
6 1 0 8 0 32 8 0 10 0
6 2 0 8 0 32 8 0 9 0
6 4 0 6 0 29 9 0 9 0
8 0 0 8 0 32 8 0 6 0
8 1 0 8 0 32 8 0 9 0
8 2 0 8 0 32 8 0 8 0
8 4 0 6 0 29 9 0 9 0
8 6 0 8 0 32 8 0 7 0
10 0 0 8 0 32 8 0 11 0
10 1 0 8 0 32 8 0 14 0
10 2 0 8 0 32 8 0 13 0
10 4 0 6 0 29 9 0 8 0
10 6 0 8 0 32 8 0 12 0
10 8 0 8 0 32 8 0 11 0
5 3 1 0 0 0 12 0 0 0
14 3 0 4 0 19 10 0 4 0
15 3 0 7 0 27 6 0 9 0
15 14 0 5 0 24 7 0 7 0
30 3 1 0 0 0 12 0 0 0
30 5 1 0 0 0 12 0 0 0
16 12 0 3 0 13 11 0 2 0
18 17 2 0 5 0 13 2 0 0
20 16 2 0 5 0 13 2 0 0
20 17 0 4 0 18 8 0 5 0
21 16 2 0 5 0 13 1 0 0
21 17 2 0 5 0 13 2 0 0
21 18 2 6 5 21 14 2 6 1
21 20 2 0 5 0 13 1 0 0
24 19 3 0 11 0 14 0 0 0
24 22 3 0 11 0 14 3 0 0
28 19 3 0 11 0 14 4 0 0
28 22 3 0 11 0 14 2 0 0
28 24 3 0 11 0 14 1 0 0
32 22 3 0 11 0 14 4 0 0
32 24 3 0 11 0 14 3 0 0
32 28 3 0 11 0 14 2 0 0
33 22 3 0 11 0 14 2 0 0
33 24 3 0 11 0 14 4 0 0
33 32 3 0 11 0 14 0 0 0
38 22 3 0 11 0 14 4 0 0
38 24 3 0 11 0 14 3 0 0
38 28 3 0 11 0 14 2 0 0
38 32 3 0 11 0 14 4 0 0
38 33 3 3 11 11 16 0 3 1
31 9 4 0 18 0 13 4 0 0
31 11 4 0 18 0 13 6 0 0
34 31 4 0 18 0 13 5 0 0
34 9 4 0 18 0 13 1 0 0
34 11 4 0 18 0 13 5 0 0
35 31 4 0 18 0 13 3 0 0
35 9 4 0 18 0 13 2 0 0
35 34 4 0 18 0 13 3 0 0
35 11 4 0 18 0 13 4 0 0
37 31 4 0 18 0 13 6 0 0
37 9 4 0 18 0 13 2 0 0
37 34 4 0 18 0 13 5 0 0
37 35 4 0 18 0 13 4 0 0
37 11 4 0 18 0 13 6 0 0
11 9 4 2 18 5 15 2 1 1
25 13 5 0 24 0 12 8 0 0
29 25 5 0 24 0 12 5 0 0
29 13 5 0 24 0 12 8 0 0
36 25 5 0 24 0 12 7 0 0
36 29 5 0 24 0 12 7 0 0
36 13 5 0 24 0 12 7 0 0
39 25 5 0 24 0 12 7 0 0
39 29 5 0 24 0 12 7 0 0
39 36 5 0 24 0 12 6 0 0
39 13 5 0 24 0 12 7 0 0
27 7 6 0 29 0 9 4 0 0
####
1 21 5 13 2 0 23
8 35 18 13 4 0 12
26 23 0 2 1 14 1
18 26 20 7 5 2 2
10 15 0 12 1 0 17
32 37 0 13 1 4 1
20 38 0 13 1 3 7
35 29 0 11 1 6 1
3 7 24 7 5 1 8
0 3 0 12 1 0 13
22 31 0 13 1 5 2
8 36 24 12 5 0 12
34 39 0 11 1 7 5
36 7 0 7 1 9 3
2 19 11 14 3 0 10
2 9 18 13 4 0 10
1 16 5 13 2 0 23
16 29 13 11 3 2 3
6 32 11 14 3 0 14
28 35 0 13 1 4 2
10 18 5 13 2 0 17
17 33 0 13 1 3 3
4 13 24 12 5 0 8
1 14 0 12 1 0 23
16 32 0 13 1 2 3
24 34 0 13 1 5 6
1 28 11 14 3 0 23
31 25 0 11 1 7 1
15 18 0 11 1 1 13
10 22 11 14 3 0 17
12 28 0 13 1 2 4
34 36 0 11 1 7 5
11 13 0 11 1 7 2
20 22 0 13 1 3 7
6 33 11 14 3 0 14
8 11 18 13 4 0 12
0 5 0 12 1 0 13
10 23 32 8 8 0 17
8 17 5 13 2 0 12
2 24 11 14 3 0 10
4 20 5 13 2 0 8
0 30 0 12 1 0 13
14 20 0 11 1 1 12
15 17 0 11 1 1 13
9 27 5 8 2 7 1
3 12 0 11 1 1 8
14 16 0 11 1 1 12
7 26 0 3 1 12 2
6 38 11 14 3 0 14
38 11 0 13 1 5 3
15 21 0 11 1 1 13
12 19 0 13 1 2 4
13 27 0 7 1 8 1
6 34 18 13 4 0 14
33 9 0 13 1 5 2
0 31 18 13 4 0 13
21 24 0 13 1 3 7
