1 0 4 0 6 0 21 0
1 0 4 0 3 0 9 0
1 0 2 0 1 0 9 0
1 0 2 0 2 0 5 0
1 0 3 0 3 0 13 0
1 0 2 0 3 0 7 0
1 0 3 0 3 0 19 0
1 0 3 0 2 0 5 0
1 0 4 0 5 0 24 0
8 2 1 2 0 16 1 0
4 2 1 2 1 5 3 0
2 1 2 0 2 1 17 0
4 2 1 2 1 5 9 0
2 1 1 0 2 1 7 0
4 2 1 2 0 4 1 0
2 1 3 0 1 1 5 0
9 2 1 2 0 15 1 0
5 2 1 2 2 7 8 0
6 2 1 4 1 11 2 0
2 1 1 0 1 1 5 0
6 2 2 2 2 9 7 0
9 1 0 2 0 17 0 1
5 2 0 2 0 6 0 0
10 2 0 2 0 16 0 0
7 2 1 2 1 11 3 0
3 1 0 1 0 2 0 1
7 2 1 2 0 13 1 0
3 2 2 1 2 3 6 0
5 2 0 2 0 6 0 0
3 1 0 1 0 2 0 1
3 2 1 1 1 2 2 0
3 2 1 1 1 3 5 0
4 2 1 2 0 4 1 0
4 2 1 2 1 4 4 0
3 2 1 1 1 3 10 0
8 2 1 2 1 13 2 0
4 2 1 2 1 5 3 0
3 2 1 1 1 3 4 0
7 2 1 4 1 15 2 0
8 2 0 2 0 14 0 0
5 2 1 2 1 6 3 0
####
1 0 0 9 0 31 10 0 10 0
2 0 0 9 0 31 10 0 12 0
2 1 0 9 0 31 10 0 8 0
3 0 0 9 0 31 10 0 9 0
3 1 0 9 0 31 10 0 5 0
3 2 0 9 0 31 10 0 7 0
4 0 0 9 0 31 10 0 11 0
4 1 0 9 0 31 10 0 7 0
4 2 0 9 0 31 10 0 9 0
4 3 0 9 0 31 10 0 6 0
5 0 0 8 0 29 11 0 10 0
5 1 0 8 0 29 11 0 7 0
5 2 0 8 0 29 11 0 8 0
5 4 0 8 0 29 11 0 7 0
6 0 0 9 0 31 10 0 13 0
6 1 0 9 0 31 10 0 9 0
6 2 0 9 0 31 10 0 11 0
6 3 0 9 0 31 10 0 8 0
6 4 0 9 0 31 10 0 10 0
6 5 0 8 0 29 11 0 9 0
7 0 0 9 0 31 10 0 8 0
7 1 0 9 0 31 10 0 4 0
7 2 0 9 0 31 10 0 6 0
7 3 0 9 0 31 10 0 3 0
7 4 0 9 0 31 10 0 5 0
7 6 0 9 0 31 10 0 7 0
8 0 0 9 0 31 10 0 15 0
8 1 0 9 0 31 10 0 11 0
8 2 0 9 0 31 10 0 13 0
8 3 0 9 0 31 10 0 10 0
8 4 0 9 0 31 10 0 12 0
8 5 0 8 0 29 11 0 14 0
8 6 0 9 0 31 10 0 14 0
8 7 0 9 0 31 10 0 9 0
13 11 1 7 0 25 15 0 10 1
19 11 0 6 0 22 7 0 9 0
29 25 2 0 4 0 16 2 0 0
30 25 2 0 4 0 16 2 0 0
30 29 2 0 4 0 16 2 0 0
31 27 2 0 4 0 16 2 0 0
34 25 2 0 4 0 16 1 0 0
34 27 2 6 4 18 18 2 8 1
34 29 2 0 4 0 16 1 0 0
34 30 2 0 4 0 16 1 0 0
34 31 2 0 4 0 16 2 0 0
37 31 2 5 4 15 19 1 7 1
14 12 3 0 11 0 15 3 0 0
32 12 3 0 11 0 15 4 0 0
32 10 3 0 11 0 15 2 0 0
33 32 3 0 11 0 15 4 0 0
33 12 3 0 11 0 15 4 0 0
33 10 3 4 11 9 18 2 5 1
12 10 3 0 11 0 15 2 0 0
36 32 3 0 11 0 15 2 0 0
36 33 3 0 11 0 15 4 0 0
36 12 3 5 11 12 17 4 6 1
36 10 3 0 11 0 15 2 0 0
22 17 4 0 17 0 13 5 0 0
28 17 4 0 17 0 13 6 0 0
40 22 4 0 17 0 13 3 0 0
40 28 4 0 17 0 13 6 0 0
40 17 4 0 17 0 13 2 0 0
20 18 5 0 21 0 11 4 0 0
38 24 6 0 23 0 12 8 0 0
38 26 6 0 23 0 12 6 0 0
26 24 6 0 23 0 12 6 0 0
35 9 7 0 26 0 12 10 0 0
39 35 7 0 26 0 12 8 0 0
39 9 7 0 26 0 12 8 0 0
21 16 8 0 29 0 11 12 0 0
####
8 13 0 13 1 0 24
3 35 26 12 7 0 5
37 10 0 13 1 3 4
17 20 0 6 1 7 8
19 37 0 11 1 1 5
18 26 0 5 1 11 2
7 16 29 11 8 0 5
40 18 0 6 1 6 3
20 38 0 5 1 9 7
5 32 11 15 3 0 7
26 39 0 6 1 13 1
3 14 11 15 3 0 5
14 22 0 10 1 4 1
38 9 0 6 1 15 2
36 38 6 9 3 5 3
0 15 0 13 1 0 21
4 37 4 16 2 0 13
11 31 0 11 1 1 17
9 21 0 5 1 16 1
11 34 0 11 1 1 17
15 30 0 11 1 1 5
8 10 11 15 3 0 24
1 36 11 15 3 0 9
10 18 4 8 2 5 3
2 23 31 10 9 0 9
33 40 0 10 1 4 4
27 36 0 13 1 3 6
34 12 0 13 1 3 10
1 28 17 13 4 0 9
12 17 0 10 1 5 9
0 40 17 13 4 0 21
32 28 0 10 1 4 1
27 32 0 13 1 3 6
1 24 23 12 6 0 9
30 14 0 13 1 2 2
8 33 11 15 3 0 24
15 25 0 11 1 1 5
8 11 0 13 1 0 24
16 23 0 3 1 15 1
24 35 0 6 1 11 3
15 29 0 11 1 1 5
1 9 26 12 7 0 9
35 16 0 5 1 13 2
0 30 4 16 2 0 21
7 22 17 13 4 0 5
4 20 21 11 5 0 13
6 12 11 15 3 0 19
0 34 4 16 2 0 21
2 17 17 13 4 0 9
6 19 0 13 1 0 19
4 39 26 12 7 0 13
7 26 23 12 6 0 5
20 24 0 5 1 9 7
6 31 4 16 2 0 19
13 27 0 11 1 1 7
5 27 4 16 2 0 7
31 33 0 13 1 3 5
