1 0 2 0 1 0 3 0
1 0 2 0 3 0 6 0
1 0 4 0 3 0 11 0
1 0 3 0 3 0 6 0
4 2 1 2 1 5 2 0
1 0 1 0 2 0 7 0
1 0 2 0 4 0 15 0
2 1 2 0 1 1 6 0
1 0 3 0 4 0 11 0
7 2 1 4 0 13 1 0
2 1 3 0 4 1 11 0
2 1 0 0 0 1 0 1
2 1 2 0 3 1 8 0
2 1 0 0 0 1 0 1
5 2 1 2 1 6 2 0
4 1 0 2 0 4 0 1
6 2 1 2 0 7 1 0
4 2 1 3 1 6 4 0
3 2 2 1 1 3 5 0
5 2 1 2 1 8 3 0
4 1 0 2 0 4 0 1
4 2 0 2 0 5 0 0
7 2 0 3 0 10 0 0
3 2 1 1 0 3 1 0
8 2 0 4 0 16 0 0
3 2 2 1 1 3 6 0
3 2 1 1 0 3 1 0
3 2 1 1 1 3 3 0
4 2 1 2 1 4 3 0
6 2 1 2 1 10 2 0
####
2 1 0 6 0 20 9 0 5 0
3 2 0 7 0 22 8 0 12 0
5 0 0 3 0 10 13 0 1 0
5 2 0 7 0 22 8 0 12 0
5 3 0 7 0 22 8 0 10 0
6 0 0 3 0 10 13 0 2 0
6 1 0 6 0 20 9 0 6 0
6 2 0 7 0 22 8 0 15 0
6 3 0 7 0 22 8 0 13 0
6 5 0 7 0 22 8 0 13 0
8 1 0 6 0 20 9 0 9 0
8 2 0 7 0 22 8 0 11 0
8 3 0 7 0 22 8 0 9 0
8 5 0 7 0 22 8 0 9 0
8 6 0 7 0 22 8 0 12 0
10 7 0 6 0 17 6 0 11 0
11 7 1 0 0 0 12 0 0 0
12 7 0 6 0 17 6 0 5 0
12 10 0 6 0 17 6 0 8 0
13 7 1 0 0 0 12 0 0 0
13 11 1 0 0 0 12 0 0 0
23 18 2 0 5 0 12 2 0 0
25 23 0 5 0 12 6 0 4 0
26 25 2 0 5 0 12 2 0 0
27 23 0 5 0 12 6 0 2 0
27 25 2 5 5 12 13 2 6 1
27 26 2 0 5 0 12 2 0 0
17 15 3 0 10 0 13 4 0 0
17 4 3 4 10 6 14 2 4 1
21 17 3 0 10 0 13 2 0 0
21 15 3 0 10 0 13 1 0 0
21 4 3 0 10 0 13 4 0 0
15 4 3 0 10 0 13 4 0 0
28 20 3 0 10 0 13 4 0 0
19 14 4 0 16 0 9 3 0 0
29 16 5 0 18 0 9 5 0 0
22 9 6 0 20 0 9 7 0 0
####
29 9 0 4 1 10 2
10 26 0 10 1 1 11
6 14 16 9 4 0 15
26 15 0 11 1 3 1
4 9 4 8 3 5 2
0 21 10 13 3 0 3
19 29 0 4 1 8 3
6 10 0 12 1 0 15
16 22 0 4 1 7 1
2 13 0 12 1 0 11
5 25 5 12 2 0 7
10 27 0 10 1 1 11
8 29 18 9 5 0 11
1 28 10 13 3 0 6
9 24 0 3 1 13 1
8 16 18 9 5 0 11
2 27 5 12 2 0 11
18 20 0 11 1 3 5
17 19 0 8 1 6 4
3 23 5 12 2 0 6
12 18 0 10 1 1 8
27 4 0 11 1 3 3
18 28 0 11 1 3 5
3 19 16 9 4 0 6
28 14 0 8 1 4 3
25 21 0 11 1 3 6
7 22 15 7 5 1 6
23 24 12 6 5 3 1
2 7 0 12 1 0 11
25 17 0 11 1 3 6
14 16 0 4 1 6 2
8 12 0 12 1 0 11
0 26 5 12 2 0 3
2 11 0 12 1 0 11
10 25 0 10 1 1 11
1 18 5 12 2 0 6
7 17 5 11 2 1 6
12 23 0 10 1 1 8
3 4 10 13 3 0 6
