1 0 3 0 1 0 6 0
1 0 2 0 1 0 11 0
1 0 3 0 2 0 16 0
1 0 4 0 4 0 16 0
1 0 4 0 4 0 21 0
1 0 4 0 4 0 15 0
2 1 2 0 3 1 20 0
12 1 2 2 1 15 6 0
7 2 1 2 1 9 11 0
8 2 1 2 1 10 10 0
2 1 0 0 0 1 0 1
14 2 1 2 1 18 3 0
3 1 2 1 2 2 19 0
13 2 0 1 0 16 0 0
2 1 0 0 0 1 0 1
9 2 1 2 1 12 9 0
4 2 1 1 1 4 15 0
17 1 0 2 0 21 0 1
7 2 0 2 0 8 0 0
2 1 0 0 0 1 0 1
15 2 1 3 1 19 2 0
10 2 1 2 1 13 8 0
5 2 1 2 2 6 14 0
4 2 1 1 1 4 2 0
6 2 2 2 1 7 13 0
11 2 1 2 2 14 7 0
16 2 1 2 0 20 1 0
13 2 1 1 1 16 4 0
6 2 0 2 0 7 0 0
5 2 1 2 0 5 1 0
####
1 0 0 16 0 23 7 0 11 0
2 0 0 16 0 23 7 0 15 0
2 1 0 16 0 23 7 0 20 0
3 0 0 16 0 23 7 0 16 0
3 1 0 16 0 23 7 0 21 0
3 2 0 16 0 23 7 0 25 0
4 0 0 16 0 23 7 0 18 0
4 1 0 16 0 23 7 0 23 0
4 2 0 16 0 23 7 0 27 0
4 3 0 16 0 23 7 0 28 0
5 0 0 16 0 23 7 0 13 0
5 1 0 16 0 23 7 0 18 0
5 2 0 16 0 23 7 0 22 0
5 3 0 16 0 23 7 0 23 0
5 4 0 16 0 23 7 0 25 0
14 10 1 0 0 0 10 0 0 0
23 16 3 0 5 0 8 4 0 0
29 22 4 0 7 0 8 6 0 0
28 24 5 0 9 0 8 8 0 0
18 8 6 0 11 0 8 4 0 0
27 13 12 0 18 0 8 8 0 0
####
29 28 0 4 1 5 1
24 8 0 4 1 7 13
0 14 0 10 1 0 6
4 18 11 8 6 0 21
1 15 14 7 8 0 11
8 9 0 3 1 9 11
2 22 7 8 4 0 16
27 11 0 3 1 16 4
0 10 0 10 1 0 6
12 16 0 3 1 2 19
5 23 5 8 3 0 15
5 8 11 8 6 0 15
3 24 9 8 5 0 16
20 26 0 2 1 19 2
2 19 0 10 1 0 16
24 18 0 4 1 7 13
4 9 13 7 7 0 21
9 15 0 2 1 10 10
16 22 0 4 1 4 15
5 25 16 7 10 0 15
0 11 20 7 13 0 6
1 28 9 8 5 0 11
26 17 0 2 1 20 1
3 16 5 8 3 0 16
22 24 0 4 1 6 14
3 13 18 8 12 0 16
7 27 0 3 1 15 6
23 29 0 4 1 4 2
25 7 0 2 1 14 7
6 12 0 5 1 1 20
3 26 22 7 15 0 16
4 29 7 8 4 0 21
21 25 0 2 1 13 8
4 6 0 10 1 0 21
2 21 15 7 9 0 16
7 13 0 3 1 15 6
15 21 0 2 1 12 9
6 20 17 5 13 1 20
11 20 0 2 1 18 3
5 27 18 8 12 0 15
12 23 0 3 1 2 19
