1 0 2 0 2 0 7 0
1 0 3 0 5 0 8 0
1 0 4 0 5 0 13 0
1 0 2 0 4 0 11 0
2 1 3 0 2 1 6 0
4 1 0 2 0 4 0 1
4 2 1 2 1 5 3 0
1 0 4 0 5 0 16 0
4 2 1 3 1 6 2 0
2 2 2 0 3 2 7 0
3 2 2 2 2 3 4 0
2 1 2 0 1 1 6 0
2 2 1 0 0 2 1 0
5 2 1 4 1 9 2 0
2 2 1 0 1 2 2 0
5 2 1 4 0 10 1 0
3 2 1 2 0 4 1 0
2 2 1 0 2 2 7 0
6 2 1 4 0 13 1 0
3 2 2 2 2 4 6 0
3 1 0 1 0 2 0 1
3 2 1 1 1 3 4 0
7 2 0 4 0 17 0 0
3 2 1 2 0 3 1 0
3 2 0 3 0 5 0 0
6 1 0 2 0 11 0 1
####
1 0 0 6 0 20 6 0 7 0
2 0 0 6 0 20 6 0 12 0
2 1 0 6 0 20 6 0 11 0
3 0 0 6 0 20 6 0 10 0
3 1 0 6 0 20 6 0 9 0
3 2 0 6 0 20 6 0 14 0
7 0 0 6 0 20 6 0 12 0
7 1 0 6 0 20 6 0 11 0
7 2 0 6 0 20 6 0 16 0
7 3 0 6 0 20 6 0 14 0
9 4 0 5 0 14 7 0 3 0
11 4 0 5 0 14 7 0 5 0
11 9 0 5 0 14 7 0 6 0
12 4 0 1 0 0 13 0 0 0
12 9 1 0 0 0 11 0 0 0
14 4 1 5 0 14 12 0 2 1
14 9 1 5 0 14 12 0 3 1
14 11 0 5 0 14 7 0 5 0
14 12 1 0 0 0 11 0 0 0
17 4 1 5 0 14 12 0 4 1
17 9 1 5 0 14 12 0 5 1
17 11 0 5 0 14 7 0 7 0
17 12 1 0 0 0 11 0 0 0
17 14 1 5 0 14 12 0 4 1
16 10 2 4 6 7 13 2 1 1
19 10 2 4 6 7 13 2 3 1
19 16 2 4 6 7 13 3 2 1
20 19 2 0 6 0 12 1 0 0
21 10 0 4 0 7 8 0 4 0
21 16 0 4 0 7 8 0 3 0
21 19 2 4 6 7 13 1 5 1
21 20 2 0 6 0 12 2 0 0
23 10 2 0 6 0 12 2 0 0
23 16 2 0 6 0 12 2 0 0
23 19 2 0 6 0 12 2 0 0
24 10 2 0 6 0 12 2 0 0
24 16 2 0 6 0 12 3 0 0
24 19 2 0 6 0 12 2 0 0
24 21 2 0 6 0 12 1 0 0
24 23 2 0 6 0 12 2 0 0
8 6 3 0 13 0 8 3 0 0
8 5 3 0 13 0 8 4 0 0
15 13 4 0 16 0 7 7 0 0
25 18 5 0 18 0 7 5 0 0
####
19 8 0 10 1 4 6
18 22 0 3 1 13 1
4 8 7 9 2 1 6
7 12 0 11 1 0 16
3 11 0 11 1 0 11
10 15 3 9 2 3 4
21 6 0 10 1 3 4
0 21 6 12 2 0 7
10 18 5 9 3 3 4
12 24 0 13 1 2 1
16 22 7 8 4 4 1
4 24 0 13 1 1 6
1 10 6 12 2 0 8
8 15 0 5 1 6 2
7 14 0 11 1 0 16
2 6 13 8 3 0 13
17 19 0 13 1 2 7
15 25 0 4 1 10 1
1 23 6 12 2 0 8
0 12 0 11 1 0 7
9 10 0 13 1 2 7
4 16 0 13 1 1 6
1 9 0 11 1 0 8
3 19 6 12 2 0 11
19 13 3 9 2 4 6
11 21 0 13 1 1 6
2 14 0 11 1 0 13
2 17 0 11 1 0 13
7 9 0 11 1 0 16
23 5 0 10 1 3 1
14 16 0 13 1 2 2
9 23 0 13 1 2 7
11 20 0 13 1 1 6
13 18 0 4 1 9 2
6 13 0 5 1 5 3
7 17 0 11 1 0 16
2 4 0 11 1 0 13
