1 0 2 0 2 0 8 0
1 0 4 0 3 0 9 0
1 0 1 0 1 0 3 0
1 0 2 0 4 0 14 0
1 0 2 0 3 0 11 0
4 1 0 2 0 5 0 1
1 0 2 0 1 0 5 0
1 0 3 0 3 0 12 0
2 1 2 0 1 1 3 0
2 2 1 0 1 2 5 0
2 2 1 0 1 2 3 0
3 2 0 1 0 3 0 0
2 2 2 0 3 2 9 0
6 2 1 2 1 11 2 0
8 1 0 2 0 13 0 1
3 2 2 2 1 4 6 0
7 2 1 2 0 12 1 0
3 2 1 2 0 4 1 0
2 2 1 0 1 2 3 0
4 2 1 4 1 7 4 0
3 2 1 3 1 5 2 0
2 1 0 0 0 1 0 1
5 1 0 2 0 9 0 1
4 2 1 3 0 8 1 0
4 1 0 2 0 5 0 1
5 2 1 2 1 9 3 0
####
1 0 0 7 0 18 8 0 8 0
2 0 0 7 0 18 8 0 7 0
2 1 0 7 0 18 8 0 5 0
3 0 0 7 0 18 8 0 11 0
3 1 0 7 0 18 8 0 9 0
3 2 0 7 0 18 8 0 8 0
4 0 0 7 0 18 8 0 10 0
4 1 0 7 0 18 8 0 8 0
4 2 0 7 0 18 8 0 7 0
4 3 0 7 0 18 8 0 11 0
6 1 0 4 0 14 9 0 7 0
6 3 0 4 0 14 9 0 6 0
6 4 0 4 0 14 9 0 7 0
7 0 0 7 0 18 8 0 12 0
7 1 0 7 0 18 8 0 10 0
7 2 0 7 0 18 8 0 9 0
7 3 0 7 0 18 8 0 13 0
7 4 0 7 0 18 8 0 12 0
10 8 0 3 0 8 8 0 3 0
12 8 1 0 0 0 13 0 0 0
12 9 1 6 0 12 14 0 9 1
18 8 0 3 0 8 8 0 3 0
18 10 1 3 0 8 15 0 4 1
21 9 1 0 0 0 13 0 0 0
21 12 1 0 0 0 13 0 0 0
15 11 2 0 6 0 11 2 0 0
17 11 2 0 6 0 11 2 0 0
17 15 2 0 6 0 11 2 0 0
20 11 2 0 6 0 11 1 0 0
20 15 2 0 6 0 11 1 0 0
19 5 3 0 10 0 11 2 0 0
23 5 3 0 10 0 11 3 0 0
23 19 3 0 10 0 11 3 0 0
24 5 3 0 10 0 11 4 0 0
24 19 3 0 10 0 11 4 0 0
24 23 3 0 10 0 11 3 0 0
25 22 4 0 14 0 9 3 0 0
####
7 21 0 13 1 0 12
8 23 4 10 2 1 3
7 12 0 13 1 0 12
4 18 0 13 1 0 11
23 22 0 6 1 8 1
15 19 0 8 1 4 6
16 14 0 2 1 12 1
1 11 6 11 2 0 9
1 25 14 9 4 0 9
1 16 17 8 6 0 9
6 10 0 13 1 0 5
13 16 0 2 1 11 2
0 17 6 11 2 0 8
2 13 16 8 5 0 3
19 25 0 6 1 7 4
12 17 0 10 1 2 9
1 10 0 13 1 0 9
18 20 0 10 1 2 3
17 5 0 8 1 4 1
6 18 0 13 1 0 5
8 11 0 10 1 1 3
7 9 0 13 1 0 12
20 23 0 8 1 5 2
12 15 0 10 1 2 9
3 12 0 13 1 0 14
15 24 0 8 1 4 6
4 15 6 11 2 0 11
3 8 0 13 1 0 14
25 13 0 3 1 9 3
10 20 0 10 1 2 3
0 9 0 13 1 0 8
9 19 4 10 2 2 5
