1 0 4 0 3 0 11 0
1 0 3 0 4 0 13 0
1 0 2 0 5 0 21 0
5 2 1 2 1 6 2 0
1 0 2 0 2 0 12 0
1 0 3 0 2 0 5 0
1 0 3 0 3 0 11 0
4 2 1 2 0 5 1 0
6 2 1 2 0 9 1 0
2 1 3 0 3 1 15 0
2 1 2 0 1 1 4 0
5 2 0 2 0 6 0 0
7 1 0 2 0 10 0 1
4 2 1 2 2 5 8 0
7 2 0 2 0 9 0 0
3 2 1 1 1 3 4 0
6 2 1 2 1 9 4 0
5 2 2 2 2 7 7 0
3 2 1 1 1 3 2 0
10 1 0 2 0 14 0 1
4 2 1 2 1 5 3 0
7 2 1 2 1 10 3 0
8 2 1 2 1 12 2 0
3 2 1 1 1 3 9 0
6 2 1 3 0 7 1 0
3 1 0 1 0 2 0 1
9 2 1 2 0 13 1 0
####
1 0 0 9 0 20 7 0 12 0
2 0 0 9 0 20 7 0 15 0
2 1 0 9 0 20 7 0 13 0
4 0 0 9 0 20 7 0 13 0
4 1 0 9 0 20 7 0 11 0
4 2 0 9 0 20 7 0 14 0
5 0 0 9 0 20 7 0 9 0
5 1 0 9 0 20 7 0 7 0
5 2 0 9 0 20 7 0 10 0
5 4 0 9 0 20 7 0 8 0
6 0 0 9 0 20 7 0 11 0
6 1 0 9 0 20 7 0 9 0
6 2 0 9 0 20 7 0 12 0
6 4 0 9 0 20 7 0 10 0
6 5 0 9 0 20 7 0 6 0
10 9 1 0 0 0 8 0 0 0
18 15 2 0 2 0 10 2 0 0
23 15 2 0 2 0 10 2 0 0
23 18 2 0 2 0 10 2 0 0
25 15 2 0 2 0 10 2 0 0
25 18 2 0 2 0 10 2 0 0
25 23 2 0 2 0 10 2 0 0
20 7 3 0 6 0 9 4 0 0
20 13 3 0 6 0 9 4 0 0
13 7 3 0 6 0 9 4 0 0
11 3 4 0 9 0 9 6 0 0
17 11 4 0 9 0 9 6 0 0
17 3 4 0 9 0 9 2 0 0
16 8 5 0 12 0 9 6 0 0
24 8 5 0 12 0 9 4 0 0
24 16 5 0 12 0 9 4 0 0
21 12 6 0 15 0 9 8 0 0
21 14 6 0 15 0 9 4 0 0
14 12 6 0 15 0 9 4 0 0
####
17 8 0 6 1 7 7
1 3 9 9 4 0 13
20 3 0 6 1 5 3
15 20 0 7 1 3 4
0 14 15 9 6 0 11
4 18 2 10 2 0 12
22 26 0 2 1 12 2
1 17 9 9 4 0 13
1 15 2 10 2 0 13
13 17 0 6 1 5 8
16 21 0 6 1 9 4
7 11 0 6 1 5 1
17 16 0 6 1 7 7
3 24 0 6 1 6 2
0 21 15 9 6 0 11
2 9 0 8 1 0 21
9 15 0 6 1 1 15
10 18 0 6 1 1 4
4 13 6 9 3 0 12
24 14 0 6 1 7 1
5 22 18 7 7 0 5
9 24 10 5 4 1 15
5 11 9 9 4 0 5
2 10 0 8 1 0 21
0 23 2 10 2 0 11
6 8 12 9 5 0 11
0 26 19 7 8 0 11
8 12 0 6 1 9 1
21 22 0 4 1 10 3
5 7 6 9 3 0 5
10 25 0 6 1 1 4
9 23 0 6 1 1 15
18 7 0 7 1 3 2
6 20 6 9 3 0 11
23 13 0 7 1 3 9
26 19 0 2 1 13 1
6 16 12 9 5 0 11
