1 0 3 0 4 0 7 0
1 0 3 0 7 0 22 0
1 0 4 0 5 0 11 0
1 0 3 0 4 0 15 0
2 1 3 0 2 1 6 0
1 0 2 0 2 0 12 0
1 0 1 0 1 0 2 0
6 2 1 2 0 8 1 0
2 1 3 0 4 1 18 0
3 2 1 1 1 3 5 0
3 2 2 1 3 3 10 0
6 2 1 2 1 9 3 0
2 1 2 0 2 1 8 0
4 2 1 2 2 5 4 0
3 1 0 1 0 2 0 1
7 2 1 3 1 11 2 0
2 1 0 0 0 1 0 1
8 2 1 2 0 12 1 0
3 2 1 1 1 2 2 0
4 2 2 2 1 5 3 0
4 2 1 3 0 5 1 0
4 1 0 2 0 4 0 1
4 2 1 2 1 5 5 0
6 1 0 2 0 8 0 1
5 2 1 2 0 7 1 0
5 2 2 2 1 6 3 0
5 2 1 3 1 8 4 0
3 2 1 1 0 3 1 0
5 2 0 4 0 11 0 0
7 1 0 2 0 9 0 1
9 2 0 4 0 17 0 0
####
1 0 0 8 0 24 7 0 13 0
2 0 0 8 0 24 7 0 7 0
2 1 0 8 0 24 7 0 16 0
3 0 0 8 0 24 7 0 10 0
3 1 0 8 0 24 7 0 19 0
3 2 0 8 0 24 7 0 13 0
5 0 0 8 0 24 7 0 8 0
5 1 0 8 0 24 7 0 17 0
5 2 0 8 0 24 7 0 11 0
5 3 0 8 0 24 7 0 14 0
6 1 0 5 0 18 9 0 5 0
6 3 0 5 0 18 9 0 3 0
6 5 0 5 0 18 9 0 4 0
8 4 1 7 0 20 11 0 11 1
12 4 0 7 0 20 5 0 6 0
12 8 0 7 0 20 5 0 13 0
10 9 2 6 4 15 12 2 7 1
14 9 2 0 4 0 11 2 0 0
14 10 2 0 4 0 11 2 0 0
18 10 0 2 0 5 9 0 2 0
27 9 2 0 4 0 11 2 0 0
27 10 2 0 4 0 11 2 0 0
27 14 2 0 4 0 11 2 0 0
19 13 3 0 9 0 11 4 0 0
20 13 3 0 9 0 11 3 0 0
20 19 3 1 9 0 15 3 0 1
22 13 3 5 9 10 12 4 5 1
22 19 3 0 9 0 11 4 0 0
22 20 3 0 9 0 11 3 0 0
22 21 3 0 9 0 11 4 0 0
21 13 3 0 9 0 11 1 0 0
21 19 3 0 9 0 11 4 0 0
21 20 3 0 9 0 11 3 0 0
25 24 4 0 14 0 10 6 0 0
26 24 4 0 14 0 10 6 0 0
26 25 4 4 14 6 11 6 3 1
28 24 4 0 14 0 10 8 0 0
28 25 4 0 14 0 10 8 0 0
28 26 4 0 14 0 10 8 0 0
23 7 5 0 18 0 9 8 0 0
23 11 5 0 18 0 9 8 0 0
11 7 5 0 18 0 9 8 0 0
29 15 6 0 21 0 8 11 0 0
####
0 27 4 11 2 0 7
2 18 4 11 2 0 11
27 21 0 10 1 3 1
22 26 0 9 1 5 5
1 17 23 7 7 0 22
8 9 0 9 1 1 18
26 11 0 7 1 8 4
6 24 14 10 4 0 2
2 12 0 10 1 0 11
7 29 0 5 1 8 1
25 30 6 5 4 6 3
13 25 0 9 1 5 4
8 10 0 9 1 1 18
24 23 0 7 1 7 1
10 22 0 10 1 3 10
18 20 0 10 1 2 2
19 28 0 9 1 5 3
0 25 14 10 4 0 7
10 19 0 10 1 3 10
4 14 0 9 1 1 6
1 4 0 10 1 0 22
25 7 0 7 1 6 3
19 24 0 9 1 5 3
12 18 0 9 1 1 8
3 9 4 11 2 0 15
3 19 9 11 3 0 15
4 20 5 9 2 1 6
15 17 0 3 1 11 2
2 7 18 9 5 0 11
9 13 0 10 1 3 5
5 10 4 11 2 0 12
5 16 0 10 1 0 12
3 22 9 11 3 0 15
12 26 10 8 3 1 8
4 15 17 6 5 1 6
0 13 9 11 3 0 7
17 30 0 2 1 12 1
2 11 18 9 5 0 11
1 8 0 10 1 0 22
20 28 0 9 1 5 1
11 15 0 5 1 9 3
8 27 0 9 1 1 18
