1 0 3 0 4 0 17 0
1 0 3 0 2 0 4 0
4 2 1 2 0 4 1 0
1 0 4 0 5 0 11 0
1 0 1 0 1 0 2 0
1 0 2 0 2 0 4 0
1 0 2 0 2 0 11 0
2 1 1 0 2 1 10 0
2 1 1 0 0 1 1 0
6 2 1 2 2 8 3 0
1 0 4 0 2 0 8 0
2 1 3 0 5 1 13 0
3 2 1 2 0 4 1 0
2 2 1 0 1 2 2 0
3 1 0 1 0 2 0 1
3 2 2 2 2 4 9 0
8 1 0 2 0 10 0 1
4 2 2 2 2 6 7 0
3 2 1 2 0 4 1 0
4 2 0 2 0 6 0 0
5 2 1 2 0 7 1 0
5 2 0 2 0 6 0 0
2 2 1 0 1 2 2 0
4 1 0 2 0 5 0 1
6 1 0 2 0 8 0 1
5 2 1 2 1 7 4 0
7 2 2 3 0 9 2 0
2 1 0 0 0 1 0 1
8 1 0 2 0 10 0 1
3 2 1 1 1 3 2 0
4 2 0 2 0 5 0 0
####
1 0 0 4 0 16 10 0 5 0
3 0 0 7 0 22 9 0 10 0
5 0 0 3 0 11 12 0 3 0
5 1 0 3 0 11 12 0 1 0
5 3 0 3 0 11 12 0 3 0
6 0 0 7 0 22 9 0 12 0
6 3 0 7 0 22 9 0 10 0
10 0 0 4 0 16 10 0 3 0
10 1 0 4 0 16 10 0 2 0
10 3 0 3 0 11 12 0 4 0
10 5 0 3 0 11 12 0 3 0
11 7 0 6 0 16 8 0 10 0
22 11 1 0 0 0 13 0 0 0
22 13 1 0 0 0 13 0 0 0
27 13 1 0 0 0 13 0 0 0
27 22 1 0 0 0 13 0 0 0
15 12 2 0 6 0 12 2 0 0
18 12 2 0 6 0 12 0 0 0
29 15 2 0 6 0 12 2 0 0
29 12 2 0 6 0 12 2 0 0
17 2 3 0 11 0 12 4 0 0
19 17 3 0 11 0 12 4 0 0
19 2 3 0 11 0 12 4 0 0
23 17 3 0 11 0 12 2 0 0
23 19 3 0 11 0 12 2 0 0
30 17 3 0 11 0 12 4 0 0
30 19 3 0 11 0 12 4 0 0
30 2 3 0 11 0 12 4 0 0
25 20 4 0 16 0 10 6 0 0
25 21 4 0 16 0 10 6 0 0
21 20 4 0 16 0 10 6 0 0
24 9 5 0 19 0 9 8 0 0
28 16 7 0 22 0 9 12 0 0
####
9 26 0 3 1 8 3
6 9 19 9 5 0 11
3 25 16 10 4 0 11
4 8 0 13 1 0 2
26 28 0 3 1 9 2
17 20 0 8 1 6 7
10 21 16 10 4 0 8
17 25 0 8 1 6 7
26 16 0 3 1 9 2
1 29 6 12 2 0 4
3 17 11 12 3 0 11
18 23 0 10 1 4 1
8 14 0 11 1 1 1
1 2 11 12 3 0 4
6 7 0 13 1 0 11
7 15 0 11 1 1 10
15 30 0 10 1 4 9
5 12 6 12 2 0 4
5 18 6 12 2 0 4
3 20 16 10 4 0 11
0 11 0 13 1 0 17
10 27 0 13 1 0 8
10 22 0 13 1 0 8
0 22 0 13 1 0 17
3 13 0 13 1 0 11
10 13 0 13 1 0 8
11 26 15 7 5 1 13
1 19 11 12 3 0 4
29 2 0 10 1 3 2
0 30 11 12 3 0 17
15 17 0 10 1 4 9
20 24 0 5 1 7 1
22 12 0 11 1 2 2
2 21 0 8 1 4 1
12 19 0 10 1 4 1
11 29 0 11 1 1 13
13 18 0 11 1 2 2
11 15 0 11 1 1 13
25 9 0 5 1 7 4
