1 0 4 0 7 0 15 0
1 0 4 0 4 0 9 0
1 0 4 0 5 0 19 0
1 0 4 0 4 0 13 0
7 2 1 2 0 9 1 0
1 0 2 0 2 0 7 0
2 1 0 0 0 1 0 1
2 1 3 0 2 1 10 0
2 1 3 0 3 1 15 0
4 2 2 2 1 4 5 0
4 2 1 2 0 5 1 0
5 2 0 2 0 7 0 0
3 2 1 1 2 2 5 0
3 2 1 1 1 3 5 0
5 1 1 2 1 5 4 0
8 2 0 3 0 12 0 0
6 2 1 1 2 7 3 0
4 2 2 2 1 3 4 0
4 2 1 2 1 5 4 0
5 2 1 2 1 7 3 0
5 2 1 2 1 5 2 0
8 1 0 2 0 10 0 1
6 2 1 2 1 8 2 0
7 2 2 2 0 9 2 0
5 1 0 2 0 4 0 1
6 2 1 2 0 7 1 0
3 2 1 1 1 3 2 0
8 2 0 4 0 10 0 0
3 2 1 1 2 2 6 0
7 1 0 2 0 8 0 1
####
1 0 0 7 0 22 8 0 3 0
2 0 0 7 0 22 8 0 8 0
2 1 0 7 0 22 8 0 7 0
3 0 0 7 0 22 8 0 6 0
3 1 0 7 0 22 8 0 5 0
3 2 0 7 0 22 8 0 10 0
5 0 0 7 0 22 8 0 4 0
5 1 0 7 0 22 8 0 7 0
5 2 0 7 0 22 8 0 9 0
5 3 0 7 0 22 8 0 8 0
8 7 0 6 0 19 6 0 5 0
26 12 2 0 3 0 9 2 0 0
28 13 2 0 3 0 9 2 0 0
17 10 3 0 7 0 9 4 0 0
18 10 3 0 7 0 9 2 0 0
18 9 3 0 7 0 9 4 0 0
10 9 3 0 7 0 9 2 0 0
19 11 4 0 11 0 10 4 0 0
19 14 4 0 11 0 10 6 0 0
20 19 4 0 11 0 10 3 0 0
20 11 4 0 11 0 10 6 0 0
20 14 4 0 11 0 10 3 0 0
24 20 4 0 11 0 10 6 0 0
24 11 4 0 11 0 10 6 0 0
14 11 4 0 11 0 10 4 0 0
22 16 5 0 16 0 8 8 0 0
25 22 5 0 16 0 8 6 0 0
25 16 5 0 16 0 8 4 0 0
23 4 6 0 19 0 8 3 0 0
29 4 6 0 19 0 8 8 0 0
29 23 6 0 19 0 8 6 0 0
21 15 7 0 22 0 8 3 0 0
27 15 7 0 22 0 8 3 0 0
27 21 7 0 22 0 8 4 0 0
####
10 11 0 9 1 5 1
8 13 0 7 1 1 15
20 25 0 8 1 5 2
7 12 0 7 1 1 10
2 8 0 8 1 0 19
3 11 11 10 4 0 13
17 20 0 9 1 3 4
5 19 11 10 4 0 7
0 7 0 8 1 0 15
0 16 16 8 5 0 15
18 19 0 9 1 5 4
1 6 0 8 1 0 9
19 22 0 8 1 7 3
8 28 0 7 1 1 15
5 26 3 9 2 0 7
7 15 19 6 6 1 10
28 9 0 8 1 2 6
0 17 7 9 3 0 15
17 24 0 9 1 3 4
23 21 0 6 1 9 2
12 17 0 8 1 2 5
8 25 13 6 4 1 15
25 29 0 6 1 7 1
9 14 0 9 1 4 5
3 13 3 9 2 0 13
1 23 19 8 6 0 9
2 20 11 10 4 0 19
16 23 0 6 1 7 3
2 10 7 9 3 0 19
0 12 3 9 2 0 15
22 4 0 6 1 8 2
3 9 7 9 3 0 13
9 27 11 7 4 4 5
1 22 16 8 5 0 9
14 16 0 8 1 5 4
2 28 3 9 2 0 19
7 26 0 7 1 1 10
4 15 0 6 1 9 1
1 18 7 9 3 0 9
13 18 0 8 1 3 5
26 10 0 8 1 3 2
23 27 0 6 1 9 2
3 4 19 8 6 0 13
