1 0 2 0 2 0 12 0
1 0 2 0 2 0 9 0
1 0 3 0 4 0 14 0
1 0 3 0 1 0 13 0
1 0 3 0 4 0 15 0
5 2 1 2 1 7 9 0
1 0 2 0 1 0 4 0
1 0 3 0 3 0 5 0
6 2 1 4 2 10 8 0
2 1 2 0 2 1 13 0
9 2 1 2 1 15 2 0
10 2 1 2 0 16 1 0
2 1 0 0 0 1 0 1
2 1 0 0 0 1 0 1
7 2 2 2 2 12 7 0
2 1 2 0 2 1 11 0
9 2 1 2 0 15 1 0
2 1 0 0 0 1 0 1
11 2 0 4 0 19 0 0
8 2 1 2 1 13 3 0
3 2 1 1 0 3 1 0
3 2 1 1 1 3 11 0
2 1 0 0 0 1 0 1
4 2 1 2 1 5 10 0
10 2 0 4 0 17 0 0
3 2 1 1 0 3 1 0
3 2 1 1 1 3 9 0
8 2 1 2 1 14 2 0
####
1 0 0 10 0 20 8 0 12 0
2 0 0 10 0 20 8 0 17 0
2 1 0 10 0 20 8 0 13 0
3 0 0 10 0 20 8 0 15 0
3 1 0 10 0 20 8 0 11 0
3 2 0 10 0 20 8 0 16 0
4 0 0 10 0 20 8 0 18 0
4 1 0 10 0 20 8 0 14 0
4 2 0 10 0 20 8 0 19 0
4 3 0 10 0 20 8 0 17 0
6 0 0 10 0 20 8 0 10 0
6 1 0 10 0 20 8 0 6 0
6 2 0 10 0 20 8 0 11 0
6 3 0 10 0 20 8 0 9 0
6 4 0 10 0 20 8 0 12 0
7 0 0 10 0 20 8 0 9 0
7 1 0 10 0 20 8 0 5 0
7 2 0 10 0 20 8 0 10 0
7 3 0 10 0 20 8 0 8 0
7 4 0 10 0 20 8 0 11 0
7 6 0 10 0 20 8 0 3 0
15 9 0 9 0 14 7 0 15 0
22 17 1 0 0 0 13 0 0 0
21 20 0 8 0 10 5 0 7 0
25 20 2 0 6 0 11 1 0 0
25 21 2 7 6 8 13 2 6 1
26 20 2 8 6 10 12 2 5 1
26 21 2 8 6 10 12 1 12 1
26 25 2 7 6 8 13 1 4 1
27 19 7 0 14 0 9 10 0 0
16 10 8 0 16 0 9 12 0 0
24 11 9 0 18 0 9 14 0 0
####
10 11 0 4 1 15 2
15 20 0 10 1 1 11
7 16 16 9 8 0 5
2 5 11 8 4 0 14
3 17 0 13 1 0 13
16 24 0 4 1 15 1
9 25 0 10 1 1 13
15 26 0 10 1 1 11
5 8 0 2 1 7 9
7 20 6 11 2 0 5
8 14 0 2 1 10 8
4 9 0 13 1 0 15
0 21 6 11 2 0 12
4 19 14 9 7 0 15
9 21 0 10 1 1 13
6 10 16 9 8 0 4
1 14 13 8 6 0 9
27 16 0 4 1 14 2
26 8 2 5 3 3 9
0 11 18 9 9 0 12
14 27 0 3 1 12 7
20 18 10 5 8 3 1
19 10 0 4 1 13 3
11 18 0 3 1 16 1
14 19 0 3 1 12 7
7 27 14 9 7 0 5
3 23 10 8 3 0 13
21 23 0 5 1 3 11
23 5 0 2 1 5 10
1 12 0 13 1 0 9
3 22 0 13 1 0 13
25 24 8 6 7 3 1
4 26 6 11 2 0 15
6 13 0 13 1 0 4
2 25 6 11 2 0 14
2 15 0 13 1 0 14
