1 0 2 0 1 0 4 0
1 0 4 0 6 0 15 0
1 0 3 0 5 0 10 0
1 0 3 0 4 0 18 0
1 0 2 0 2 0 12 0
1 0 2 0 3 0 13 0
2 1 3 0 3 1 14 0
2 1 2 0 2 1 10 0
5 2 1 2 1 7 2 0
4 2 1 2 2 6 5 0
3 2 1 2 2 4 3 0
7 2 0 2 0 10 0 0
2 1 2 0 2 1 11 0
3 2 1 1 1 3 4 0
4 2 1 3 2 6 3 0
5 2 2 2 2 8 4 0
6 2 1 2 0 9 1 0
4 2 2 2 0 5 2 0
7 1 0 2 0 10 0 1
7 2 0 3 0 12 0 0
6 1 0 2 0 9 0 1
6 1 0 2 0 8 0 1
3 2 1 1 2 3 5 0
5 2 2 2 0 7 2 0
6 2 2 2 0 9 2 0
4 2 2 2 1 5 4 0
2 1 0 0 0 1 0 1
3 2 1 2 1 4 6 0
5 1 0 2 0 6 0 1
5 1 0 2 0 6 0 1
6 2 0 2 0 9 0 0
####
1 0 0 5 0 17 11 0 3 0
2 0 0 6 0 22 9 0 5 0
2 1 0 5 0 17 11 0 6 0
3 0 0 6 0 22 9 0 7 0
3 1 0 6 0 22 9 0 9 0
3 2 0 6 0 22 9 0 8 0
4 0 0 6 0 22 9 0 6 0
4 1 0 6 0 22 9 0 10 0
4 2 0 6 0 22 9 0 7 0
4 3 0 6 0 22 9 0 5 0
5 0 0 6 0 22 9 0 3 0
5 1 0 6 0 22 9 0 14 0
5 2 0 6 0 22 9 0 4 0
5 3 0 6 0 22 9 0 9 0
5 4 0 6 0 22 9 0 10 0
7 6 0 5 0 18 7 0 12 0
12 6 0 4 0 13 9 0 5 0
26 12 1 0 0 0 10 0 0 0
22 13 2 0 4 0 10 2 0 0
27 10 2 4 4 14 13 2 4 1
14 9 3 0 8 0 10 3 0 0
17 14 3 0 8 0 10 3 0 0
17 9 3 3 8 10 13 4 2 1
25 14 3 0 8 0 10 1 0 0
25 9 3 0 8 0 10 1 0 0
23 8 4 0 12 0 11 3 0 0
23 15 4 0 12 0 11 5 0 0
15 8 4 0 12 0 11 3 0 0
28 23 4 0 12 0 11 3 0 0
28 8 4 0 12 0 11 2 0 0
28 15 4 0 12 0 11 3 0 0
29 23 4 0 12 0 11 5 0 0
29 15 4 0 12 0 11 6 0 0
21 16 5 0 17 0 11 5 0 0
21 20 5 0 17 0 11 7 0 0
20 16 5 0 17 0 11 5 0 0
24 21 5 0 17 0 11 7 0 0
24 16 5 0 17 0 11 5 0 0
24 20 5 0 17 0 11 8 0 0
30 21 5 0 17 0 11 6 0 0
30 16 5 0 17 0 11 1 0 0
30 20 5 0 17 0 11 7 0 0
30 24 5 0 17 0 11 7 0 0
18 11 6 0 22 0 9 7 0 0
19 18 6 0 22 0 9 7 0 0
19 11 6 0 22 0 9 12 0 0
####
3 15 12 11 4 0 18
10 17 0 8 1 4 3
15 20 0 10 1 8 4
17 29 0 9 1 5 2
1 17 8 10 3 0 15
1 6 0 10 1 0 15
4 22 4 10 2 0 12
25 8 0 9 1 5 4
1 11 22 9 6 0 15
6 14 4 8 2 1 14
23 30 0 10 1 7 2
4 9 8 10 3 0 12
9 15 0 9 1 6 5
12 13 0 8 1 1 11
6 10 0 8 1 1 14
2 23 12 11 4 0 10
2 13 4 10 2 0 10
23 21 0 10 1 7 2
7 10 0 8 1 1 10
8 16 0 10 1 7 2
14 23 0 9 1 6 3
16 18 0 8 1 9 1
24 19 0 8 1 9 2
17 19 10 7 3 5 2
1 24 17 11 5 0 15
7 27 0 8 1 1 10
0 30 17 11 5 0 4
24 11 0 8 1 9 2
3 26 0 10 1 0 18
27 9 0 8 1 4 6
0 8 12 11 4 0 4
25 28 0 9 1 5 4
12 22 0 8 1 1 11
22 25 0 8 1 3 5
3 12 0 10 1 0 18
15 24 0 10 1 8 4
5 16 17 11 5 0 13
13 14 0 8 1 3 4
5 7 0 10 1 0 13
2 25 8 10 3 0 10
6 27 0 8 1 1 14
