1 0 3 0 3 0 23 0
1 0 4 0 6 0 26 0
9 2 1 2 1 13 8 0
1 0 4 0 4 0 18 0
5 2 1 2 1 5 10 0
1 0 3 0 5 0 20 0
5 2 0 2 0 5 0 0
5 2 1 2 2 7 15 0
1 0 3 0 4 0 11 0
1 0 3 0 2 0 7 0
2 1 3 0 5 1 24 0
6 2 1 2 1 9 3 0
12 2 1 2 1 18 4 0
13 2 1 4 1 20 3 0
2 1 1 0 1 1 8 0
14 2 1 4 1 24 2 0
3 2 2 1 4 3 22 0
15 2 1 2 0 25 1 0
6 2 2 3 3 8 14 0
10 2 1 3 2 16 7 0
8 2 1 2 0 12 1 0
4 2 2 2 2 5 18 0
2 1 0 0 0 1 0 1
11 2 2 2 1 17 6 0
16 2 0 4 0 26 0 0
7 2 2 2 1 9 10 0
8 2 1 4 1 12 9 0
4 2 2 2 1 4 12 0
3 2 1 1 1 3 4 0
9 2 0 2 0 13 0 0
5 2 1 2 1 7 4 0
12 1 0 2 0 18 0 1
7 2 1 2 1 10 2 0
####
1 0 0 15 0 26 7 0 36 0
3 0 0 15 0 26 7 0 30 0
3 1 0 15 0 26 7 0 32 0
5 0 0 15 0 26 7 0 32 0
5 1 0 15 0 26 7 0 34 0
5 3 0 15 0 26 7 0 28 0
8 0 0 15 0 26 7 0 24 0
8 1 0 15 0 26 7 0 26 0
8 3 0 15 0 26 7 0 20 0
8 5 0 15 0 26 7 0 22 0
9 0 0 15 0 26 7 0 20 0
9 1 0 15 0 26 7 0 22 0
9 3 0 15 0 26 7 0 16 0
9 5 0 15 0 26 7 0 18 0
9 8 0 15 0 26 7 0 10 0
14 10 0 14 0 23 4 0 24 0
22 10 1 0 0 0 9 0 0 0
28 16 2 13 3 21 9 2 19 1
27 21 3 12 5 19 9 2 22 1
7 4 4 11 7 15 11 4 18 1
7 6 4 0 7 0 10 4 0 0
6 4 4 0 7 0 10 4 0 0
30 7 4 11 7 15 11 4 13 1
30 4 4 11 7 15 11 4 11 1
30 6 4 0 7 0 10 4 0 0
18 11 5 10 11 13 9 6 11 1
32 25 6 0 13 0 8 8 0 0
26 20 7 0 15 0 8 12 0 0
29 2 8 0 17 0 8 14 0 0
31 12 11 0 21 0 8 22 0 0
####
23 31 0 3 1 17 6
8 23 20 7 10 0 11
27 6 0 6 1 4 12
26 2 0 4 1 12 9
20 29 0 4 1 12 1
9 29 17 8 8 0 7
0 16 3 8 2 0 23
16 21 0 4 1 3 22
23 12 0 3 1 17 6
3 7 7 10 4 0 18
3 17 25 7 14 0 18
8 14 0 9 1 0 11
2 19 0 3 1 13 8
32 20 0 4 1 10 2
12 13 0 3 1 18 4
10 18 8 5 4 1 24
8 20 15 8 7 0 11
5 25 13 8 6 0 20
25 26 0 4 1 9 10
9 11 11 8 5 0 7
17 24 0 2 1 25 1
1 10 0 9 1 0 26
28 13 18 3 10 3 4
9 32 13 8 6 0 7
14 19 16 4 8 1 8
13 15 0 2 1 20 3
7 18 0 6 1 7 15
1 4 7 10 4 0 26
3 30 7 10 4 0 18
21 30 0 6 1 5 18
27 4 0 6 1 4 12
5 21 5 8 3 0 20
5 28 3 8 2 0 20
10 28 0 5 1 1 24
15 17 0 2 1 24 2
18 32 0 4 1 8 14
11 15 11 3 8 9 3
3 12 21 8 11 0 18
1 22 0 9 1 0 26
18 25 0 4 1 8 14
10 16 0 5 1 1 24
25 24 11 3 9 9 10
1 27 5 8 3 0 26
30 11 0 6 1 7 4
4 26 4 6 3 5 10
16 27 0 4 1 3 22
0 6 7 10 4 0 23
19 23 0 2 1 16 7
21 7 0 6 1 5 18
0 2 17 8 8 0 23
