1 0 3 0 3 0 16 0
3 2 1 2 2 4 3 0
1 0 2 0 2 0 5 0
7 2 1 2 1 11 2 0
1 0 2 0 2 0 6 0
2 1 2 0 2 1 10 0
1 0 2 0 4 0 15 0
1 0 4 0 1 0 6 0
6 2 1 3 0 8 1 0
2 1 1 0 2 1 3 0
1 0 4 0 5 0 17 0
2 2 1 0 0 2 1 0
5 2 1 2 1 8 4 0
7 1 0 2 0 9 0 1
3 2 1 3 2 5 9 0
4 2 2 2 2 6 8 0
4 2 2 3 0 7 2 0
3 2 0 2 0 4 0 0
8 2 1 2 0 12 1 0
2 2 2 0 2 2 14 0
5 2 1 2 1 7 2 0
2 1 0 0 0 1 0 1
9 1 0 2 0 13 0 1
6 2 1 2 1 10 3 0
5 2 0 2 0 8 0 0
5 1 0 2 0 8 0 1
2 1 0 0 0 1 0 1
####
2 0 0 8 0 20 7 0 11 0
4 0 0 8 0 20 7 0 10 0
4 2 0 8 0 20 7 0 7 0
6 0 0 8 0 20 7 0 14 0
6 2 0 8 0 20 7 0 11 0
6 4 0 8 0 20 7 0 10 0
7 0 0 4 0 11 10 0 4 0
7 4 0 2 0 6 9 0 1 0
7 6 0 4 0 11 10 0 5 0
10 0 0 8 0 20 7 0 14 0
10 2 0 8 0 20 7 0 11 0
10 4 0 8 0 20 7 0 10 0
10 6 0 8 0 20 7 0 14 0
10 7 0 4 0 11 10 0 5 0
19 5 0 7 0 14 7 0 12 0
19 9 0 3 0 5 10 0 3 0
19 11 1 0 0 0 12 0 0 0
21 5 1 0 0 0 12 0 0 0
26 9 1 0 0 0 12 0 0 0
17 1 2 0 6 0 9 2 0 0
17 14 2 0 6 0 9 2 0 0
14 1 2 0 6 0 9 1 0 0
16 15 3 0 9 0 8 3 0 0
20 12 4 0 11 0 10 6 0 0
24 12 4 0 11 0 10 5 0 0
24 20 4 0 11 0 10 5 0 0
25 12 4 0 11 0 10 5 0 0
25 20 4 0 11 0 10 5 0 0
25 24 4 0 11 0 10 4 0 0
23 8 5 0 15 0 8 8 0 0
13 3 6 0 17 0 8 10 0 0
####
18 22 0 2 1 12 1
10 11 0 12 1 0 17
8 13 0 4 1 8 1
15 20 0 6 1 6 8
23 3 0 4 1 10 3
2 12 11 10 4 0 5
20 8 0 6 1 7 2
16 24 0 6 1 7 2
5 8 9 8 4 1 10
15 12 0 6 1 6 8
0 21 0 12 1 0 16
1 16 0 5 1 4 3
7 24 11 10 4 0 6
19 14 0 9 1 2 14
10 18 19 7 7 0 17
4 23 15 8 5 0 6
16 25 0 6 1 7 2
6 15 9 8 3 0 15
10 19 0 12 1 0 17
9 16 3 8 2 1 3
14 15 0 5 1 5 9
0 5 0 12 1 0 16
2 3 17 8 6 0 5
4 11 0 12 1 0 6
7 9 0 12 1 0 6
0 1 6 9 2 0 16
6 19 0 12 1 0 15
11 17 0 9 1 2 1
7 26 0 12 1 0 6
5 14 0 9 1 1 10
3 18 0 3 1 11 2
10 20 11 10 4 0 17
7 17 6 9 2 0 6
12 23 0 6 1 8 4
19 1 0 9 1 2 14
