1 0 3 0 3 0 12 0
1 0 2 0 3 0 7 0
5 1 0 2 0 5 0 1
1 0 3 0 6 0 16 0
1 0 4 0 3 0 8 0
1 0 3 0 5 0 17 0
1 0 2 0 1 0 8 0
4 2 1 2 2 5 3 0
6 2 1 2 1 8 4 0
2 1 2 0 4 1 7 0
2 1 3 0 4 1 16 0
3 2 1 1 2 2 4 0
5 2 1 2 0 7 1 0
2 1 1 0 1 1 4 0
7 2 1 2 1 10 3 0
4 2 1 2 0 4 1 0
6 2 0 4 0 13 0 0
3 2 1 1 1 2 7 0
8 2 1 2 1 11 2 0
4 2 2 2 1 4 3 0
4 2 1 2 1 4 6 0
5 2 0 2 0 6 0 0
9 2 1 4 0 15 1 0
6 1 0 2 0 7 0 1
10 1 0 2 0 16 0 1
3 2 2 1 1 3 4 0
5 2 2 3 0 6 2 0
4 1 0 2 0 4 0 1
5 2 1 2 1 6 5 0
3 2 2 1 2 3 6 0
4 2 1 2 1 5 2 0
####
1 0 0 5 0 18 9 0 5 0
3 0 0 9 0 24 7 0 7 0
3 1 0 5 0 18 9 0 7 0
4 0 0 9 0 24 7 0 10 0
4 1 0 5 0 18 9 0 4 0
4 3 0 9 0 24 7 0 7 0
5 0 0 9 0 24 7 0 15 0
5 1 0 5 0 18 9 0 7 0
5 3 0 9 0 24 7 0 12 0
5 4 0 9 0 24 7 0 15 0
6 0 0 9 0 24 7 0 11 0
6 1 0 4 0 13 11 0 2 0
6 3 0 9 0 24 7 0 8 0
6 4 0 9 0 24 7 0 11 0
6 5 0 9 0 24 7 0 16 0
10 9 0 4 0 15 6 0 6 0
13 10 0 8 0 21 4 0 12 0
17 11 2 7 3 17 11 2 8 1
25 11 2 0 3 0 10 2 0 0
25 17 2 0 3 0 10 2 0 0
29 25 2 3 3 11 13 1 4 1
19 7 3 0 7 0 12 2 0 0
19 15 3 0 7 0 12 2 0 0
20 19 3 6 7 11 13 4 6 1
27 19 3 0 7 0 12 1 0 0
27 20 3 0 7 0 12 4 0 0
27 7 3 0 7 0 12 3 0 0
27 15 3 0 7 0 12 3 0 0
15 7 3 0 7 0 12 2 0 0
30 19 3 0 7 0 12 1 0 0
30 20 3 0 7 0 12 4 0 0
30 27 3 0 7 0 12 2 0 0
30 7 3 2 7 5 15 0 2 1
30 15 3 0 7 0 12 3 0 0
28 2 4 0 13 0 11 6 0 0
28 21 4 0 13 0 11 1 0 0
28 26 4 0 13 0 11 1 0 0
28 12 4 0 13 0 11 1 0 0
21 2 4 0 13 0 11 4 0 0
21 12 4 0 13 0 11 5 0 0
26 2 4 0 13 0 11 4 0 0
26 21 4 0 13 0 11 4 0 0
26 12 4 1 13 0 14 2 0 1
12 2 4 0 13 0 11 3 0 0
23 8 5 0 18 0 9 3 0 0
23 16 5 0 18 0 9 6 0 0
16 8 5 0 18 0 9 5 0 0
####
9 26 10 8 3 1 7
30 12 0 11 1 5 2
3 25 3 10 2 0 16
10 11 0 7 1 1 16
18 22 0 2 1 11 2
10 17 0 7 1 1 16
4 8 18 9 5 0 8
26 23 0 8 1 6 2
4 18 22 7 7 0 8
17 20 0 10 1 2 7
28 8 0 8 1 6 5
1 15 7 12 3 0 7
9 29 0 7 1 1 7
6 21 13 11 4 0 8
4 12 13 11 4 0 8
25 27 0 10 1 3 4
0 7 7 12 3 0 12
19 22 10 7 5 4 3
12 16 0 8 1 7 1
26 16 0 8 1 6 2
1 29 3 10 2 0 7
11 19 0 10 1 2 4
0 28 13 11 4 0 12
8 14 0 4 1 8 4
25 30 0 10 1 3 4
14 18 0 2 1 10 3
4 13 0 9 1 0 8
29 7 0 10 1 3 6
22 24 0 2 1 15 1
5 11 3 10 2 0 17
5 17 3 10 2 0 17
19 2 0 11 1 4 3
3 9 0 9 1 0 16
3 19 7 12 3 0 16
0 30 7 12 3 0 12
29 15 0 10 1 3 6
5 10 0 9 1 0 17
7 26 0 11 1 5 3
13 14 18 4 5 1 4
15 21 0 11 1 4 1
10 25 0 7 1 1 16
6 20 7 12 3 0 8
20 28 0 11 1 4 6
