1 0 3 0 3 0 10 0
1 0 3 0 3 0 8 0
1 0 3 0 2 0 6 0
1 0 2 0 3 0 7 0
4 2 1 2 0 4 1 0
1 0 2 0 3 0 9 0
1 0 2 0 2 0 7 0
1 0 4 0 5 0 12 0
4 2 1 2 1 3 2 0
5 2 1 2 1 6 3 0
5 2 1 2 0 7 1 0
2 1 2 0 2 1 8 0
3 2 1 1 1 3 2 0
2 1 2 0 2 1 8 0
2 1 1 0 2 1 6 0
3 2 1 1 1 3 5 0
3 2 1 1 2 3 4 0
6 2 1 2 1 8 2 0
4 2 1 2 0 4 1 0
4 2 1 2 1 5 4 0
3 2 1 1 0 2 1 0
5 2 0 4 0 11 0 0
6 2 0 4 0 11 0 0
2 1 0 0 0 1 0 1
4 2 2 2 1 5 3 0
5 2 1 2 0 5 1 0
7 2 1 2 0 10 1 0
3 2 2 1 2 2 5 0
6 2 0 3 0 10 0 0
8 1 0 2 0 11 0 1
####
1 0 0 4 0 14 11 0 4 0
2 0 0 5 0 18 10 0 5 0
2 1 0 7 0 22 8 0 7 0
3 0 0 5 0 18 10 0 6 0
3 1 0 4 0 14 11 0 2 0
3 2 0 5 0 18 10 0 3 0
5 0 0 5 0 18 10 0 6 0
5 1 0 7 0 22 8 0 11 0
5 2 0 7 0 22 8 0 8 0
5 3 0 5 0 18 10 0 4 0
6 0 0 5 0 18 10 0 7 0
6 1 0 7 0 22 8 0 6 0
6 2 0 7 0 22 8 0 3 0
6 3 0 5 0 18 10 0 5 0
6 5 0 7 0 22 8 0 7 0
7 0 0 5 0 18 10 0 8 0
7 1 0 7 0 22 8 0 9 0
7 2 0 7 0 22 8 0 6 0
7 3 0 5 0 18 10 0 6 0
7 5 0 7 0 22 8 0 10 0
7 6 0 7 0 22 8 0 5 0
13 11 0 4 0 14 7 0 4 0
14 11 0 4 0 14 7 0 5 0
16 12 2 0 4 0 12 2 0 0
20 15 2 0 4 0 12 2 0 0
20 16 0 3 0 9 8 0 2 0
27 12 0 3 0 9 8 0 3 0
27 16 0 2 0 5 9 0 2 0
18 8 0 2 0 4 8 0 1 0
19 4 3 0 9 0 12 1 0 0
19 8 3 0 9 0 12 2 0 0
24 18 3 0 9 0 12 4 0 0
24 4 0 1 0 0 9 0 0 0
8 4 3 0 9 0 12 4 0 0
21 9 4 0 14 0 11 3 0 0
21 10 4 0 14 0 11 6 0 0
25 9 4 0 14 0 11 4 0 0
25 10 4 0 14 0 11 3 0 0
25 21 4 0 14 0 11 3 0 0
22 17 5 0 18 0 10 1 0 0
28 17 5 0 18 0 10 6 0 0
28 22 5 0 18 0 10 8 0 0
####
11 16 0 9 1 1 8
5 13 0 11 1 0 9
1 15 4 12 2 0 8
15 19 0 10 1 3 5
16 24 0 10 1 3 4
3 24 9 12 3 0 7
26 29 0 2 1 10 1
2 23 0 11 1 0 6
7 19 9 12 3 0 12
0 11 0 11 1 0 10
14 27 0 9 1 1 6
9 17 0 7 1 6 3
13 20 0 9 1 1 8
10 22 0 7 1 7 1
24 10 0 9 1 5 3
8 25 0 9 1 3 2
7 14 0 11 1 0 12
20 22 9 8 3 2 1
0 25 14 11 4 0 10
7 27 4 12 2 0 12
13 15 0 9 1 1 8
4 21 0 9 1 4 1
0 18 9 12 3 0 10
1 4 9 12 3 0 8
2 10 14 11 4 0 6
12 18 0 10 1 3 2
27 4 0 10 1 2 5
18 28 4 8 2 4 1
1 9 14 11 4 0 8
17 26 0 4 1 8 2
6 26 21 8 6 0 7
11 12 0 9 1 1 8
25 28 0 7 1 5 1
2 17 18 10 5 0 6
7 8 9 12 3 0 12
19 9 0 9 1 5 4
3 12 4 12 2 0 7
5 20 4 12 2 0 9
27 8 0 10 1 2 5
24 21 0 9 1 5 3
6 16 4 12 2 0 7
