1 0 3 0 4 0 21 0
1 0 1 0 1 0 4 0
1 0 2 0 1 0 5 0
4 1 2 2 4 4 11 0
6 2 0 2 0 7 0 0
1 0 4 0 5 0 17 0
1 0 3 0 4 0 17 0
1 0 2 0 1 0 4 0
8 2 1 2 0 11 1 0
1 0 3 0 3 0 10 0
8 2 0 2 0 12 0 0
2 1 3 0 5 1 19 0
5 2 1 2 1 7 2 0
9 1 0 2 0 12 0 1
6 2 1 2 1 9 3 0
6 2 1 2 0 8 1 0
6 2 1 2 1 9 2 0
3 2 1 1 1 3 4 0
5 2 1 2 0 7 1 0
2 1 2 0 3 1 12 0
6 1 0 2 0 6 0 1
3 2 2 1 2 3 13 0
5 2 2 2 2 7 7 0
3 2 1 1 1 3 3 0
6 2 0 4 0 12 0 0
4 2 1 2 1 5 3 0
5 2 2 2 0 5 2 0
7 2 1 2 0 10 1 0
7 2 1 2 1 10 2 0
7 1 0 2 0 9 0 1
2 1 0 0 0 1 0 1
4 2 1 2 1 5 2 0
####
1 0 0 8 0 24 8 0 10 0
2 0 0 5 0 13 13 0 5 0
5 0 0 8 0 24 8 0 13 0
5 1 0 8 0 24 8 0 9 0
5 2 0 5 0 13 13 0 4 0
6 0 0 8 0 24 8 0 12 0
6 1 0 8 0 24 8 0 8 0
6 2 0 5 0 13 13 0 7 0
6 5 0 8 0 24 8 0 11 0
7 0 0 7 0 22 9 0 6 0
7 2 0 5 0 13 13 0 5 0
7 5 0 7 0 22 9 0 5 0
7 6 0 7 0 22 9 0 4 0
9 0 0 7 0 22 9 0 8 0
9 2 0 5 0 13 13 0 4 0
9 5 0 7 0 22 9 0 7 0
9 6 0 7 0 22 9 0 6 0
9 7 0 7 0 22 9 0 2 0
19 11 0 7 0 21 4 0 10 0
30 11 1 0 0 0 10 0 0 0
21 17 2 0 3 0 10 2 0 0
23 21 0 3 0 7 9 0 2 0
25 3 3 0 6 0 10 4 0 0
31 25 3 0 6 0 10 2 0 0
22 12 4 0 9 0 11 6 0 0
22 18 4 0 9 0 11 4 0 0
26 22 4 0 9 0 11 6 0 0
26 12 4 0 9 0 11 6 0 0
18 12 4 0 9 0 11 4 0 0
14 4 5 0 13 0 13 8 0 0
16 14 5 0 13 0 13 8 0 0
16 15 5 0 13 0 13 8 0 0
16 4 5 0 13 0 13 8 0 0
15 14 5 0 13 0 13 8 0 0
15 4 5 0 13 0 13 8 0 0
20 14 5 0 13 0 13 8 0 0
20 16 5 0 13 0 13 8 0 0
20 15 5 0 13 0 13 8 0 0
20 4 5 0 13 0 13 8 0 0
24 14 5 0 13 0 13 6 0 0
24 16 5 0 13 0 13 6 0 0
24 15 5 0 13 0 13 6 0 0
24 4 5 0 13 0 13 6 0 0
24 20 5 0 13 0 13 6 0 0
28 27 6 0 19 0 10 10 0 0
29 27 6 0 19 0 10 10 0 0
29 28 6 0 19 0 10 10 0 0
10 8 7 0 22 0 9 12 0 0
####
8 13 0 3 1 11 1
23 31 0 6 1 3 3
25 12 0 7 1 5 3
28 8 0 5 1 10 2
17 25 0 6 1 3 4
19 22 6 7 3 1 12
9 18 9 11 4 0 10
26 20 0 10 1 5 2
31 18 0 7 1 5 2
5 12 9 11 4 0 17
1 14 13 13 5 0 4
22 16 0 10 1 7 7
22 14 0 10 1 7 7
2 23 3 10 2 0 5
27 10 0 5 1 10 1
0 11 0 10 1 0 21
6 25 6 10 3 0 17
9 17 3 10 2 0 10
7 10 22 9 7 0 4
6 15 13 13 5 0 17
14 28 0 9 1 9 3
18 24 0 10 1 7 1
11 26 6 7 3 1 19
9 16 13 13 5 0 10
15 29 0 9 1 8 1
7 31 6 10 3 0 4
26 4 0 10 1 5 2
5 21 3 10 2 0 17
11 21 0 6 1 1 19
0 30 0 10 1 0 21
5 28 19 10 6 0 17
3 26 0 7 1 4 11
0 8 22 9 7 0 21
6 19 0 10 1 0 17
12 15 0 10 1 7 2
11 17 0 6 1 1 19
3 22 0 7 1 4 11
21 3 0 6 1 3 13
16 27 0 9 1 9 2
5 27 19 10 6 0 17
19 23 0 6 1 1 12
2 4 13 13 5 0 5
21 24 7 9 3 3 13
