1 0 3 0 3 0 7 0
1 0 3 0 6 0 21 0
5 2 1 2 1 7 4 0
1 0 2 0 5 0 14 0
7 2 1 2 1 11 2 0
1 0 2 0 3 0 8 0
7 1 0 2 0 9 0 1
5 2 1 2 0 6 1 0
1 0 3 0 3 0 10 0
1 0 4 0 6 0 19 0
2 1 3 0 3 1 13 0
7 2 1 2 0 10 1 0
4 2 1 2 1 5 3 0
3 1 0 1 0 2 0 1
5 2 1 2 2 6 4 0
2 1 3 0 2 1 10 0
8 2 1 4 0 15 1 0
3 2 2 1 1 3 7 0
2 1 2 0 2 1 7 0
3 2 1 1 2 3 8 0
3 1 0 1 0 2 0 1
4 2 1 2 1 5 5 0
5 2 1 2 1 7 2 0
6 2 0 3 0 9 0 0
4 2 2 2 2 5 7 0
6 2 2 2 1 8 3 0
3 2 2 1 0 3 2 0
6 2 1 3 1 10 3 0
4 2 0 4 0 7 0 0
3 2 1 1 1 3 4 0
9 2 0 4 0 23 0 0
4 1 0 2 0 4 0 1
####
1 0 0 8 0 25 7 0 19 0
3 0 0 8 0 25 7 0 15 0
3 1 0 8 0 25 7 0 22 0
5 0 0 8 0 25 7 0 10 0
5 1 0 8 0 25 7 0 17 0
5 3 0 8 0 25 7 0 13 0
8 0 0 8 0 25 7 0 15 0
8 1 0 8 0 25 7 0 22 0
8 3 0 8 0 25 7 0 18 0
8 5 0 8 0 25 7 0 13 0
9 0 0 8 0 25 7 0 18 0
9 1 0 8 0 25 7 0 25 0
9 3 0 8 0 25 7 0 21 0
9 5 0 8 0 25 7 0 16 0
9 8 0 8 0 25 7 0 21 0
15 10 0 7 0 22 4 0 11 0
18 10 0 7 0 22 4 0 11 0
18 15 0 7 0 22 4 0 12 0
17 13 2 0 3 0 12 1 0 0
19 13 2 0 3 0 12 2 0 0
19 17 2 6 3 16 13 1 9 1
20 17 2 0 3 0 12 2 0 0
26 13 2 0 3 0 12 2 0 0
26 17 2 1 3 0 17 1 0 1
26 19 2 0 3 0 12 0 0 0
29 17 0 6 0 16 7 0 8 0
29 19 2 6 3 16 13 1 7 1
29 26 2 0 3 0 12 1 0 0
21 12 3 5 9 11 12 1 6 1
24 21 3 5 9 11 12 3 7 1
24 12 3 5 9 11 12 3 5 1
28 21 3 0 9 0 11 4 0 0
28 24 3 0 9 0 11 5 0 0
28 12 3 0 9 0 11 3 0 0
31 21 3 0 9 0 11 3 0 0
31 24 3 0 9 0 11 2 0 0
31 28 3 0 9 0 11 2 0 0
31 12 3 0 9 0 11 3 0 0
7 2 4 0 14 0 10 5 0 0
14 2 4 4 14 7 11 5 5 1
14 7 4 0 14 0 10 6 0 0
22 2 4 4 14 7 11 1 4 1
22 7 4 0 14 0 10 3 0 0
22 14 4 4 14 7 11 3 3 1
25 23 5 0 18 0 9 8 0 0
27 23 5 0 18 0 9 7 0 0
27 25 5 3 18 4 10 7 3 1
6 4 6 0 21 0 9 9 0 0
11 6 6 0 21 0 9 10 0 0
11 4 6 2 21 1 10 9 1 1
####
9 26 3 12 2 0 19
3 15 0 9 1 0 14
3 25 18 9 5 0 14
15 20 0 9 1 1 10
21 2 0 9 1 5 5
1 17 3 12 2 0 21
26 28 0 11 1 3 2
10 26 0 9 1 1 13
9 18 0 9 1 0 19
15 23 15 6 4 1 10
17 28 0 11 1 3 7
18 27 15 6 4 1 7
22 16 6 5 3 7 2
24 14 0 9 1 5 7
29 12 0 11 1 3 4
8 29 3 12 2 0 10
0 4 21 9 6 0 7
1 10 0 9 1 0 21
2 27 0 7 1 7 4
7 23 0 7 1 6 1
25 11 0 6 1 8 3
9 14 14 10 4 0 19
11 30 1 4 2 10 1
16 30 0 2 1 15 1
10 13 0 9 1 1 13
8 11 21 9 6 0 10
8 21 9 11 3 0 10
10 19 0 9 1 1 13
5 24 9 11 3 0 8
0 12 9 11 3 0 7
19 24 0 11 1 3 8
4 16 0 4 1 11 2
27 4 0 6 1 10 3
12 22 0 9 1 5 3
15 17 0 9 1 1 10
1 22 14 10 4 0 21
24 7 0 9 1 5 7
14 25 0 7 1 6 4
5 7 14 10 4 0 8
25 6 0 6 1 8 3
26 31 0 11 1 3 2
17 21 0 11 1 3 7
18 29 0 9 1 1 7
9 19 3 12 2 0 19
0 2 14 10 4 0 7
