1 0 4 0 3 0 14 0
1 0 2 0 3 0 7 0
1 0 1 0 1 0 13 0
1 0 2 0 2 0 11 0
1 0 4 0 5 0 21 0
1 0 1 0 2 0 24 0
1 0 4 0 3 0 6 0
1 0 4 0 4 0 21 0
9 2 1 2 3 12 7 0
5 2 1 2 1 7 11 0
8 2 1 2 0 12 1 0
10 1 3 2 3 13 6 0
5 2 1 2 2 7 6 0
6 2 2 2 2 8 5 0
2 1 0 0 0 1 0 1
2 1 2 0 1 1 3 0
2 1 2 0 2 1 23 0
3 1 0 1 0 2 0 1
11 2 1 1 0 15 1 0
7 2 1 2 0 10 1 0
3 2 1 1 1 3 8 0
3 2 1 1 1 3 13 0
8 2 0 2 0 11 0 0
11 2 1 1 0 15 1 0
7 2 1 2 1 10 9 0
3 2 1 1 0 3 1 0
11 2 1 1 0 15 1 0
9 1 0 2 0 13 0 1
6 2 1 2 1 9 10 0
12 2 0 4 0 19 0 0
4 2 1 2 1 5 7 0
8 2 1 2 1 11 8 0
7 2 1 2 1 10 2 0
12 1 0 2 0 16 0 1
12 1 0 2 0 16 0 1
4 2 1 2 1 5 12 0
####
1 0 0 11 0 25 11 0 8 0
2 0 0 11 0 25 11 0 14 0
2 1 0 11 0 25 11 0 10 0
3 0 0 11 0 25 11 0 7 0
3 1 0 8 0 19 10 0 8 0
3 2 0 11 0 25 11 0 9 0
4 0 0 11 0 25 11 0 15 0
4 1 0 11 0 25 11 0 11 0
4 2 0 11 0 25 11 0 17 0
4 3 0 11 0 25 11 0 10 0
5 0 0 11 0 25 11 0 16 0
5 1 0 11 0 25 11 0 12 0
5 2 0 11 0 25 11 0 18 0
5 3 0 11 0 25 11 0 11 0
5 4 0 11 0 25 11 0 19 0
6 0 0 11 0 25 11 0 7 0
6 1 0 11 0 25 11 0 3 0
6 2 0 11 0 25 11 0 9 0
6 3 0 7 0 16 11 0 6 0
6 4 0 11 0 25 11 0 10 0
6 5 0 11 0 25 11 0 11 0
7 0 0 11 0 25 11 0 13 0
7 1 0 11 0 25 11 0 10 0
7 2 0 11 0 25 11 0 15 0
7 3 0 11 0 25 11 0 8 0
7 4 0 11 0 25 11 0 16 0
7 5 0 11 0 25 11 0 17 0
7 6 0 11 0 25 11 0 8 0
16 15 0 10 0 22 6 0 10 0
21 20 2 0 3 0 12 2 0 0
25 17 2 0 3 0 12 2 0 0
25 21 0 9 0 18 7 0 8 0
35 30 3 0 7 0 10 4 0 0
12 9 4 0 9 0 10 2 0 0
28 13 5 0 11 0 10 4 0 0
32 19 6 0 13 0 11 8 0 0
32 24 6 0 13 0 11 6 0 0
24 19 6 0 13 0 11 6 0 0
22 10 7 0 16 0 11 10 0 0
31 22 7 0 16 0 11 8 0 0
31 10 7 0 16 0 11 2 0 0
27 8 8 0 19 0 10 4 0 0
23 18 10 0 22 0 11 10 0 0
26 18 10 0 22 0 11 10 0 0
26 23 10 0 22 0 11 10 0 0
33 29 11 0 25 0 11 12 0 0
34 29 11 0 25 0 11 12 0 0
34 33 11 0 25 0 11 12 0 0
####
30 12 0 4 1 5 7
0 14 0 11 1 0 14
7 25 3 12 2 0 21
1 15 0 11 1 0 7
11 23 0 4 1 13 6
21 35 0 6 1 3 13
4 12 9 10 4 0 21
16 21 0 7 1 1 23
0 10 16 11 7 0 14
19 22 0 6 1 10 1
4 31 16 11 7 0 21
24 31 0 6 1 10 9
13 32 0 5 1 8 5
0 28 11 10 5 0 14
31 8 0 5 1 11 8
12 13 0 4 1 7 6
0 24 13 11 6 0 14
3 20 3 12 2 0 11
20 30 0 6 1 3 8
9 28 0 4 1 7 11
4 13 11 10 5 0 21
10 27 0 5 1 12 1
32 10 0 6 1 10 2
2 35 7 10 3 0 13
6 22 16 11 7 0 6
11 18 0 4 1 13 6
1 32 13 11 6 0 7
25 29 18 7 9 3 1
6 18 22 11 10 0 6
15 25 0 7 1 1 3
8 11 0 3 1 12 7
11 26 0 4 1 13 6
6 23 22 11 10 0 6
13 19 0 5 1 8 5
3 26 22 11 10 0 11
23 33 0 6 1 15 1
7 9 9 10 4 0 21
6 19 13 11 6 0 6
15 17 0 7 1 1 3
28 24 0 5 1 9 10
5 16 0 11 1 0 24
26 34 0 6 1 15 1
7 30 7 10 3 0 21
35 9 0 4 1 5 12
18 29 0 6 1 15 1
16 20 0 7 1 1 23
4 21 3 12 2 0 21
7 8 19 10 8 0 21
