1 0 4 0 4 0 6 0
1 0 3 0 2 0 10 0
1 0 3 0 4 0 9 0
1 0 3 0 4 0 21 0
1 0 2 0 2 0 7 0
9 2 1 2 0 11 1 0
2 1 2 0 5 1 20 0
3 1 3 1 4 2 19 0
6 2 1 2 0 8 1 0
7 2 1 2 1 8 2 0
6 2 1 2 1 6 4 0
7 2 1 2 1 8 3 0
8 2 1 2 0 9 1 0
10 1 0 2 0 12 0 1
4 2 2 2 4 3 14 0
5 2 2 2 2 4 7 0
4 2 1 1 1 4 3 0
6 2 1 3 0 5 1 0
5 2 2 2 1 5 5 0
7 1 0 2 0 6 0 1
6 2 0 2 0 6 0 0
2 1 0 0 0 1 0 1
5 2 1 2 1 6 2 0
9 1 0 2 0 10 0 1
6 2 1 2 1 7 3 0
7 1 0 2 0 9 0 1
8 2 1 2 1 10 2 0
####
1 0 0 6 0 13 9 0 4 0
2 0 0 8 0 19 7 0 7 0
2 1 0 9 0 21 6 0 6 0
3 0 0 8 0 19 7 0 10 0
3 1 0 9 0 21 6 0 12 0
3 2 0 9 0 21 6 0 10 0
4 0 0 6 0 13 9 0 3 0
4 1 0 9 0 21 6 0 7 0
4 2 0 9 0 21 6 0 5 0
4 3 0 9 0 21 6 0 11 0
16 14 3 0 3 0 7 4 0 0
18 15 4 0 5 0 8 6 0 0
22 15 4 0 5 0 8 6 0 0
22 18 4 0 5 0 8 6 0 0
10 8 5 0 8 0 10 2 0 0
17 10 5 0 8 0 10 8 0 0
17 8 5 0 8 0 10 8 0 0
20 10 5 0 8 0 10 8 0 0
20 17 5 0 8 0 10 8 0 0
20 8 5 0 8 0 10 8 0 0
24 10 5 0 8 0 10 8 0 0
24 17 5 0 8 0 10 8 0 0
24 20 5 0 8 0 10 2 0 0
24 8 5 0 8 0 10 0 0 0
11 9 6 0 13 0 9 10 0 0
19 11 6 0 13 0 9 10 0 0
19 9 6 0 13 0 9 10 0 0
25 11 6 0 13 0 9 4 0 0
25 19 6 0 13 0 9 10 0 0
25 9 6 0 13 0 9 2 0 0
26 12 7 0 17 0 7 3 0 0
23 5 8 0 19 0 7 5 0 0
####
1 21 0 7 1 0 10
3 15 5 8 4 0 21
10 11 0 9 1 6 4
2 18 5 8 4 0 9
5 13 0 3 1 11 1
7 16 0 3 1 2 19
4 22 5 8 4 0 7
2 5 19 7 8 0 9
6 14 1 4 2 1 20
24 9 0 9 1 7 3
2 26 17 7 7 0 9
6 7 0 3 1 1 20
1 16 3 7 3 0 10
14 18 0 5 1 3 14
0 24 8 10 5 0 6
3 20 8 10 5 0 21
16 22 0 5 1 4 3
3 6 0 7 1 0 21
1 10 8 10 5 0 10
18 20 0 8 1 5 5
8 25 0 9 1 8 1
7 14 0 3 1 2 19
17 19 0 9 1 5 1
18 24 0 8 1 5 5
15 10 0 8 1 4 7
0 12 17 7 7 0 6
11 26 0 6 1 8 3
14 15 0 5 1 3 14
0 8 8 10 5 0 6
4 11 13 9 6 0 7
15 17 0 8 1 4 7
26 5 0 4 1 10 2
22 8 0 8 1 6 2
7 17 5 6 3 2 19
0 9 13 9 6 0 6
12 23 0 4 1 9 1
9 12 0 6 1 8 2
