1 0 3 0 3 0 18 0
1 0 3 0 4 0 22 0
1 0 3 0 4 0 11 0
1 0 4 0 5 0 13 0
1 0 3 0 2 0 6 0
1 0 3 0 4 0 15 0
2 1 2 0 3 1 18 0
5 2 1 2 0 6 1 0
11 2 1 2 1 17 2 0
3 1 2 1 3 2 17 0
4 2 1 2 2 5 11 0
2 1 2 0 1 1 14 0
8 2 1 2 1 14 6 0
5 2 1 2 1 5 4 0
9 2 1 2 2 15 5 0
6 2 0 2 0 7 0 0
5 2 2 2 1 7 10 0
9 2 0 4 0 17 0 0
6 2 1 3 1 6 3 0
12 2 1 2 0 18 1 0
13 1 0 2 0 19 0 1
6 2 1 2 1 8 8 0
7 2 1 2 1 8 2 0
10 2 2 2 1 16 4 0
11 1 0 2 0 17 0 1
8 2 1 2 0 10 1 0
4 2 1 1 1 4 5 0
4 2 2 1 2 4 10 0
3 2 0 1 0 3 0 0
3 2 1 1 1 3 12 0
7 2 1 4 1 13 7 0
####
1 0 0 12 0 24 7 0 22 0
2 0 0 12 0 24 7 0 18 0
2 1 0 12 0 24 7 0 20 0
3 0 0 12 0 24 7 0 17 0
3 1 0 12 0 24 7 0 19 0
3 2 0 12 0 24 7 0 15 0
4 0 0 8 0 18 8 0 10 0
4 1 0 8 0 18 8 0 11 0
4 2 0 8 0 18 8 0 3 0
4 3 0 8 0 18 8 0 3 0
5 0 0 12 0 24 7 0 21 0
5 1 0 12 0 24 7 0 23 0
5 2 0 12 0 24 7 0 19 0
5 3 0 12 0 24 7 0 18 0
5 4 0 8 0 18 8 0 6 0
11 6 0 11 0 22 3 0 18 0
29 9 0 10 0 19 4 0 16 0
29 28 2 0 2 0 9 2 0 0
26 10 3 5 5 10 11 1 5 1
27 26 3 0 5 0 9 4 0 0
27 10 3 9 5 16 10 2 14 1
13 7 4 0 8 0 9 6 0 0
16 13 4 4 8 7 11 3 3 1
16 7 4 0 8 0 9 4 0 0
18 15 5 0 11 0 9 8 0 0
21 18 5 0 11 0 9 5 0 0
21 15 5 0 11 0 9 6 0 0
30 22 6 0 14 0 8 7 0 0
25 12 7 0 16 0 8 9 0 0
17 14 8 0 18 0 8 14 0 0
24 8 10 0 21 0 8 16 0 0
####
9 26 0 6 1 2 17
30 12 0 4 1 13 7
4 7 8 9 4 0 6
6 9 0 5 1 1 18
3 15 11 9 5 0 13
3 25 16 8 7 0 13
18 22 0 5 1 6 3
23 8 0 3 1 16 4
11 28 0 5 1 1 14
5 19 23 7 11 0 15
8 19 0 3 1 17 2
16 21 0 6 1 7 10
4 22 14 8 6 0 6
2 12 16 8 7 0 11
1 6 0 8 1 0 22
16 17 7 5 4 7 10
7 15 0 6 1 6 1
1 10 5 9 3 0 22
0 29 2 9 2 0 18
14 23 0 3 1 15 5
3 27 5 9 3 0 13
2 16 8 9 4 0 11
6 18 9 5 4 1 18
4 28 2 9 2 0 6
12 14 0 4 1 14 6
5 11 0 8 1 0 15
3 23 20 7 9 0 13
21 30 0 5 1 8 8
26 13 0 6 1 4 5
19 20 0 2 1 18 1
23 24 0 3 1 16 4
22 25 0 4 1 8 2
9 27 0 6 1 2 17
25 17 0 4 1 10 1
0 26 5 9 3 0 18
10 16 0 6 1 5 11
2 21 11 9 5 0 11
0 13 8 9 4 0 18
29 10 0 6 1 3 12
11 29 0 5 1 1 14
5 14 18 8 8 0 15
27 7 0 6 1 4 10
1 8 21 8 10 0 22
13 18 0 6 1 5 4
27 30 6 5 3 4 10
