1 0 4 0 3 0 12 0
1 0 3 0 7 0 22 0
1 0 4 0 4 0 17 0
1 0 3 0 4 0 17 0
1 0 3 0 2 0 20 0
17 2 1 2 1 25 3 0
2 1 2 0 1 1 16 0
10 2 1 2 1 15 10 0
10 2 1 2 1 15 9 0
2 1 3 0 3 1 21 0
3 2 1 1 1 3 18 0
3 1 1 1 1 2 14 0
8 2 1 2 2 13 13 0
3 2 1 1 1 3 18 0
4 2 1 2 1 5 17 0
3 2 2 1 2 3 10 0
5 2 1 2 2 7 16 0
15 2 1 2 1 23 5 0
6 2 2 2 2 8 15 0
13 2 1 2 1 21 7 0
11 2 1 4 1 18 9 0
2 1 0 0 0 1 0 1
12 2 1 4 1 20 8 0
18 2 1 4 1 26 2 0
7 2 1 3 1 11 14 0
19 2 1 4 0 27 1 0
16 2 1 2 1 24 4 0
14 2 1 2 1 22 6 0
20 2 0 2 0 28 0 0
9 2 2 2 2 14 12 0
####
1 0 0 19 0 24 6 0 31 0
2 0 0 19 0 24 6 0 26 0
2 1 0 19 0 24 6 0 37 0
3 0 0 19 0 24 6 0 26 0
3 1 0 19 0 24 6 0 37 0
3 2 0 19 0 24 6 0 32 0
4 0 0 19 0 24 6 0 29 0
4 1 0 19 0 24 6 0 40 0
4 2 0 19 0 24 6 0 35 0
4 3 0 19 0 24 6 0 35 0
9 6 0 18 0 21 4 0 35 0
11 10 0 17 0 17 5 0 30 0
13 10 2 17 3 17 10 0 34 1
13 11 0 17 0 17 5 0 30 0
15 10 2 17 3 17 10 2 26 1
15 11 0 17 0 17 5 0 22 0
15 13 2 17 3 17 10 2 26 1
8 7 9 10 13 9 8 18 17 1
####
15 20 8 5 8 3 10
2 8 13 7 9 0 17
22 19 0 2 1 20 8
27 17 0 2 1 22 6
6 24 7 4 5 1 16
3 7 13 7 9 0 17
2 5 21 6 16 0 17
1 29 12 6 8 0 22
5 23 0 2 1 25 3
0 28 24 6 19 0 12
7 20 0 3 1 15 10
2 19 17 6 12 0 17
15 23 15 5 15 3 10
29 8 0 3 1 14 12
0 15 3 9 2 0 12
0 21 0 8 1 0 12
9 15 0 7 1 1 21
4 13 3 9 2 0 20
3 6 0 8 1 0 17
3 27 18 6 13 0 17
16 18 0 2 1 7 16
23 25 0 2 1 26 2
2 16 8 6 4 0 17
4 10 3 9 2 0 20
29 7 0 3 1 14 12
20 22 0 2 1 18 9
6 11 0 7 1 1 16
18 24 0 2 1 8 15
9 10 0 7 1 1 21
1 9 0 8 1 0 22
12 29 0 2 1 13 13
11 12 4 5 5 2 14
25 28 0 2 1 27 1
9 13 0 7 1 1 21
14 16 0 2 1 5 17
18 25 13 2 13 8 15
0 26 20 6 15 0 12
13 14 0 5 1 3 18
8 22 1 3 2 15 9
4 17 19 6 14 0 20
19 27 0 2 1 21 7
1 18 9 6 5 0 22
26 5 0 2 1 24 4
10 14 0 5 1 3 18
24 12 0 2 1 11 14
17 26 0 2 1 23 5
