1 0 3 0 4 0 24 0
1 0 3 0 3 0 17 0
1 0 3 0 4 0 16 0
8 1 2 2 4 9 10 0
1 0 2 0 2 0 5 0
1 0 3 0 4 0 11 0
1 0 2 0 2 0 12 0
9 1 3 1 2 10 6 0
10 2 1 2 0 16 1 0
4 2 1 2 2 5 8 0
5 2 1 2 2 6 14 0
2 1 2 0 2 1 23 0
7 2 1 2 0 9 1 0
3 2 1 1 1 3 16 0
5 2 2 2 3 6 7 0
10 2 1 1 0 12 1 0
6 2 2 2 1 7 13 0
11 1 0 2 0 17 0 1
8 1 0 2 0 10 0 1
11 2 1 2 0 13 1 0
9 2 1 3 1 15 2 0
3 2 1 1 1 3 9 0
7 2 0 2 0 9 0 0
6 2 2 2 1 8 3 0
11 1 0 2 0 13 0 1
10 1 0 1 0 11 0 1
7 2 1 2 2 8 11 0
10 2 1 1 1 12 2 0
4 2 1 2 1 5 15 0
12 2 0 4 0 20 0 0
####
1 0 0 11 0 23 7 0 23 0
2 0 0 11 0 23 7 0 22 0
2 1 0 11 0 23 7 0 17 0
4 0 0 11 0 23 7 0 15 0
4 1 0 11 0 23 7 0 10 0
4 2 0 11 0 23 7 0 9 0
5 0 0 11 0 23 7 0 19 0
5 1 0 11 0 23 7 0 14 0
5 2 0 11 0 23 7 0 13 0
5 4 0 11 0 23 7 0 6 0
6 0 0 11 0 23 7 0 18 0
6 1 0 11 0 23 7 0 13 0
6 2 0 11 0 23 7 0 12 0
6 4 0 11 0 23 7 0 5 0
6 5 0 11 0 23 7 0 9 0
21 13 2 9 1 20 9 2 11 1
28 9 3 8 3 18 9 4 9 1
14 10 4 7 5 16 9 6 7 1
23 16 5 6 7 14 9 8 5 1
22 12 6 0 9 0 9 10 0 0
26 12 6 0 9 0 9 10 0 0
26 22 6 0 9 0 9 10 0 0
18 3 7 0 12 0 8 12 0 0
20 7 8 0 14 0 8 17 0 0
15 8 9 0 16 0 10 19 0 0
25 15 9 0 16 0 10 16 0 0
25 8 9 0 16 0 10 19 0 0
27 15 9 0 16 0 10 16 0 0
27 8 9 0 16 0 10 19 0 0
27 25 9 0 16 0 10 16 0 0
24 17 10 0 20 0 9 21 0 0
24 19 10 0 20 0 9 18 0 0
19 17 10 0 20 0 9 21 0 0
####
5 9 3 8 3 0 11
6 21 1 8 2 0 12
7 25 0 6 1 10 6
21 9 0 4 1 3 9
0 10 5 8 4 0 24
4 22 9 9 6 0 5
20 8 0 6 1 15 2
23 12 0 5 1 8 3
3 7 0 4 1 9 10
2 26 9 9 6 0 16
7 15 0 6 1 10 6
19 29 0 4 1 13 1
26 3 0 5 1 8 11
3 20 0 4 1 9 10
16 22 0 5 1 7 13
4 23 7 8 5 0 5
0 11 0 7 1 0 24
14 23 0 4 1 6 7
6 15 16 10 9 0 12
11 13 0 3 1 1 23
2 16 7 8 5 0 16
9 14 0 4 1 5 8
7 27 0 6 1 10 6
28 10 0 4 1 5 15
23 29 14 3 6 8 3
1 13 1 8 2 0 17
27 19 0 7 1 12 2
0 12 9 9 6 0 24
12 18 0 5 1 9 1
13 28 0 4 1 3 16
1 19 20 9 10 0 17
16 26 0 5 1 7 13
11 21 0 3 1 1 23
8 17 0 7 1 16 1
14 20 7 4 4 6 7
15 24 0 7 1 12 1
2 28 3 8 3 0 16
10 16 0 4 1 6 14
5 14 5 8 4 0 11
1 8 16 10 9 0 17
5 27 16 10 9 0 11
