1 0 3 0 2 0 6 0
1 0 3 0 6 0 18 0
9 2 1 2 0 16 1 0
1 0 4 0 7 0 19 0
1 0 3 0 4 0 14 0
5 2 1 4 1 8 5 0
5 2 1 2 1 6 3 0
2 1 3 0 4 1 15 0
2 1 3 0 4 1 12 0
4 2 1 2 0 5 1 0
3 2 2 1 3 3 9 0
6 2 1 3 0 8 1 0
6 2 1 3 2 9 4 0
2 1 0 0 0 1 0 1
5 1 0 2 0 6 0 1
3 2 1 1 1 3 7 0
3 2 2 1 2 3 8 0
4 2 2 2 1 5 3 0
7 2 2 2 1 10 3 0
10 2 0 4 0 17 0 0
7 2 0 4 0 9 0 0
8 2 1 3 1 15 2 0
4 2 1 2 1 5 4 0
5 2 1 3 1 7 2 0
4 2 1 2 1 5 6 0
####
1 0 0 9 0 20 5 0 15 0
3 0 0 9 0 20 5 0 16 0
3 1 0 9 0 20 5 0 23 0
4 0 0 9 0 20 5 0 11 0
4 1 0 9 0 20 5 0 18 0
4 3 0 9 0 20 5 0 19 0
8 7 0 8 0 17 4 0 16 0
15 10 2 7 3 14 8 2 10 1
16 10 2 7 3 14 8 1 9 1
16 15 2 7 3 14 8 1 11 1
17 9 3 0 6 0 8 3 0 0
22 9 3 0 6 0 8 3 0 0
22 17 3 0 6 0 8 2 0 0
24 9 3 0 6 0 8 2 0 0
24 17 3 0 6 0 8 1 0 0
24 22 3 6 6 10 9 1 8 1
14 6 4 0 10 0 8 5 0 0
14 5 4 0 10 0 8 6 0 0
6 5 4 5 10 6 9 5 6 1
23 14 4 0 10 0 8 6 0 0
23 6 4 0 10 0 8 5 0 0
23 5 4 0 10 0 8 6 0 0
12 11 5 0 14 0 6 8 0 0
20 18 6 0 16 0 6 10 0 0
####
8 23 7 7 3 1 12
10 17 0 7 1 3 9
16 9 0 7 1 3 8
21 2 0 2 1 15 2
17 20 6 6 3 5 3
6 21 4 5 3 6 3
18 19 2 3 3 10 3
22 6 0 8 1 5 4
7 11 11 5 4 1 15
3 7 0 7 1 0 19
2 19 0 2 1 16 1
7 15 0 6 1 1 15
4 9 6 8 3 0 14
23 11 0 6 1 7 2
5 12 0 6 1 8 5
24 5 0 8 1 5 6
3 6 10 8 4 0 19
17 23 0 8 1 5 3
3 16 3 7 2 0 19
1 10 3 7 2 0 18
7 10 0 6 1 1 15
8 16 0 6 1 1 12
10 22 0 7 1 3 9
0 22 6 8 3 0 6
1 24 6 8 3 0 18
9 14 0 8 1 5 1
12 18 0 4 1 9 4
18 21 0 3 1 10 3
16 5 4 7 2 3 8
15 24 0 7 1 3 7
8 12 11 5 4 1 12
4 15 3 7 2 0 14
0 13 0 7 1 0 6
4 17 6 8 3 0 14
1 8 0 7 1 0 18
3 18 16 6 6 0 19
11 20 0 4 1 8 1
0 2 19 5 8 0 6
