1 0 2 0 0 0 2 0
1 0 2 0 4 0 8 0
1 0 4 0 5 0 11 0
1 0 3 0 3 0 13 0
2 1 2 0 3 1 7 0
1 0 1 0 1 0 4 0
1 0 2 0 3 0 14 0
7 2 1 2 0 11 1 0
5 2 1 2 1 7 3 0
2 1 1 0 1 1 2 0
3 2 1 1 0 2 1 0
2 1 0 0 0 1 0 1
8 2 0 3 0 13 0 0
4 1 0 2 0 6 0 1
2 2 2 0 4 2 12 0
3 2 2 2 3 4 7 0
3 2 2 3 1 5 3 0
6 2 1 3 1 10 2 0
2 2 1 0 1 2 2 0
2 1 0 0 0 1 0 1
4 2 1 4 0 7 1 0
5 2 0 4 0 10 0 0
4 2 2 2 1 5 5 0
4 2 1 2 0 5 1 0
5 1 0 2 0 6 0 1
####
2 1 0 7 0 18 7 0 9 0
3 1 0 7 0 18 7 0 13 0
3 2 0 7 0 18 7 0 10 0
5 1 0 7 0 18 7 0 9 0
5 2 0 7 0 18 7 0 6 0
5 3 0 7 0 18 7 0 10 0
6 1 0 7 0 18 7 0 13 0
6 2 0 7 0 18 7 0 10 0
6 3 0 7 0 18 7 0 14 0
6 5 0 7 0 18 7 0 10 0
9 4 1 3 0 7 15 0 3 1
14 4 0 6 0 12 7 0 8 0
14 9 0 3 0 7 9 0 3 0
18 4 1 3 0 7 15 0 3 1
18 9 1 3 0 7 15 0 2 1
18 14 1 3 0 7 15 0 3 1
19 11 1 0 0 0 12 0 0 0
16 10 2 2 6 4 12 2 1 1
16 15 2 0 6 0 9 2 0 0
20 13 3 0 9 0 10 5 0 0
22 13 3 0 9 0 10 4 0 0
22 20 3 0 9 0 10 4 0 0
23 13 3 0 9 0 10 4 0 0
23 20 3 0 9 0 10 4 0 0
23 22 3 4 9 5 11 2 3 1
21 8 4 0 13 0 9 6 0 0
24 21 4 0 13 0 9 6 0 0
24 8 4 0 13 0 9 4 0 0
####
2 18 0 12 1 0 11
7 12 0 2 1 11 1
17 7 0 2 1 10 2
1 15 6 9 2 0 8
10 21 4 6 2 2 1
23 12 5 5 4 5 1
3 7 17 7 6 0 13
3 14 0 12 1 0 13
5 8 13 9 4 0 4
6 14 0 12 1 0 14
15 23 0 7 1 4 7
2 9 0 12 1 0 11
20 21 0 7 1 7 1
0 11 0 12 1 0 2
18 20 3 10 2 2 2
15 22 0 7 1 4 7
6 18 0 12 1 0 14
22 24 0 7 1 5 5
3 23 9 10 3 0 13
2 10 6 9 2 0 11
9 10 0 9 1 1 2
4 16 0 9 1 1 7
14 15 0 9 1 2 12
8 17 0 4 1 7 3
1 22 9 10 3 0 8
14 16 0 9 1 2 12
0 19 0 12 1 0 2
4 17 10 7 4 1 7
22 8 0 7 1 5 5
16 20 0 7 1 5 3
16 13 0 7 1 5 3
2 4 0 12 1 0 11
