1 0 2 0 2 0 7 0
1 0 3 0 2 0 13 0
1 0 3 0 3 0 14 0
1 0 2 0 3 0 8 0
5 2 1 2 1 7 3 0
1 0 3 0 4 0 14 0
6 2 1 2 1 8 5 0
1 0 3 0 3 0 11 0
4 2 1 2 2 4 8 0
7 2 1 4 1 13 4 0
2 1 2 0 2 1 13 0
2 1 2 0 2 1 11 0
2 1 0 0 0 1 0 1
3 2 1 1 2 3 7 0
6 2 0 2 0 8 0 0
10 2 1 2 0 19 1 0
3 2 1 1 1 2 2 0
8 2 1 2 1 14 3 0
11 2 0 2 0 20 0 0
9 2 1 4 1 18 2 0
4 2 2 2 2 5 6 0
3 2 1 1 1 2 9 0
3 2 1 1 1 3 5 0
5 2 1 4 0 9 1 0
5 2 2 2 1 6 7 0
6 1 0 2 0 10 0 1
####
1 0 0 10 0 19 7 0 15 0
2 0 0 10 0 19 7 0 16 0
2 1 0 10 0 19 7 0 19 0
3 0 0 10 0 19 7 0 12 0
3 1 0 10 0 19 7 0 15 0
3 2 0 10 0 19 7 0 16 0
5 0 0 10 0 19 7 0 15 0
5 1 0 10 0 19 7 0 18 0
5 2 0 10 0 19 7 0 19 0
5 3 0 10 0 19 7 0 15 0
7 0 0 10 0 19 7 0 13 0
7 1 0 10 0 19 7 0 16 0
7 2 0 10 0 19 7 0 17 0
7 3 0 10 0 19 7 0 13 0
7 5 0 10 0 19 7 0 16 0
11 10 0 9 0 16 4 0 16 0
16 13 0 3 0 5 7 0 3 0
21 13 0 8 0 12 5 0 11 0
21 16 2 0 3 0 10 2 0 0
22 13 2 8 3 12 11 2 8 1
22 21 0 8 0 12 5 0 11 0
20 8 3 7 7 10 9 1 9 1
23 4 4 0 9 0 9 6 0 0
24 4 4 6 9 7 10 3 7 1
24 23 4 0 9 0 9 3 0 0
14 6 5 0 12 0 9 4 0 0
25 6 5 0 12 0 9 5 0 0
25 14 5 0 12 0 9 4 0 0
####
3 15 18 7 9 0 8
6 9 0 4 1 8 5
7 12 0 9 1 0 11
2 8 7 8 3 0 14
19 15 0 2 1 18 2
10 21 0 7 1 1 13
22 9 8 5 4 3 5
1 11 0 9 1 0 13
7 20 7 8 3 0 11
3 24 9 9 4 0 8
8 24 0 5 1 4 8
4 19 5 4 4 7 3
1 14 12 9 5 0 13
21 8 0 6 1 2 9
11 22 0 7 1 1 11
24 14 0 6 1 6 7
2 13 3 10 2 0 14
9 17 0 2 1 13 4
15 18 0 2 1 19 1
0 4 9 9 4 0 7
13 20 0 6 1 3 7
20 4 0 5 1 5 6
11 13 0 7 1 1 11
23 25 0 6 1 9 1
17 19 0 2 1 14 3
24 6 0 6 1 6 7
16 23 2 7 2 2 2
5 21 3 10 2 0 14
7 22 3 10 2 0 11
2 17 16 7 7 0 14
20 23 0 5 1 5 6
5 10 0 9 1 0 14
5 16 3 10 2 0 14
10 16 0 7 1 1 13
1 18 19 7 10 0 13
0 6 12 9 5 0 7
