1 0 4 0 2 0 11 0
1 0 3 0 4 0 15 0
1 0 3 0 2 0 6 0
5 2 0 2 0 5 0 0
1 0 2 0 3 0 11 0
5 2 1 2 1 6 6 0
1 0 1 0 2 0 8 0
1 0 2 0 4 0 9 0
5 1 2 2 2 5 6 0
4 2 1 2 0 5 1 0
2 1 0 0 0 1 0 1
2 1 3 0 2 1 10 0
8 2 1 3 2 15 3 0
2 1 0 0 0 1 0 1
2 1 0 0 0 1 0 1
2 1 3 0 4 1 13 0
9 2 2 2 0 16 2 0
6 2 1 2 1 7 5 0
3 2 2 1 2 3 8 0
3 2 1 1 2 2 8 0
3 2 2 1 2 3 4 0
10 2 0 4 0 20 0 0
10 1 0 2 0 17 0 1
4 2 2 2 3 4 7 0
4 2 1 2 1 5 7 0
4 2 1 3 0 4 1 0
7 2 1 3 1 8 4 0
6 2 1 3 0 6 1 0
3 1 0 1 0 2 0 1
7 2 0 2 0 8 0 0
####
1 0 0 9 0 22 8 0 12 0
2 0 0 9 0 22 8 0 9 0
2 1 0 9 0 22 8 0 10 0
4 0 0 9 0 22 8 0 14 0
4 1 0 9 0 22 8 0 14 0
4 2 0 9 0 22 8 0 10 0
6 0 0 9 0 22 8 0 10 0
6 1 0 9 0 22 8 0 10 0
6 2 0 9 0 22 8 0 6 0
6 4 0 9 0 22 8 0 12 0
7 0 0 9 0 22 8 0 13 0
7 1 0 9 0 22 8 0 13 0
7 2 0 9 0 22 8 0 9 0
7 4 0 9 0 22 8 0 15 0
7 6 0 9 0 22 8 0 11 0
15 11 0 8 0 17 7 0 12 0
15 13 1 0 0 0 11 0 0 0
19 18 0 7 0 13 6 0 10 0
20 18 0 7 0 13 6 0 7 0
20 19 2 7 5 13 12 2 5 1
28 18 2 0 5 0 10 2 0 0
23 9 3 6 9 9 12 4 3 1
24 9 3 6 9 9 12 0 5 1
24 23 0 6 0 9 6 0 8 0
25 9 3 0 9 0 10 4 0 0
25 23 3 0 9 0 10 4 0 0
8 5 0 5 0 6 5 0 6 0
8 3 4 0 13 0 9 6 0 0
29 26 6 0 18 0 8 3 0 0
22 21 9 0 22 0 8 13 0 0
####
20 25 0 8 1 3 4
15 20 0 9 1 1 13
0 14 0 11 1 0 11
11 28 0 9 1 1 10
23 8 0 7 1 4 7
1 15 0 11 1 0 15
18 26 9 6 4 3 8
16 21 0 3 1 16 2
7 16 21 7 8 0 9
12 16 0 2 1 15 3
15 19 0 9 1 1 13
27 29 0 4 1 6 1
0 9 9 10 3 0 11
9 21 9 6 6 5 1
0 24 9 10 3 0 11
24 5 0 7 1 5 7
16 22 0 3 1 16 2
20 9 0 8 1 3 4
23 27 3 6 2 4 7
11 18 0 9 1 1 10
0 29 18 8 6 0 11
26 12 0 3 1 8 4
15 25 4 9 2 1 13
4 5 13 9 4 0 11
5 17 0 5 1 6 6
18 24 0 8 1 3 8
1 13 0 11 1 0 15
2 20 5 10 2 0 6
7 18 5 10 2 0 9
2 10 0 11 1 0 6
1 19 5 10 2 0 15
6 23 9 10 3 0 8
2 3 13 9 4 0 6
25 3 0 7 1 4 1
4 11 0 11 1 0 11
11 17 11 7 4 1 10
8 12 4 4 3 5 6
17 26 0 4 1 7 5
19 23 0 8 1 2 8
8 27 0 5 1 5 6
