1 0 2 0 1 0 8 0
1 0 2 0 3 0 4 0
3 2 1 2 1 4 6 0
1 0 3 0 3 0 12 0
1 0 2 0 4 0 14 0
1 0 2 0 1 0 3 0
1 0 4 0 5 0 14 0
1 0 4 0 5 0 18 0
2 1 2 0 2 1 8 0
3 2 1 1 0 3 1 0
2 2 1 0 0 2 1 0
4 2 1 2 0 6 1 0
6 2 1 2 2 12 3 0
2 2 2 0 1 2 4 0
5 2 0 2 0 8 0 0
2 1 1 0 0 1 1 0
2 1 3 0 2 1 7 0
2 2 1 0 1 2 2 0
3 2 0 2 0 4 0 0
4 1 0 2 0 4 0 1
3 2 1 2 0 4 1 0
8 1 0 2 0 14 0 1
2 2 1 0 1 2 7 0
7 2 2 2 0 13 2 0
3 1 0 2 0 3 0 1
4 2 1 3 1 7 5 0
4 2 0 3 0 5 0 0
3 2 1 2 1 4 2 0
3 1 0 1 0 2 0 1
5 2 1 3 1 10 4 0
8 1 0 2 0 14 0 1
####
1 0 0 7 0 22 9 0 7 0
3 0 0 7 0 22 9 0 11 0
3 1 0 7 0 22 9 0 8 0
4 0 0 7 0 22 9 0 10 0
4 1 0 7 0 22 9 0 7 0
4 3 0 7 0 22 9 0 11 0
5 3 0 4 0 18 9 0 1 0
5 4 0 4 0 18 9 0 3 0
6 0 0 7 0 22 9 0 9 0
6 1 0 7 0 22 9 0 6 0
6 3 0 7 0 22 9 0 10 0
6 4 0 7 0 22 9 0 9 0
6 5 0 4 0 18 9 0 2 0
7 0 0 7 0 22 9 0 11 0
7 1 0 7 0 22 9 0 8 0
7 3 0 7 0 22 9 0 12 0
7 4 0 7 0 22 9 0 11 0
7 5 0 4 0 18 9 0 3 0
7 6 0 7 0 22 9 0 10 0
13 8 1 0 0 0 14 0 0 0
13 10 1 0 0 0 14 0 0 0
16 8 0 6 0 15 9 0 7 0
17 10 1 0 0 0 14 0 0 0
17 13 1 0 0 0 14 0 0 0
17 16 1 2 0 7 18 0 2 1
22 8 0 6 0 15 9 0 9 0
22 10 1 0 0 0 14 0 0 0
22 13 1 0 0 0 14 0 0 0
22 16 0 6 0 15 9 0 8 0
22 17 1 0 0 0 14 0 0 0
18 9 2 0 7 0 14 2 0 0
18 2 2 0 7 0 14 0 0 0
20 9 2 0 7 0 14 2 0 0
20 18 2 0 7 0 14 2 0 0
20 2 2 0 7 0 14 2 0 0
24 18 2 0 7 0 14 2 0 0
24 20 2 0 7 0 14 2 0 0
24 2 2 0 7 0 14 2 0 0
27 9 2 0 7 0 14 2 0 0
27 18 2 0 7 0 14 2 0 0
27 20 2 0 7 0 14 2 0 0
27 2 2 0 7 0 14 2 0 0
27 24 2 0 7 0 14 2 0 0
19 11 3 0 14 0 11 4 0 0
25 19 3 0 14 0 11 3 0 0
25 11 3 0 14 0 11 2 0 0
26 19 3 0 14 0 11 4 0 0
26 25 3 0 14 0 11 4 0 0
26 11 3 0 14 0 11 4 0 0
29 14 4 0 18 0 9 4 0 0
30 21 7 0 22 0 9 10 0 0
####
6 9 7 14 2 0 14
4 8 0 14 1 0 14
0 2 7 14 2 0 8
3 11 14 11 3 0 12
17 20 0 14 1 2 2
8 9 0 14 1 1 8
27 11 0 11 1 4 2
11 14 0 6 1 6 1
6 17 0 14 1 0 14
20 26 0 11 1 4 1
23 30 0 3 1 13 2
22 2 0 14 1 2 7
3 10 0 14 1 0 12
16 29 11 9 3 1 7
4 13 0 14 1 0 14
29 12 0 3 1 10 4
23 21 0 3 1 13 2
7 10 0 14 1 0 18
8 25 7 11 2 1 8
25 29 0 6 1 7 5
1 23 21 8 6 0 4
0 18 7 14 2 0 8
10 24 0 14 1 2 1
5 15 0 14 1 0 3
16 26 7 11 2 1 7
7 17 0 14 1 0 18
7 22 0 14 1 0 18
1 12 20 8 5 0 4
3 22 0 14 1 0 12
7 13 0 14 1 0 18
13 27 0 14 1 2 4
15 28 0 14 1 1 1
5 14 18 9 4 0 3
13 18 0 14 1 2 4
2 25 0 11 1 4 6
16 20 0 14 1 1 7
6 27 7 14 2 0 14
12 23 0 2 1 12 3
9 19 0 11 1 3 1
6 16 0 14 1 0 14
