5 1 1 2 1 5 2 0
1 0 4 0 2 0 8 0
1 0 2 0 3 0 6 0
1 0 4 0 5 0 15 0
1 0 3 0 3 0 9 0
1 0 3 0 5 0 20 0
2 1 3 0 4 1 19 0
7 2 1 2 0 10 1 0
3 2 1 1 2 2 4 0
4 2 1 2 1 5 5 0
4 2 1 2 2 4 4 0
6 2 0 2 0 7 0 0
2 1 0 0 0 1 0 1
2 1 0 0 0 1 0 1
3 2 1 1 1 2 4 0
5 2 1 2 2 7 4 0
4 2 2 2 1 4 3 0
6 2 2 2 1 8 3 0
8 2 0 3 0 14 0 0
7 1 0 2 0 9 0 1
3 2 2 1 2 3 10 0
5 2 2 2 1 6 3 0
7 1 0 2 0 10 0 1
6 2 1 3 0 9 1 0
6 2 1 2 0 8 1 0
5 1 0 2 0 5 0 1
4 2 1 2 1 4 3 0
####
2 1 0 7 0 21 6 0 6 0
3 1 0 7 0 21 6 0 10 0
3 2 0 7 0 21 6 0 12 0
4 1 0 7 0 21 6 0 7 0
4 2 0 7 0 21 6 0 9 0
4 3 0 7 0 21 6 0 13 0
5 1 0 7 0 21 6 0 11 0
5 2 0 7 0 21 6 0 13 0
5 3 0 7 0 21 6 0 17 0
5 4 0 7 0 21 6 0 14 0
14 8 2 4 3 12 11 2 5 1
20 8 2 0 3 0 8 2 0 0
20 14 2 0 3 0 8 2 0 0
16 9 3 0 6 0 9 1 0 0
16 10 3 0 6 0 9 1 0 0
10 9 3 4 6 11 10 2 5 1
26 16 3 3 6 8 12 4 3 1
26 9 3 0 6 0 9 4 0 0
26 10 3 0 6 0 9 4 0 0
15 0 4 0 10 0 9 6 0 0
21 15 4 3 10 7 10 4 3 1
21 0 4 0 10 0 9 6 0 0
25 15 4 0 10 0 9 3 0 0
25 21 4 0 10 0 9 3 0 0
25 0 4 0 10 0 9 6 0 0
17 11 5 0 14 0 9 6 0 0
24 17 5 2 14 3 10 6 1 1
24 11 5 0 14 0 9 6 0 0
24 23 5 0 14 0 9 2 0 0
23 17 5 0 14 0 9 4 0 0
23 11 5 0 14 0 9 4 0 0
19 7 6 0 18 0 8 6 0 0
22 7 6 0 18 0 8 3 0 0
22 19 6 0 18 0 8 6 0 0
####
17 7 0 7 1 8 3
5 6 0 8 1 0 20
1 26 6 9 3 0 8
23 22 0 7 1 9 1
3 11 14 9 5 0 15
10 21 0 8 1 4 4
14 26 0 7 1 2 4
4 12 0 8 1 0 9
5 8 3 8 2 0 20
6 14 0 6 1 1 19
24 18 3 5 2 8 1
2 9 6 9 3 0 6
9 15 0 8 1 5 5
3 10 6 9 3 0 15
3 20 3 8 2 0 15
20 9 0 7 1 3 10
3 16 6 9 3 0 15
16 25 0 8 1 4 3
8 16 0 7 1 2 4
1 24 14 9 5 0 8
17 19 0 7 1 8 3
26 0 0 8 1 4 3
1 13 0 8 1 0 8
7 18 0 4 1 10 1
16 23 4 8 2 4 3
20 10 0 7 1 3 10
21 11 0 8 1 6 3
0 23 0 8 1 5 2
15 17 0 8 1 7 4
2 17 14 9 5 0 6
6 8 0 6 1 1 19
4 15 10 9 4 0 9
5 14 3 8 2 0 20
6 20 0 6 1 1 19
1 7 18 8 6 0 8
4 21 10 9 4 0 9
21 24 0 8 1 6 3
