1 0 3 0 2 0 10 0
1 0 3 0 3 0 8 0
1 0 2 0 4 0 19 0
1 0 4 0 6 0 15 0
1 0 3 0 2 0 5 0
2 1 0 0 0 1 0 1
2 1 2 0 1 1 10 0
1 0 4 0 4 0 12 0
7 2 1 2 2 10 6 0
2 1 3 0 2 1 14 0
4 2 1 3 1 6 9 0
2 1 2 0 2 1 7 0
3 2 1 1 1 3 4 0
8 2 2 2 2 11 5 0
6 2 1 2 0 7 1 0
10 2 1 2 0 13 1 0
9 2 1 2 0 12 1 0
5 2 0 3 0 7 0 0
5 2 1 2 1 8 8 0
4 2 1 2 1 5 3 0
5 2 1 2 1 6 2 0
7 2 0 2 0 9 0 0
11 2 0 3 0 14 0 0
10 1 0 2 0 13 0 1
3 2 1 1 1 3 2 0
6 2 1 2 1 9 7 0
4 2 1 3 0 6 1 0
3 2 1 1 1 3 10 0
9 2 1 2 1 12 2 0
2 1 0 0 0 1 0 1
####
2 0 0 10 0 23 7 0 14 0
2 1 0 6 0 16 8 0 9 0
3 0 0 10 0 23 7 0 15 0
3 1 0 4 0 11 9 0 5 0
3 2 0 10 0 23 7 0 17 0
4 1 0 6 0 16 8 0 7 0
4 2 0 6 0 16 8 0 8 0
7 0 0 10 0 23 7 0 14 0
7 1 0 6 0 16 8 0 4 0
7 2 0 10 0 23 7 0 16 0
7 3 0 10 0 23 7 0 17 0
7 4 0 6 0 16 8 0 3 0
9 6 0 9 0 18 6 0 15 0
11 6 1 0 0 0 11 0 0 0
11 9 0 3 0 6 8 0 3 0
24 12 2 0 5 0 9 0 0 0
27 24 2 0 5 0 9 2 0 0
19 10 3 0 8 0 9 3 0 0
26 19 3 0 8 0 9 2 0 0
26 10 3 0 8 0 9 2 0 0
20 17 4 0 11 0 9 4 0 0
20 18 4 0 11 0 9 5 0 0
18 17 4 0 11 0 9 4 0 0
25 14 5 0 14 0 8 7 0 0
21 8 6 0 16 0 8 9 0 0
28 16 8 0 19 0 8 8 0 0
23 15 9 0 21 0 8 10 0 0
####
3 25 14 8 5 0 15
7 21 16 8 6 0 12
8 13 0 3 1 10 6
24 26 0 6 1 3 2
3 28 19 8 8 0 15
25 8 0 4 1 9 7
1 20 11 9 4 0 8
7 15 21 8 9 0 12
4 19 8 9 3 0 5
6 10 3 8 2 1 10
13 16 0 3 1 11 5
10 18 0 6 1 6 9
27 10 0 6 1 3 10
9 17 6 8 3 1 14
26 17 0 6 1 6 1
6 22 18 6 9 1 10
3 16 19 8 8 0 15
9 24 0 8 1 1 14
0 29 0 11 1 0 10
15 22 0 3 1 13 1
2 6 0 11 1 0 19
1 24 5 9 2 0 8
4 5 0 11 1 0 5
7 27 5 9 2 0 12
4 14 14 8 5 0 5
16 23 0 4 1 12 1
0 18 11 9 4 0 10
11 26 3 8 2 1 7
3 9 0 11 1 0 15
13 28 0 3 1 11 5
0 8 16 8 6 0 10
19 20 0 6 1 5 3
11 12 0 8 1 1 7
20 14 0 5 1 6 2
9 27 0 8 1 1 14
18 25 0 5 1 8 8
1 12 5 9 2 0 8
7 13 18 7 7 0 12
2 11 0 11 1 0 19
12 19 0 6 1 3 4
28 15 0 4 1 12 2
14 21 0 4 1 7 1
