1 0 2 0 2 0 4 0
1 0 4 0 4 0 13 0
1 0 3 0 2 0 8 0
1 0 4 0 5 0 17 0
1 0 3 0 4 0 11 0
2 1 0 0 0 1 0 1
2 1 2 0 1 1 10 0
2 1 3 0 2 1 7 0
5 2 1 2 1 5 5 0
9 2 1 2 0 13 1 0
3 2 1 1 1 3 3 0
5 2 1 2 1 6 5 0
7 2 1 2 1 10 3 0
4 1 0 2 0 4 0 1
3 2 1 1 2 3 8 0
4 2 1 2 1 5 2 0
10 2 0 2 0 14 0 0
3 2 1 1 0 3 1 0
6 2 1 3 1 8 4 0
3 1 0 1 0 2 0 1
4 2 2 2 1 4 7 0
3 1 0 1 0 2 0 1
8 2 1 2 1 12 2 0
5 2 1 2 0 7 1 0
6 2 0 2 0 8 0 0
####
1 0 0 9 0 19 6 0 11 0
2 0 0 9 0 19 6 0 8 0
2 1 0 9 0 19 6 0 13 0
3 0 0 9 0 19 6 0 12 0
3 1 0 9 0 19 6 0 17 0
3 2 0 9 0 19 6 0 14 0
4 0 0 9 0 19 6 0 5 0
4 1 0 9 0 19 6 0 10 0
4 2 0 9 0 19 6 0 7 0
4 3 0 9 0 19 6 0 11 0
14 10 2 0 3 0 10 1 0 0
17 10 2 0 3 0 10 0 0 0
17 14 2 0 3 0 10 1 0 0
19 10 2 0 3 0 10 1 0 0
19 14 2 0 3 0 10 2 0 0
19 17 2 0 3 0 10 1 0 0
21 10 2 0 3 0 10 2 0 0
21 17 2 0 3 0 10 2 0 0
15 13 3 0 8 0 8 2 0 0
20 15 3 0 8 0 8 1 0 0
20 13 3 0 8 0 8 3 0 0
11 8 4 5 11 5 9 4 8 1
23 8 4 0 11 0 8 3 0 0
23 11 4 0 11 0 8 3 0 0
24 18 5 0 14 0 7 6 0 0
####
4 7 0 8 1 0 11
7 21 0 8 1 1 7
1 15 8 8 3 0 13
10 15 0 8 1 3 3
22 9 0 2 1 12 2
4 22 17 6 7 0 11
20 8 0 6 1 4 7
3 17 3 10 2 0 17
1 20 8 8 3 0 13
6 14 0 8 1 1 10
15 23 0 6 1 5 2
18 12 0 3 1 8 4
3 10 3 10 2 0 17
1 14 3 10 2 0 13
2 23 11 8 4 0 8
1 5 0 8 1 0 13
3 6 0 8 1 0 17
7 10 0 8 1 1 7
4 24 14 7 5 0 11
11 18 0 5 1 6 5
2 16 19 6 9 0 8
0 12 16 6 6 0 4
9 16 0 2 1 13 1
17 13 0 8 1 3 1
14 20 0 8 1 3 8
23 24 0 5 1 7 1
12 22 0 2 1 10 3
6 19 0 8 1 1 10
2 11 11 8 4 0 8
20 11 0 6 1 4 7
3 8 11 8 4 0 17
8 18 0 5 1 5 5
7 17 0 8 1 1 7
0 9 18 6 8 0 4
