1 0 2 0 1 0 5 0
1 0 2 0 3 0 11 0
6 2 1 2 2 9 4 0
1 0 1 0 1 0 7 0
1 0 2 0 2 0 8 0
1 0 2 0 2 0 8 0
4 2 1 2 1 4 6 0
1 0 3 0 2 0 11 0
5 2 1 2 1 8 3 0
1 0 3 0 3 0 6 0
7 1 2 2 1 10 3 0
1 0 2 0 2 0 12 0
2 2 1 0 1 2 6 0
2 1 1 0 1 1 5 0
8 1 0 1 0 11 0 1
3 2 1 2 1 4 5 0
3 2 1 1 1 2 4 0
2 1 0 0 0 1 0 1
6 2 1 4 1 13 2 0
2 1 2 0 2 1 10 0
2 2 1 0 1 2 6 0
3 2 1 1 1 3 7 0
4 2 1 2 1 3 3 0
4 1 0 2 0 4 0 1
2 1 0 0 0 1 0 1
3 2 1 1 0 3 1 0
8 2 1 3 0 23 1 0
5 2 1 4 1 8 5 0
4 2 1 2 1 6 4 0
9 1 0 2 0 24 0 1
####
1 0 0 8 0 21 9 0 10 0
3 0 0 8 0 21 9 0 9 0
3 1 0 8 0 21 9 0 13 0
4 0 0 8 0 21 9 0 8 0
4 1 0 8 0 21 9 0 12 0
4 3 0 8 0 21 9 0 11 0
5 0 0 8 0 21 9 0 9 0
5 1 0 8 0 21 9 0 13 0
5 3 0 8 0 21 9 0 12 0
5 4 0 8 0 21 9 0 11 0
7 0 0 8 0 21 9 0 11 0
7 1 0 8 0 21 9 0 15 0
7 3 0 8 0 21 9 0 14 0
7 4 0 8 0 21 9 0 13 0
7 5 0 8 0 21 9 0 14 0
9 0 0 8 0 21 9 0 8 0
9 1 0 8 0 21 9 0 12 0
9 3 0 8 0 21 9 0 11 0
9 4 0 8 0 21 9 0 10 0
9 5 0 8 0 21 9 0 11 0
9 7 0 8 0 21 9 0 13 0
11 0 0 8 0 21 9 0 13 0
11 1 0 8 0 21 9 0 17 0
11 3 0 8 0 21 9 0 16 0
11 4 0 8 0 21 9 0 15 0
11 5 0 8 0 21 9 0 16 0
11 7 0 8 0 21 9 0 18 0
11 9 0 8 0 21 9 0 15 0
13 12 0 7 0 15 7 0 8 0
19 12 0 7 0 15 7 0 10 0
19 13 0 7 0 15 7 0 10 0
20 12 1 7 0 15 15 0 9 1
20 13 0 7 0 15 7 0 9 0
20 19 0 7 0 15 7 0 11 0
24 12 1 0 0 0 14 0 0 0
16 15 0 6 0 11 5 0 7 0
21 16 0 6 0 11 5 0 8 0
21 15 0 6 0 11 5 0 9 0
25 15 2 0 6 0 12 0 0 0
25 21 2 0 6 0 12 2 0 0
22 6 0 5 0 7 5 0 6 0
23 6 3 0 10 0 12 4 0 0
28 6 0 5 0 7 5 0 7 0
28 22 0 5 0 7 5 0 5 0
28 23 3 0 10 0 12 2 0 0
27 8 4 4 14 5 11 2 5 1
18 2 5 3 16 3 11 4 3 1
26 14 7 0 19 0 10 12 0 0
####
12 27 8 8 3 2 6
7 12 0 14 1 0 11
5 6 10 12 3 0 8
9 22 10 12 3 0 6
28 8 0 6 1 6 4
18 26 1 4 2 13 2
10 26 0 3 1 10 3
21 6 0 8 1 3 7
27 2 0 4 1 8 5
25 23 0 8 1 3 1
1 2 16 10 5 0 11
26 29 0 3 1 23 1
7 24 0 14 1 0 11
3 20 0 14 1 0 7
13 16 0 10 1 1 5
0 17 0 14 1 0 5
16 22 0 8 1 2 4
19 25 0 10 1 1 10
7 28 10 12 3 0 11
19 21 0 10 1 1 10
2 10 0 3 1 9 4
9 16 6 12 2 0 6
1 19 0 14 1 0 11
4 25 6 12 2 0 8
5 21 6 12 2 0 8
0 8 14 10 4 0 5
11 12 0 14 1 0 12
9 13 0 14 1 0 6
4 15 6 12 2 0 8
15 28 0 8 1 4 5
22 18 2 6 2 3 3
11 20 0 14 1 0 12
10 14 0 3 1 10 3
8 18 0 4 1 8 3
6 27 0 6 1 4 6
20 15 0 10 1 2 6
