1 0 4 0 3 0 11 0
10 2 1 2 1 14 2 0
1 0 3 0 3 0 18 0
1 0 2 0 2 0 12 0
1 0 4 0 3 0 13 0
1 0 1 0 1 0 4 0
1 0 3 0 5 0 15 0
4 2 1 2 1 5 2 0
2 1 1 0 1 1 4 0
11 2 1 3 0 16 1 0
8 2 1 2 2 11 8 0
2 1 0 0 0 1 0 1
3 2 1 1 1 3 3 0
4 2 1 2 1 4 12 0
2 1 0 0 0 1 0 1
13 1 0 2 0 21 0 1
5 2 1 2 1 6 11 0
2 1 2 0 3 1 16 0
6 2 1 2 1 7 10 0
4 2 1 2 1 5 2 0
12 1 0 2 0 17 0 1
9 2 2 2 2 12 7 0
10 2 1 2 1 14 3 0
11 2 1 2 1 15 2 0
3 2 1 1 1 3 10 0
12 2 1 4 0 20 1 0
3 2 2 1 2 3 14 0
7 2 1 4 1 10 9 0
####
2 0 0 12 0 21 7 0 18 0
3 0 0 12 0 21 7 0 14 0
3 2 0 12 0 21 7 0 20 0
4 0 0 12 0 21 7 0 14 0
4 2 0 12 0 21 7 0 20 0
4 3 0 12 0 21 7 0 16 0
5 0 0 12 0 21 7 0 9 0
5 2 0 12 0 21 7 0 15 0
5 3 0 12 0 21 7 0 11 0
5 4 0 12 0 21 7 0 11 0
6 0 0 12 0 21 7 0 16 0
6 2 0 12 0 21 7 0 22 0
6 3 0 12 0 21 7 0 18 0
6 4 0 12 0 21 7 0 18 0
6 5 0 12 0 21 7 0 13 0
17 8 0 11 0 17 5 0 14 0
17 11 1 0 0 0 10 0 0 0
24 12 0 10 0 14 4 0 8 0
26 12 0 10 0 14 4 0 11 0
26 24 2 10 4 14 10 2 15 1
19 7 3 0 7 0 9 2 0 0
19 13 0 9 0 11 4 0 9 0
13 7 3 8 7 9 11 4 8 1
22 1 9 0 15 0 8 0 0 0
23 9 10 0 17 0 8 3 0 0
25 20 11 0 19 0 8 8 0 0
####
22 23 0 4 1 14 3
4 18 11 7 5 0 13
6 21 14 7 8 0 15
0 7 7 9 3 0 11
10 21 0 2 1 11 8
3 24 4 9 2 0 12
21 1 0 3 1 12 7
24 27 5 4 4 3 10
5 12 4 9 2 0 4
18 27 0 2 1 7 10
13 16 0 4 1 4 12
2 23 17 8 10 0 18
27 10 0 2 1 10 9
19 25 9 5 8 5 2
17 24 0 7 1 1 16
25 15 0 3 1 20 1
26 7 0 6 1 3 14
16 18 0 2 1 6 11
23 25 0 4 1 15 2
4 10 13 7 7 0 13
0 22 15 8 9 0 11
9 20 0 4 1 16 1
4 14 0 10 1 0 13
4 16 10 7 4 0 13
1 9 0 4 1 14 2
3 19 7 9 3 0 12
26 13 0 6 1 3 14
6 26 4 9 2 0 15
0 8 0 10 1 0 11
2 17 0 10 1 0 18
7 9 7 5 7 5 2
0 1 15 8 9 0 11
8 12 0 7 1 1 4
21 22 0 3 1 12 7
2 11 0 10 1 0 18
12 19 0 6 1 3 3
6 13 7 9 3 0 15
17 26 0 7 1 1 16
