1 0 4 0 5 0 25 0
1 0 2 0 2 0 18 0
1 0 2 0 2 0 12 0
1 0 4 0 3 0 15 0
1 0 4 0 5 0 16 0
2 1 2 0 2 1 4 0
1 0 2 0 2 0 19 0
1 0 2 0 2 0 21 0
5 2 1 2 1 7 17 0
12 2 1 2 1 17 7 0
14 2 1 2 2 20 5 0
15 2 2 2 1 21 4 0
16 2 1 2 1 22 2 0
9 2 1 2 2 13 12 0
17 2 1 2 0 24 1 0
10 2 2 2 2 15 11 0
2 1 3 0 2 1 22 0
6 2 1 2 2 8 16 0
3 2 1 1 1 3 19 0
18 2 0 2 0 25 0 0
7 2 2 2 1 10 15 0
4 2 1 2 1 5 18 0
16 1 0 2 0 22 0 1
8 2 1 2 1 12 13 0
11 2 1 3 0 17 1 0
12 2 0 2 0 18 0 0
2 1 0 0 0 1 0 1
11 2 1 2 1 16 8 0
3 2 1 1 1 3 7 0
3 1 0 1 0 2 0 1
8 2 0 2 0 12 0 0
13 2 1 4 1 19 6 0
####
1 0 0 17 0 24 8 0 31 0
2 0 0 17 0 24 8 0 26 0
2 1 0 17 0 24 8 0 21 0
3 0 0 17 0 24 8 0 28 0
3 1 0 17 0 24 8 0 23 0
3 2 0 17 0 24 8 0 18 0
4 0 0 17 0 24 8 0 29 0
4 1 0 17 0 24 8 0 24 0
4 2 0 17 0 24 8 0 19 0
4 3 0 17 0 24 8 0 21 0
6 0 0 17 0 24 8 0 32 0
6 1 0 17 0 24 8 0 27 0
6 2 0 17 0 24 8 0 22 0
6 3 0 17 0 24 8 0 24 0
6 4 0 17 0 24 8 0 25 0
7 0 0 17 0 24 8 0 34 0
7 1 0 17 0 24 8 0 29 0
7 2 0 17 0 24 8 0 24 0
7 3 0 17 0 24 8 0 26 0
7 4 0 17 0 24 8 0 27 0
7 6 0 17 0 24 8 0 30 0
16 5 1 16 0 21 11 0 17 1
26 5 1 0 0 0 10 0 0 0
26 16 1 0 0 0 10 0 0 0
28 18 2 15 3 18 11 2 19 1
29 18 2 0 3 0 10 2 0 0
29 28 2 0 3 0 10 2 0 0
30 23 7 0 10 0 9 12 0 0
27 24 10 0 14 0 9 19 0 0
25 9 11 0 16 0 9 21 0 0
22 12 15 0 21 0 9 30 0 0
####
15 27 0 3 1 15 11
10 11 0 2 1 20 5
6 21 6 8 3 0 19
17 20 0 2 1 8 16
16 28 0 6 1 1 22
4 27 14 9 10 0 16
0 16 0 10 1 0 25
6 17 8 8 5 0 19
4 19 24 8 17 0 16
3 10 19 8 13 0 15
16 29 0 6 1 1 22
20 30 0 3 1 10 15
21 8 0 2 1 5 18
11 22 0 3 1 21 4
7 28 3 10 2 0 21
16 18 0 6 1 1 22
28 31 12 4 10 3 7
12 14 0 3 1 22 2
14 19 0 2 1 24 1
3 23 10 9 7 0 15
1 13 12 8 8 0 18
13 15 0 2 1 13 12
7 18 3 10 2 0 21
3 30 10 9 7 0 15
5 24 11 5 9 1 4
0 12 21 9 15 0 25
3 9 16 9 11 0 15
0 5 0 10 1 0 25
9 31 0 3 1 17 7
8 17 0 2 1 7 17
18 21 0 4 1 3 19
27 9 0 4 1 16 8
11 12 0 3 1 21 4
4 20 9 8 6 0 16
4 11 20 8 14 0 16
31 10 0 2 1 19 6
20 23 0 3 1 10 15
15 24 0 3 1 15 11
0 26 0 10 1 0 25
24 25 0 4 1 17 1
5 14 20 4 15 1 4
1 8 7 8 4 0 18
2 25 16 9 11 0 12
2 15 13 8 9 0 12
23 13 0 3 1 12 13
