1 0 3 0 3 0 13 0
5 2 1 2 1 7 5 0
1 0 3 0 2 0 13 0
1 0 2 0 0 0 2 0
1 0 3 0 5 0 19 0
5 2 1 2 1 6 6 0
1 0 4 0 5 0 12 0
1 0 4 0 3 0 13 0
2 1 2 0 1 1 9 0
3 2 1 1 2 3 9 0
6 2 1 2 1 7 2 0
3 2 1 1 1 3 7 0
4 2 1 2 2 4 6 0
6 1 1 2 1 7 5 0
2 1 0 0 0 1 0 1
6 2 1 2 0 8 1 0
7 2 1 3 2 10 4 0
8 2 2 2 1 12 3 0
8 2 0 2 0 11 0 0
2 1 2 0 2 1 12 0
9 2 1 2 0 13 1 0
9 2 0 2 0 13 0 0
7 1 0 2 0 9 0 1
2 1 0 0 0 1 0 1
5 2 2 2 2 6 5 0
10 1 0 2 0 14 0 1
3 2 0 1 0 3 0 0
4 2 2 2 2 5 8 0
7 2 1 3 0 10 1 0
2 1 0 0 0 1 0 1
####
2 0 0 9 0 23 7 0 12 0
4 0 0 9 0 23 7 0 11 0
4 2 0 9 0 23 7 0 15 0
4 3 0 2 0 5 9 0 1 0
6 0 0 9 0 23 7 0 6 0
6 2 0 9 0 23 7 0 10 0
6 4 0 9 0 23 7 0 9 0
7 0 0 9 0 23 7 0 13 0
7 2 0 9 0 23 7 0 17 0
7 4 0 9 0 23 7 0 16 0
7 6 0 9 0 23 7 0 11 0
19 8 0 6 0 14 7 0 6 0
26 11 2 0 5 0 9 2 0 0
27 12 3 0 8 0 8 2 0 0
24 1 4 0 10 0 9 0 0 0
24 5 4 0 10 0 9 4 0 0
5 1 4 5 10 10 10 4 7 1
15 10 5 0 13 0 9 2 0 0
15 13 5 0 13 0 9 3 0 0
13 10 5 0 13 0 9 6 0 0
22 16 6 0 16 0 9 3 0 0
28 22 6 0 16 0 9 4 0 0
28 16 6 0 16 0 9 3 0 0
18 17 7 0 19 0 8 5 0 0
21 20 8 0 21 0 8 6 0 0
####
28 18 0 5 1 10 1
2 29 0 11 1 0 13
7 21 21 8 8 0 13
20 25 0 3 1 13 1
4 8 0 11 1 0 19
0 14 0 11 1 0 13
5 13 0 6 1 6 6
17 20 0 4 1 12 3
4 27 8 8 3 0 19
6 17 19 8 7 0 12
7 20 21 8 8 0 13
16 17 0 5 1 10 4
2 9 5 9 2 0 13
1 16 3 6 2 7 5
6 10 13 9 5 0 12
0 24 10 9 4 0 13
13 16 0 6 1 7 5
12 24 0 5 1 4 6
7 19 0 11 1 0 13
27 5 0 5 1 5 8
24 10 0 6 1 6 5
15 22 0 6 1 8 1
27 1 0 5 1 5 8
19 28 11 8 5 1 12
4 5 10 9 4 0 19
6 11 5 9 2 0 12
3 23 0 11 1 0 2
8 11 0 8 1 1 9
24 15 0 6 1 6 5
7 18 19 8 7 0 13
6 12 8 8 3 0 12
3 26 5 9 2 0 2
11 12 0 5 1 3 7
8 26 0 8 1 1 9
10 28 0 6 1 7 2
0 1 10 9 4 0 13
19 9 0 8 1 1 12
9 27 0 5 1 3 9
17 21 0 4 1 12 3
2 15 13 9 5 0 13
