1 0 4 0 4 0 14 0
1 0 2 0 0 0 2 0
1 0 4 0 5 0 21 0
1 0 3 0 2 0 5 0
4 2 1 2 3 5 9 0
1 0 3 0 3 0 14 0
2 1 1 0 1 1 2 0
2 1 3 0 3 1 16 0
1 0 2 0 1 0 3 0
8 2 1 2 0 10 1 0
3 2 2 1 2 3 6 0
2 2 1 0 0 2 1 0
3 1 0 1 0 2 0 1
2 1 0 0 0 1 0 1
6 2 0 2 0 8 0 0
5 1 3 2 4 6 8 0
8 2 1 2 0 10 1 0
3 1 0 2 0 3 0 1
6 2 1 2 0 8 1 0
2 2 0 0 0 2 0 0
9 2 0 4 0 13 0 0
4 2 1 2 1 5 2 0
2 1 0 0 0 1 0 1
3 2 1 1 1 3 10 0
6 2 2 1 2 7 6 0
7 2 1 3 1 9 2 0
5 2 1 2 0 7 1 0
7 2 1 3 1 8 2 0
9 1 0 2 0 11 0 1
2 1 0 0 0 1 0 1
####
2 0 0 8 0 22 8 0 12 0
3 0 0 8 0 22 8 0 6 0
3 2 0 8 0 22 8 0 8 0
5 0 0 8 0 22 8 0 11 0
5 2 0 8 0 22 8 0 13 0
5 3 0 8 0 22 8 0 7 0
8 1 0 1 0 0 13 0 0 0
8 2 0 2 0 7 10 0 2 0
7 6 1 7 0 15 15 0 9 1
11 6 1 0 0 0 13 0 0 0
11 7 1 0 0 0 13 0 0 0
13 6 1 0 0 0 13 0 0 0
13 7 1 0 0 0 13 0 0 0
13 11 1 0 0 0 13 0 0 0
19 11 1 0 0 0 13 0 0 0
29 19 1 0 0 0 13 0 0 0
12 10 2 0 7 0 10 2 0 0
17 10 2 0 7 0 10 2 0 0
17 12 2 0 7 0 10 2 0 0
23 10 2 6 7 11 12 2 8 1
23 12 2 0 7 0 10 2 0 0
23 17 2 0 7 0 10 2 0 0
21 4 3 0 11 0 8 1 0 0
26 15 4 0 13 0 8 3 0 0
18 14 5 0 15 0 9 5 0 0
24 18 5 3 15 4 11 4 2 1
24 14 5 0 15 0 9 5 0 0
27 25 6 0 18 0 8 7 0 0
16 9 7 0 20 0 8 9 0 0
28 20 8 0 22 0 8 12 0 0
####
23 4 0 6 1 3 10
15 27 3 4 2 6 8
5 9 20 8 7 0 14
26 14 0 5 1 7 1
7 12 0 11 1 1 16
0 14 15 9 5 0 14
16 28 0 4 1 10 1
10 21 0 6 1 3 6
8 19 0 13 1 0 3
0 10 7 10 2 0 14
1 29 0 13 1 0 2
5 23 7 10 2 0 14
24 27 0 5 1 7 6
0 24 15 9 5 0 14
27 16 0 4 1 8 2
2 13 0 13 1 0 21
7 10 0 11 1 1 16
0 4 11 8 3 0 14
3 16 20 8 7 0 5
15 18 0 5 1 6 8
7 23 0 11 1 1 16
18 20 4 5 3 8 1
2 6 0 13 1 0 21
21 26 0 4 1 5 2
6 18 8 10 4 1 2
9 20 0 4 1 10 1
8 11 0 13 1 0 3
1 19 0 13 1 0 2
5 21 11 8 3 0 14
3 26 13 8 4 0 5
2 7 0 13 1 0 21
11 17 0 11 1 2 1
15 24 0 5 1 6 8
3 22 0 13 1 0 5
4 15 0 4 1 5 9
2 11 0 13 1 0 21
10 25 7 6 4 3 6
24 25 0 5 1 7 6
25 9 0 4 1 9 2
