1 0 2 0 4 0 17 0
1 0 4 0 3 0 8 0
4 2 1 2 0 5 1 0
1 0 2 0 2 0 5 0
1 0 3 0 2 0 13 0
1 0 3 0 3 0 12 0
1 0 3 0 4 0 10 0
2 1 3 0 4 1 10 0
1 0 3 0 3 0 8 0
1 0 3 0 1 0 5 0
1 0 4 0 4 0 16 0
2 1 2 0 3 1 12 0
6 1 0 2 0 7 0 1
6 2 0 4 0 13 0 0
7 2 0 2 0 11 0 0
6 2 1 2 0 9 1 0
7 2 0 2 0 10 0 0
3 2 2 1 2 3 6 0
3 2 1 2 1 4 5 0
2 2 1 0 1 2 4 0
4 2 1 2 2 6 4 0
2 1 1 0 1 1 2 0
4 2 1 3 1 4 2 0
3 2 1 1 1 3 4 0
3 2 1 2 2 4 3 0
5 2 1 2 0 6 1 0
6 1 0 2 0 8 0 1
4 2 2 2 0 6 2 0
2 1 0 0 0 1 0 1
4 2 1 2 1 5 3 0
2 2 1 0 1 2 6 0
5 1 0 2 0 7 0 1
5 2 1 2 1 7 2 0
2 1 0 0 0 1 0 1
4 2 1 2 1 5 2 0
5 2 2 2 1 8 3 0
6 2 1 2 0 9 1 0
4 2 0 1 0 4 0 0
5 1 0 2 0 7 0 1
5 2 1 2 0 7 1 0
3 1 1 1 0 2 1 0
3 2 1 1 1 3 2 0
####
1 0 0 5 0 26 14 0 7 0
3 0 0 6 0 31 11 0 7 0
4 0 0 5 0 26 14 0 7 0
4 1 0 6 0 31 11 0 9 0
5 0 0 6 0 31 11 0 9 0
5 1 0 3 0 13 16 0 2 0
5 3 0 6 0 31 11 0 6 0
5 4 0 4 0 20 15 0 5 0
6 0 0 6 0 31 11 0 6 0
6 1 0 6 0 31 11 0 7 0
6 3 0 6 0 31 11 0 3 0
6 4 0 6 0 31 11 0 8 0
6 5 0 6 0 31 11 0 5 0
8 0 0 5 0 26 14 0 7 0
8 1 0 6 0 31 11 0 6 0
8 4 0 6 0 31 11 0 7 0
8 6 0 6 0 31 11 0 5 0
9 0 0 6 0 31 11 0 8 0
9 1 0 6 0 31 11 0 4 0
9 3 0 6 0 31 11 0 5 0
9 4 0 6 0 31 11 0 5 0
9 5 0 6 0 31 11 0 7 0
9 6 0 6 0 31 11 0 4 0
9 8 0 6 0 31 11 0 2 0
10 0 0 5 0 26 14 0 6 0
10 1 0 6 0 31 11 0 9 0
10 4 0 6 0 31 11 0 10 0
10 5 0 4 0 20 15 0 5 0
10 6 0 6 0 31 11 0 8 0
10 8 0 6 0 31 11 0 7 0
10 9 0 6 0 31 11 0 5 0
11 7 1 4 0 19 21 0 6 1
30 7 0 4 0 19 12 0 5 0
30 19 1 0 0 0 16 0 0 0
33 19 1 0 0 0 16 0 0 0
33 30 1 0 0 0 16 0 0 0
23 17 2 0 7 0 15 3 0 0
24 23 2 0 7 0 15 0 0 0
24 18 2 0 7 0 15 2 0 0
40 23 2 0 7 0 15 1 0 0
40 24 2 0 7 0 15 1 0 0
41 17 2 0 7 0 15 3 0 0
41 23 2 0 7 0 15 2 0 0
41 24 2 0 7 0 15 1 0 0
41 18 2 3 7 13 20 1 3 1
22 2 3 0 13 0 16 5 0 0
27 20 3 0 13 0 16 4 0 0
27 2 3 0 13 0 16 3 0 0
29 22 3 0 13 0 16 5 0 0
29 27 3 0 13 0 16 2 0 0
29 2 3 0 13 0 16 4 0 0
20 2 3 2 13 6 21 1 1 1
34 22 3 0 13 0 16 6 0 0
34 29 3 0 13 0 16 5 0 0
34 2 3 0 13 0 16 5 0 0
37 27 3 0 13 0 16 3 0 0
37 29 3 0 13 0 16 3 0 0
37 20 3 0 13 0 16 1 0 0
37 2 3 0 13 0 16 0 0 0
32 25 4 0 20 0 15 7 0 0
32 31 4 0 20 0 15 4 0 0
35 31 4 0 20 0 15 6 0 0
38 31 4 0 20 0 15 6 0 0
38 32 4 0 20 0 15 4 0 0
38 35 4 0 20 0 15 6 0 0
39 25 4 0 20 0 15 8 0 0
39 31 4 0 20 0 15 3 0 0
39 32 4 0 20 0 15 7 0 0
39 35 4 0 20 0 15 1 0 0
39 38 4 0 20 0 15 3 0 0
15 12 5 0 26 0 14 9 0 0
15 13 5 0 26 0 14 7 0 0
36 15 5 0 26 0 14 2 0 0
36 26 5 0 26 0 14 3 0 0
36 13 5 0 26 0 14 7 0 0
26 12 5 0 26 0 14 10 0 0
26 15 5 0 26 0 14 9 0 0
26 13 5 0 26 0 14 8 0 0
13 12 5 0 26 0 14 8 0 0
16 14 6 0 31 0 11 4 0 0
####
8 35 20 15 4 0 8
3 25 20 15 4 0 5
39 26 0 11 1 7 1
41 2 0 13 1 3 2
25 12 0 11 1 6 1
0 7 0 16 1 0 17
17 34 0 13 1 3 6
9 29 13 16 3 0 5
1 37 13 16 3 0 8
11 23 0 13 1 1 12
8 28 0 16 1 0 8
30 18 0 13 1 2 6
40 37 0 13 1 2 1
5 23 7 15 2 0 12
4 33 0 16 1 0 13
34 39 0 13 1 5 2
1 2 13 16 3 0 8
10 30 0 16 1 0 16
4 19 0 16 1 0 13
20 35 0 13 1 6 4
24 27 0 13 1 4 3
1 36 26 14 5 0 8
2 13 6 12 2 5 1
0 11 0 16 1 0 17
6 15 26 14 5 0 10
35 36 0 11 1 8 3
18 20 0 13 1 4 5
7 41 0 13 1 1 10
9 14 31 11 6 0 5
32 15 0 11 1 7 2
10 39 20 15 4 0 16
23 29 0 13 1 3 4
10 19 0 16 1 0 16
5 24 7 15 2 0 12
21 40 0 13 1 1 2
19 24 0 13 1 2 4
9 16 31 11 6 0 5
17 22 0 13 1 3 6
5 21 0 16 1 0 12
27 31 0 13 1 6 2
7 22 6 14 2 1 10
10 41 7 15 2 0 16
22 25 0 13 1 4 2
11 17 0 13 1 1 12
8 34 13 16 3 0 8
35 13 0 11 1 8 3
3 32 20 15 4 0 5
36 14 0 7 1 9 1
29 32 0 13 1 5 3
27 38 0 13 1 6 2
1 18 7 15 2 0 8
6 20 13 16 3 0 10
7 17 0 13 1 1 10
6 27 13 16 3 0 10
15 16 0 7 1 9 1
4 30 0 16 1 0 13
