1 0 3 0 2 0 15 0
1 0 3 0 4 0 12 0
1 0 3 0 2 0 15 0
1 0 2 0 2 0 15 0
2 1 2 0 2 1 5 0
2 1 1 0 2 1 12 0
1 0 2 0 1 0 5 0
1 0 3 0 5 0 17 0
14 2 1 3 1 22 2 0
3 2 0 2 0 4 0 0
2 1 1 0 1 1 8 0
10 2 1 2 1 16 6 0
1 0 3 0 3 0 19 0
5 2 1 2 1 7 13 0
6 2 1 2 2 8 12 0
7 2 2 3 3 11 11 0
3 2 1 2 1 3 15 0
15 2 1 2 0 23 1 0
11 2 1 4 1 17 5 0
12 2 1 3 1 19 4 0
8 2 2 2 2 12 10 0
2 2 1 0 0 2 1 0
9 2 1 3 1 15 7 0
2 2 2 0 1 2 16 0
10 2 0 2 0 15 0 0
13 2 1 2 1 21 3 0
9 2 1 2 0 14 1 0
16 2 0 3 0 24 0 0
2 1 0 0 0 1 0 1
4 2 1 2 1 5 14 0
####
1 0 0 15 0 22 8 0 20 0
2 0 0 15 0 22 8 0 23 0
2 1 0 15 0 22 8 0 21 0
3 0 0 15 0 22 8 0 21 0
3 1 0 15 0 22 8 0 19 0
3 2 0 15 0 22 8 0 22 0
6 0 0 15 0 22 8 0 14 0
6 1 0 15 0 22 8 0 12 0
6 2 0 15 0 22 8 0 15 0
6 3 0 15 0 22 8 0 13 0
7 0 0 15 0 22 8 0 25 0
7 1 0 15 0 22 8 0 23 0
7 2 0 15 0 22 8 0 26 0
7 3 0 15 0 22 8 0 24 0
7 6 0 15 0 22 8 0 17 0
12 0 0 15 0 22 8 0 25 0
12 1 0 15 0 22 8 0 23 0
12 2 0 15 0 22 8 0 26 0
12 3 0 15 0 22 8 0 24 0
12 6 0 15 0 22 8 0 17 0
12 7 0 15 0 22 8 0 28 0
5 4 0 14 0 16 7 0 13 0
10 4 1 14 0 16 14 0 11 1
10 5 0 14 0 16 7 0 16 0
21 5 1 0 0 0 13 0 0 0
23 4 0 14 0 16 7 0 17 0
23 5 0 14 0 16 7 0 22 0
23 10 0 14 0 16 7 0 20 0
23 21 1 0 0 0 13 0 0 0
16 9 2 0 6 0 9 2 0 0
26 22 8 0 13 0 9 8 0 0
24 11 9 0 15 0 9 10 0 0
####
26 24 0 4 1 14 1
6 9 6 9 2 0 5
2 29 8 8 3 0 15
4 8 14 7 12 1 5
15 20 0 2 1 11 11
0 14 10 8 5 0 15
1 26 13 9 8 0 12
3 21 0 13 1 0 15
21 9 0 8 1 2 1
7 16 6 9 2 0 17
29 13 0 2 1 5 14
18 19 0 2 1 17 5
25 8 0 2 1 21 3
0 28 0 13 1 0 15
7 20 12 8 7 0 17
20 26 0 3 1 12 10
4 19 12 7 10 1 5
16 29 0 3 1 3 15
6 25 19 8 12 0 5
19 25 0 2 1 19 4
12 17 21 8 14 0 19
15 18 5 2 4 11 11
1 10 0 13 1 0 12
11 18 0 3 1 16 6
10 22 7 8 7 1 8
7 23 0 13 1 0 17
12 21 0 13 1 0 19
23 16 0 8 1 2 16
20 22 0 3 1 12 10
1 4 0 13 1 0 12
5 15 5 7 5 1 12
14 15 0 2 1 8 12
22 11 0 4 1 15 7
8 17 0 2 1 22 2
2 24 15 9 9 0 15
17 27 0 2 1 23 1
3 5 0 13 1 0 15
13 14 0 2 1 7 13
0 13 9 8 4 0 15
2 11 15 9 9 0 15
23 27 16 7 14 2 16
12 23 0 13 1 0 19
