1 0 2 0 4 0 12 0
1 0 4 0 2 0 6 0
1 0 4 0 6 0 17 0
1 0 2 0 3 0 9 0
1 0 2 0 3 0 11 0
1 0 1 0 1 0 4 0
2 1 2 0 4 1 12 0
2 1 3 0 1 1 9 0
3 2 2 1 3 3 5 0
5 2 1 2 1 6 4 0
4 2 1 2 0 5 1 0
3 2 2 1 2 3 5 0
7 2 1 2 1 10 2 0
5 1 0 2 0 6 0 1
2 1 0 0 0 1 0 1
5 2 0 3 0 7 0 0
5 1 0 2 0 5 0 1
3 2 1 1 1 3 6 0
6 2 1 2 1 8 3 0
4 2 1 2 0 5 1 0
4 2 1 2 1 5 2 0
5 2 0 2 0 6 0 0
3 1 0 1 0 2 0 1
8 2 1 4 0 15 1 0
4 2 1 2 1 5 5 0
9 1 0 2 0 16 0 1
4 2 2 2 0 4 2 0
####
1 0 0 8 0 20 7 0 9 0
2 0 0 8 0 20 7 0 15 0
2 1 0 8 0 20 7 0 10 0
3 0 0 8 0 20 7 0 9 0
3 1 0 8 0 20 7 0 4 0
3 2 0 8 0 20 7 0 10 0
4 0 0 8 0 20 7 0 15 0
4 1 0 8 0 20 7 0 10 0
4 2 0 8 0 20 7 0 16 0
4 3 0 8 0 20 7 0 10 0
5 0 0 8 0 20 7 0 10 0
5 1 0 8 0 20 7 0 5 0
5 2 0 8 0 20 7 0 11 0
5 3 0 8 0 20 7 0 5 0
5 4 0 8 0 20 7 0 11 0
7 6 0 7 0 17 4 0 9 0
11 8 2 0 3 0 10 2 0 0
17 11 2 6 3 13 11 0 7 1
22 17 2 0 3 0 10 2 0 0
19 10 3 0 7 0 11 4 0 0
20 10 3 0 7 0 11 4 0 0
20 19 3 0 7 0 11 4 0 0
24 10 3 0 7 0 11 2 0 0
24 19 3 0 7 0 11 2 0 0
24 20 3 5 7 8 12 2 5 1
26 10 3 0 7 0 11 4 0 0
26 19 3 0 7 0 11 4 0 0
26 20 3 0 7 0 11 4 0 0
26 24 3 0 7 0 11 2 0 0
13 9 4 0 12 0 11 4 0 0
21 13 4 0 12 0 11 6 0 0
21 9 4 0 12 0 11 4 0 0
21 15 4 0 12 0 11 6 0 0
21 16 4 0 12 0 11 6 0 0
15 13 4 0 12 0 11 2 0 0
15 9 4 0 12 0 11 4 0 0
16 13 4 0 12 0 11 6 0 0
16 9 4 0 12 0 11 4 0 0
16 15 4 0 12 0 11 6 0 0
####
1 21 12 11 4 0 6
0 7 0 9 1 0 12
0 10 7 11 3 0 12
9 18 0 6 1 6 4
26 16 0 10 1 4 2
11 19 0 9 1 3 5
2 26 7 11 3 0 17
26 15 0 10 1 4 2
24 9 0 10 1 5 5
7 15 9 8 3 1 9
2 9 12 11 4 0 17
18 12 0 2 1 8 3
3 20 7 11 3 0 9
8 10 0 9 1 3 5
5 18 17 7 5 0 4
1 14 0 9 1 0 6
17 24 0 9 1 3 6
19 21 0 10 1 5 1
23 25 0 2 1 15 1
2 6 0 9 1 0 17
6 11 0 7 1 1 12
10 13 0 10 1 5 1
1 19 7 11 3 0 6
2 24 7 11 3 0 17
7 22 0 7 1 1 9
8 26 0 9 1 3 5
4 11 3 10 2 0 11
20 23 7 6 4 5 2
6 8 0 7 1 1 12
1 12 18 7 6 0 6
4 17 3 10 2 0 11
3 8 3 10 2 0 9
11 20 0 9 1 3 5
7 17 0 7 1 1 9
12 23 0 2 1 10 2
