1 0 2 0 3 0 6 0
1 0 1 0 2 0 18 0
1 0 3 0 2 0 12 0
1 0 3 0 5 0 14 0
1 0 2 0 2 0 4 0
1 0 3 0 2 0 8 0
2 1 0 0 0 1 0 1
4 2 1 2 1 4 7 0
1 0 3 0 3 0 10 0
5 2 1 2 2 7 3 0
5 1 1 2 2 5 6 0
8 2 1 2 1 10 2 0
6 2 2 1 1 7 5 0
1 0 3 0 4 0 10 0
2 1 2 0 3 1 17 0
2 1 2 0 1 1 3 0
6 2 2 2 0 9 2 0
3 2 1 1 2 3 6 0
7 1 0 2 0 10 0 1
2 2 1 0 1 2 3 0
2 2 1 0 1 2 2 0
7 2 1 2 1 9 3 0
10 1 0 2 0 16 0 1
3 2 1 2 0 4 1 0
7 2 0 2 0 9 0 0
3 2 1 1 0 3 1 0
3 2 2 1 2 3 9 0
5 1 0 2 0 6 0 1
7 2 0 2 0 10 0 0
4 2 1 4 1 7 2 0
4 1 0 2 0 4 0 1
4 2 2 2 1 5 5 0
9 2 1 4 0 15 1 0
4 2 0 3 0 7 0 0
####
1 0 0 9 0 25 9 0 13 0
2 0 0 9 0 25 9 0 7 0
2 1 0 9 0 25 9 0 12 0
3 0 0 9 0 25 9 0 12 0
3 1 0 9 0 25 9 0 17 0
3 2 0 9 0 25 9 0 11 0
4 3 0 3 0 9 13 0 3 0
5 0 0 6 0 19 12 0 1 0
5 1 0 6 0 19 12 0 7 0
5 2 0 6 0 19 12 0 6 0
5 3 0 6 0 19 12 0 4 0
5 4 0 3 0 9 13 0 3 0
8 0 0 9 0 25 9 0 7 0
8 1 0 9 0 25 9 0 12 0
8 2 0 9 0 25 9 0 6 0
8 3 0 9 0 25 9 0 11 0
8 5 0 6 0 19 12 0 5 0
13 0 0 9 0 25 9 0 7 0
13 1 0 9 0 25 9 0 12 0
13 2 0 9 0 25 9 0 6 0
13 3 0 9 0 25 9 0 11 0
13 4 0 3 0 9 13 0 3 0
13 5 0 6 0 19 12 0 3 0
13 8 0 9 0 25 9 0 6 0
19 6 1 0 0 0 13 0 0 0
19 14 0 8 0 20 6 0 10 0
20 15 0 2 0 4 10 0 1 0
20 19 1 0 0 0 13 0 0 0
25 23 2 0 5 0 12 0 0 0
26 17 2 0 5 0 12 2 0 0
26 25 2 0 5 0 12 1 0 0
29 7 3 6 9 11 14 4 6 1
30 7 3 0 9 0 13 3 0 0
30 29 3 0 9 0 13 3 0 0
31 7 3 0 9 0 13 4 0 0
31 29 3 0 9 0 13 4 0 0
33 7 3 0 9 0 13 2 0 0
33 29 3 0 9 0 13 2 0 0
33 30 3 0 9 0 13 3 0 0
10 9 4 0 14 0 11 6 0 0
27 10 4 0 14 0 11 6 0 0
27 9 4 0 14 0 11 6 0 0
16 12 5 0 17 0 10 8 0 0
21 18 6 0 19 0 12 10 0 0
24 21 6 0 19 0 12 2 0 0
24 18 6 0 19 0 12 10 0 0
28 21 6 0 19 0 12 10 0 0
28 24 6 0 19 0 12 10 0 0
28 18 6 0 19 0 12 10 0 0
####
5 9 14 11 4 0 8
14 17 0 9 1 1 17
3 15 0 13 1 0 14
31 9 0 8 1 5 5
16 28 0 6 1 9 2
14 26 0 9 1 1 17
8 28 19 12 6 0 10
3 7 9 13 3 0 14
2 19 0 13 1 0 12
25 30 0 9 1 3 1
19 29 4 10 2 2 3
26 29 0 9 1 3 9
1 14 0 13 1 0 18
10 12 0 5 1 5 6
13 16 17 10 5 0 10
12 24 0 6 1 7 5
4 23 5 12 2 0 4
0 11 23 9 7 0 6
7 10 0 8 1 4 7
26 7 0 9 1 3 9
13 20 0 13 1 0 10
16 18 0 6 1 9 2
12 21 0 6 1 7 5
2 6 0 13 1 0 12
15 25 0 9 1 1 3
8 21 19 12 6 0 10
5 24 19 12 6 0 8
0 12 17 10 5 0 6
17 31 0 9 1 3 6
9 16 0 5 1 7 3
4 25 5 12 2 0 4
13 19 0 13 1 0 10
21 11 0 5 1 9 3
3 26 5 12 2 0 14
2 17 5 12 2 0 12
32 22 0 2 1 15 1
20 23 0 9 1 2 2
29 32 10 6 5 7 2
8 31 9 13 3 0 10
11 32 0 2 1 10 2
31 27 0 8 1 5 5
5 20 0 13 1 0 8
15 33 4 10 2 1 3
23 33 0 9 1 4 1
