1 0 3 0 3 0 18 0
1 0 4 0 3 0 15 0
1 0 3 0 2 0 5 0
4 2 1 2 1 5 6 0
1 0 2 0 1 0 2 0
1 0 2 0 3 0 13 0
1 0 3 0 4 0 8 0
1 0 3 0 3 0 8 0
5 2 1 2 0 8 1 0
1 0 2 0 1 0 8 0
1 0 3 0 2 0 9 0
1 0 4 0 3 0 15 0
2 1 1 0 0 1 1 0
2 1 2 0 2 1 10 0
2 2 1 0 1 2 7 0
5 2 1 4 1 11 5 0
6 2 1 2 2 12 4 0
2 1 1 0 1 1 3 0
3 2 1 1 1 3 2 0
9 1 0 2 0 15 0 1
5 1 0 2 0 7 0 1
2 1 0 0 0 1 0 1
4 2 1 2 0 5 1 0
2 2 0 0 0 2 0 0
4 2 1 2 0 5 1 0
2 1 0 0 0 1 0 1
3 2 1 2 2 4 4 0
2 1 0 0 0 1 0 1
5 1 0 2 0 6 0 1
2 1 0 0 0 1 0 1
2 1 1 0 2 1 5 0
3 2 2 1 2 3 4 0
2 2 1 0 1 2 5 0
4 2 2 2 1 6 3 0
7 2 2 2 1 13 3 0
8 1 0 2 0 14 0 1
3 2 1 2 1 4 6 0
6 2 0 4 0 13 0 0
5 2 0 2 0 8 0 0
4 2 1 3 0 6 1 0
8 2 1 2 0 14 1 0
3 2 1 1 1 3 7 0
3 2 0 1 0 2 0 0
####
1 0 0 8 0 32 11 0 12 0
2 0 0 5 0 27 12 0 4 0
2 1 0 5 0 27 12 0 2 0
5 0 0 8 0 32 11 0 11 0
5 1 0 8 0 32 11 0 13 0
5 2 0 4 0 22 15 0 3 0
6 0 0 8 0 32 11 0 11 0
6 1 0 8 0 32 11 0 13 0
6 5 0 8 0 32 11 0 12 0
7 0 0 5 0 27 12 0 8 0
7 1 0 5 0 27 12 0 6 0
7 2 0 5 0 27 12 0 6 0
9 0 0 8 0 32 11 0 10 0
9 1 0 8 0 32 11 0 12 0
9 5 0 8 0 32 11 0 11 0
9 6 0 8 0 32 11 0 11 0
10 0 0 5 0 27 12 0 9 0
10 1 0 5 0 27 12 0 7 0
10 2 0 5 0 27 12 0 7 0
10 7 0 5 0 27 12 0 11 0
11 0 0 8 0 32 11 0 11 0
11 1 0 8 0 32 11 0 13 0
11 2 0 5 0 27 12 0 5 0
11 5 0 8 0 32 11 0 12 0
11 6 0 8 0 32 11 0 12 0
11 7 0 5 0 27 12 0 9 0
11 9 0 8 0 32 11 0 11 0
11 10 0 5 0 27 12 0 10 0
14 13 0 7 0 21 12 0 11 0
21 17 1 0 0 0 21 0 0 0
23 13 1 0 0 0 21 0 0 0
23 14 1 0 0 0 21 0 0 0
27 13 1 0 0 0 21 0 0 0
27 23 1 0 0 0 21 0 0 0
30 13 0 3 0 11 16 0 3 0
32 14 1 0 0 0 21 0 0 0
32 17 0 4 0 16 13 0 5 0
32 23 1 0 0 0 21 0 0 0
32 29 1 0 0 0 21 0 0 0
31 26 2 0 11 0 16 1 0 0
26 18 2 3 11 10 18 1 3 1
36 31 2 0 11 0 16 1 0 0
36 26 2 0 11 0 16 2 0 0
41 36 0 6 0 15 7 0 9 0
22 3 3 0 17 0 15 2 0 0
24 3 3 0 17 0 15 2 0 0
33 22 3 2 17 5 17 2 1 1
33 24 3 0 17 0 15 3 0 0
33 3 3 0 17 0 15 1 0 0
39 22 3 0 17 0 15 1 0 0
39 24 3 0 17 0 15 4 0 0
39 33 3 0 17 0 15 3 0 0
39 3 3 0 17 0 15 2 0 0
28 8 4 0 22 0 15 5 0 0
28 20 4 0 22 0 15 5 0 0
28 15 4 0 22 0 15 4 0 0
20 8 4 0 22 0 15 4 0 0
20 15 4 0 22 0 15 3 0 0
38 28 4 0 22 0 15 6 0 0
38 8 4 0 22 0 15 5 0 0
38 20 4 0 22 0 15 5 0 0
38 15 4 0 22 0 15 4 0 0
15 8 4 0 22 0 15 3 0 0
37 16 5 0 27 0 12 5 0 0
40 35 7 0 30 0 12 8 0 0
####
3 15 0 10 1 5 6
18 22 0 11 1 3 2
5 31 11 16 2 0 13
7 21 0 21 1 0 8
32 26 0 17 1 2 5
11 40 30 12 7 0 15
2 8 22 15 4 0 5
36 15 5 11 2 4 6
22 37 5 7 2 5 1
15 16 0 7 1 11 5
11 23 0 21 1 0 15
33 8 0 10 1 6 3
4 12 0 21 1 0 2
30 31 0 17 1 1 5
34 35 0 3 1 13 3
11 14 0 21 1 0 15
13 41 0 17 1 1 10
0 3 17 15 3 0 18
4 42 11 16 2 0 2
7 33 17 15 3 0 8
10 18 11 16 2 0 9
40 19 0 3 1 14 1
9 36 11 16 2 0 8
8 37 0 7 1 8 1
33 20 0 10 1 6 3
31 39 0 11 1 3 4
26 33 0 11 1 4 4
24 28 0 10 1 5 1
1 23 0 21 1 0 15
34 40 0 3 1 13 3
1 13 0 21 1 0 15
13 39 6 16 2 1 10
31 24 0 11 1 3 4
2 24 17 15 3 0 5
10 32 0 21 1 0 9
0 30 0 21 1 0 18
12 42 0 17 1 1 1
17 18 0 17 1 1 3
6 41 11 16 2 0 8
1 22 17 15 3 0 15
0 26 11 16 2 0 18
14 36 0 17 1 2 7
39 38 0 10 1 6 1
41 3 0 11 1 3 7
1 27 0 21 1 0 15
16 34 0 3 1 12 4
11 32 0 21 1 0 15
5 14 0 21 1 0 13
6 34 29 11 6 0 8
2 25 0 21 1 0 5
7 17 0 21 1 0 8
10 29 0 21 1 0 9
9 38 22 15 4 0 8
6 16 27 12 5 0 8
