1 0 3 0 4 0 9 0
1 0 3 0 4 0 8 0
2 1 2 0 2 1 5 0
1 0 4 0 3 0 8 0
3 2 1 2 0 3 1 0
4 1 0 2 0 4 0 1
2 1 2 0 2 1 5 0
6 2 1 3 0 9 1 0
3 2 1 3 1 5 2 0
1 0 4 0 4 0 13 0
1 0 3 0 2 0 7 0
2 2 2 0 2 2 6 0
2 2 1 0 0 2 1 0
3 2 1 2 1 4 4 0
2 1 0 0 0 1 0 1
5 1 0 2 0 8 0 1
4 2 1 3 1 5 3 0
2 1 0 0 0 1 0 1
3 2 1 2 0 4 1 0
7 2 0 4 0 11 0 0
2 2 1 0 1 2 3 0
3 2 0 2 0 4 0 0
2 2 1 0 1 2 2 0
5 2 1 2 1 6 2 0
4 2 1 2 0 7 1 0
####
1 0 0 6 0 19 6 0 10 0
3 0 0 4 0 16 7 0 6 0
9 0 0 6 0 19 6 0 9 0
9 1 0 6 0 19 6 0 13 0
9 3 0 4 0 16 7 0 4 0
10 0 0 4 0 16 7 0 6 0
10 3 0 4 0 16 7 0 6 0
10 9 0 4 0 16 7 0 4 0
6 2 0 5 0 11 9 0 5 0
11 2 0 5 0 11 9 0 6 0
11 6 1 5 0 11 14 0 9 1
12 2 1 0 0 0 13 0 0 0
14 11 1 0 0 0 13 0 0 0
17 12 1 0 0 0 13 0 0 0
20 2 0 3 0 8 10 0 4 0
20 12 1 0 0 0 13 0 0 0
20 17 1 0 0 0 13 0 0 0
22 11 1 0 0 0 13 0 0 0
22 14 1 0 0 0 13 0 0 0
22 20 1 0 0 0 13 0 0 0
13 4 2 0 8 0 10 2 0 0
18 13 2 4 8 6 11 3 3 1
18 8 2 0 8 0 10 1 0 0
18 4 2 0 8 0 10 2 0 0
8 4 2 0 8 0 10 2 0 0
21 18 2 0 8 0 10 1 0 0
21 8 2 0 8 0 10 2 0 0
21 4 2 0 8 0 10 1 0 0
16 5 3 0 13 0 8 4 0 0
24 16 3 0 13 0 8 2 0 0
24 5 3 0 13 0 8 4 0 0
23 15 4 0 16 0 7 4 0 0
####
10 17 0 13 1 0 7
2 8 0 13 1 1 5
0 2 0 13 1 0 9
9 22 0 13 1 0 13
3 21 8 10 2 0 8
18 19 6 6 4 4 1
1 6 0 13 1 0 8
20 8 0 13 1 2 3
1 11 0 13 1 0 8
23 7 0 3 1 6 2
8 24 0 8 1 5 2
3 20 0 13 1 0 8
10 12 0 13 1 0 7
13 16 0 8 1 4 4
7 19 0 2 1 9 1
9 11 0 13 1 0 13
11 18 0 13 1 2 6
9 24 13 8 3 0 13
11 13 0 13 1 2 6
12 21 0 13 1 2 1
9 14 0 13 1 0 13
1 23 16 7 4 0 8
4 5 0 8 1 3 1
0 18 8 10 2 0 9
24 15 0 5 1 7 1
16 23 0 5 1 5 3
0 12 0 13 1 0 9
22 4 0 13 1 2 2
2 7 10 9 4 1 5
3 22 0 13 1 0 8
10 20 0 13 1 0 7
6 13 0 13 1 1 5
3 4 8 10 2 0 8
6 16 5 11 2 1 5
