1 0 2 0 3 0 13 0
1 0 2 0 1 0 3 0
2 1 2 0 2 1 6 0
1 0 2 0 3 0 5 0
1 0 3 0 4 0 12 0
1 0 2 0 1 0 5 0
3 2 1 2 2 4 4 0
6 2 1 2 0 11 1 0
1 0 4 0 6 0 13 0
4 2 2 2 1 5 3 0
2 2 2 0 0 2 2 0
3 2 1 1 1 3 3 0
4 2 1 2 1 6 3 0
2 1 2 0 2 1 6 0
5 2 1 2 0 7 1 0
3 2 1 1 0 2 1 0
3 2 1 2 1 4 4 0
5 1 0 2 0 6 0 1
6 2 0 2 0 9 0 0
7 2 0 4 0 13 0 0
5 2 1 4 1 9 2 0
3 1 0 2 0 3 0 1
2 1 0 0 0 1 0 1
3 1 0 2 0 3 0 1
2 2 1 0 1 2 5 0
####
1 0 0 5 0 16 8 0 5 0
3 0 0 6 0 18 7 0 7 0
4 0 0 6 0 18 7 0 12 0
4 1 0 5 0 16 8 0 4 0
4 3 0 6 0 18 7 0 7 0
5 0 0 6 0 18 7 0 9 0
5 1 0 5 0 16 8 0 1 0
5 3 0 6 0 18 7 0 4 0
5 4 0 6 0 18 7 0 9 0
8 0 0 6 0 18 7 0 9 0
8 1 0 5 0 16 8 0 5 0
8 3 0 6 0 18 7 0 4 0
8 4 0 6 0 18 7 0 9 0
8 5 0 6 0 18 7 0 6 0
13 2 0 5 0 13 6 0 10 0
24 2 1 0 0 0 11 0 0 0
24 10 1 0 0 0 11 0 0 0
11 6 2 0 5 0 12 1 0 0
15 11 0 4 0 7 7 0 2 0
15 6 2 0 5 0 12 1 0 0
16 11 2 4 5 7 13 2 5 1
16 15 2 4 5 7 13 2 3 1
16 6 2 0 5 0 12 2 0 0
21 11 2 0 5 0 12 1 0 0
21 6 2 0 5 0 12 2 0 0
23 11 2 0 5 0 12 1 0 0
23 21 2 0 5 0 12 2 0 0
23 6 2 0 5 0 12 2 0 0
12 9 3 0 11 0 8 4 0 0
20 14 4 0 13 0 9 7 0 0
20 17 4 0 13 0 9 7 0 0
17 14 4 0 13 0 9 6 0 0
18 7 5 0 16 0 8 9 0 0
####
6 9 0 8 1 4 4
8 9 11 8 3 0 13
20 7 0 5 1 9 2
10 21 0 11 1 2 2
15 19 7 7 4 2 1
3 7 16 8 5 0 5
12 20 0 5 1 6 3
8 24 0 11 1 0 13
3 10 0 11 1 0 5
14 18 0 5 1 7 1
1 14 13 9 4 0 3
0 24 0 11 1 0 13
8 10 0 11 1 0 13
13 16 0 11 1 1 6
5 18 16 8 5 0 5
4 13 0 11 1 0 12
7 19 0 3 1 11 1
5 12 11 8 3 0 5
9 17 0 5 1 5 3
2 16 0 11 1 1 6
9 14 0 5 1 5 3
24 6 0 11 1 2 5
8 11 5 12 2 0 13
13 15 0 11 1 1 6
10 23 0 11 1 2 2
16 12 0 8 1 4 4
1 22 0 11 1 0 3
4 6 5 12 2 0 12
4 15 5 12 2 0 12
2 11 0 11 1 1 6
11 20 2 9 2 3 3
0 2 0 11 1 0 13
