1 0 2 0 3 0 6 0
1 0 2 0 2 0 6 0
3 2 1 2 2 4 5 0
1 0 2 0 1 0 8 0
1 0 1 0 1 0 3 0
1 0 2 0 2 0 7 0
1 0 2 0 0 0 2 0
2 1 1 0 1 1 4 0
6 2 1 2 0 8 1 0
1 0 2 0 2 0 6 0
1 0 3 0 2 0 5 0
1 0 3 0 1 0 6 0
2 1 0 0 0 1 0 1
1 0 2 0 2 0 9 0
2 1 0 0 0 1 0 1
2 1 2 0 2 1 5 0
3 2 1 1 1 3 3 0
4 2 1 2 0 5 1 0
3 2 1 1 0 2 1 0
4 1 2 2 1 5 4 0
5 1 0 2 0 6 0 1
4 2 1 2 1 5 2 0
2 2 0 0 0 2 0 0
6 1 0 2 0 8 0 1
5 2 1 2 0 7 1 0
2 2 1 0 1 2 6 0
3 1 0 2 0 3 0 1
3 2 1 1 1 3 2 0
7 2 0 4 0 12 0 0
5 2 0 1 0 7 0 0
2 1 0 0 0 1 0 1
5 2 1 1 1 7 2 0
2 2 1 0 0 2 1 0
####
1 0 0 6 0 22 11 0 6 0
3 0 0 6 0 22 11 0 7 0
3 1 0 6 0 22 11 0 9 0
4 0 0 6 0 22 11 0 4 0
4 1 0 6 0 22 11 0 6 0
4 3 0 6 0 22 11 0 7 0
6 1 0 4 0 16 14 0 2 0
6 3 0 4 0 16 14 0 3 0
9 0 0 4 0 16 14 0 5 0
9 5 0 5 0 20 12 0 6 0
10 0 0 4 0 16 14 0 4 0
10 5 0 5 0 20 12 0 5 0
10 9 0 5 0 20 12 0 3 0
11 5 0 5 0 20 12 0 7 0
11 6 0 1 0 0 18 0 0 0
11 9 0 5 0 20 12 0 5 0
11 10 0 5 0 20 12 0 4 0
13 0 0 6 0 22 11 0 7 0
13 1 0 6 0 22 11 0 9 0
13 3 0 6 0 22 11 0 10 0
13 4 0 6 0 22 11 0 7 0
13 5 0 2 0 8 15 0 2 0
13 6 0 4 0 16 14 0 3 0
22 12 1 0 0 0 18 0 0 0
25 14 1 0 0 0 18 0 0 0
25 15 0 5 0 14 9 0 5 0
32 7 1 0 0 0 18 0 0 0
32 25 1 0 0 0 18 0 0 0
18 2 0 4 0 9 6 0 3 0
27 18 2 0 8 0 15 2 0 0
26 16 2 0 8 0 15 2 0 0
26 2 2 0 8 0 15 2 0 0
21 17 3 0 13 0 13 1 0 0
24 20 4 0 16 0 14 3 0 0
31 29 4 0 16 0 14 4 0 0
####
11 16 8 15 2 0 6
15 27 0 13 1 1 5
3 25 0 18 1 0 8
32 26 0 13 1 2 1
10 17 13 13 3 0 5
17 20 0 7 1 5 1
27 17 0 8 1 3 2
16 21 0 8 1 3 3
7 16 0 13 1 1 4
5 32 0 18 1 0 7
8 28 0 3 1 8 1
4 31 16 14 4 0 3
3 14 0 18 1 0 8
13 32 0 18 1 0 9
1 2 8 15 2 0 6
10 30 0 18 1 0 5
31 8 0 6 1 7 2
2 19 0 8 1 4 5
0 15 0 18 1 0 6
19 29 0 7 1 5 4
6 29 16 14 4 0 2
13 25 0 18 1 0 9
9 21 13 13 3 0 6
11 22 0 18 1 0 6
15 18 0 13 1 1 5
6 22 0 18 1 0 2
24 23 0 6 1 7 1
0 18 8 15 2 0 6
10 24 16 14 4 0 5
18 28 9 6 4 2 1
11 12 0 18 1 0 6
19 31 0 7 1 5 4
9 27 8 15 2 0 6
5 7 0 18 1 0 7
1 8 20 12 5 0 6
25 2 0 13 1 2 6
21 24 0 7 1 5 2
