1 0 3 0 2 0 7 0
1 0 2 0 2 0 9 0
1 0 1 0 1 0 2 0
4 2 0 2 0 5 0 0
1 0 4 0 3 0 9 0
2 1 2 0 2 1 7 0
1 0 2 0 3 0 9 0
2 1 2 0 2 1 4 0
4 2 1 3 1 7 2 0
1 0 3 0 4 0 10 0
1 0 3 0 5 0 12 0
2 2 1 0 0 2 1 0
3 2 1 3 1 5 3 0
5 2 1 2 0 9 1 0
2 1 1 0 2 1 3 0
2 2 2 0 1 2 5 0
3 1 0 2 0 3 0 1
2 2 1 0 0 2 1 0
5 2 1 2 0 8 1 0
3 2 1 2 1 4 3 0
3 2 0 3 0 5 0 0
3 1 0 2 0 3 0 1
4 2 1 2 1 7 2 0
3 2 2 1 0 3 2 0
2 2 2 0 1 2 5 0
4 1 0 2 0 4 0 1
3 1 0 2 0 3 0 1
6 2 0 2 0 11 0 0
2 1 0 0 0 1 0 1
6 1 0 2 0 9 0 1
####
1 0 0 5 0 21 9 0 6 0
4 0 0 5 0 21 9 0 1 0
4 1 0 5 0 21 9 0 4 0
6 0 0 5 0 21 9 0 7 0
6 1 0 5 0 21 9 0 7 0
6 4 0 5 0 21 9 0 2 0
9 0 0 5 0 21 9 0 5 0
9 1 0 5 0 21 9 0 8 0
9 2 0 2 0 8 14 0 2 0
9 4 0 5 0 21 9 0 4 0
9 6 0 5 0 21 9 0 6 0
10 0 0 5 0 21 9 0 7 0
10 1 0 5 0 21 9 0 7 0
10 4 0 5 0 21 9 0 4 0
10 6 0 5 0 21 9 0 8 0
10 9 0 5 0 21 9 0 8 0
11 7 1 0 0 0 15 0 0 0
14 7 1 2 0 7 19 0 2 1
14 11 1 0 0 0 15 0 0 0
15 5 0 4 0 13 10 0 5 0
15 7 0 1 0 0 15 0 0 0
17 11 1 0 0 0 15 0 0 0
24 5 0 4 0 13 10 0 6 0
24 11 1 0 0 0 15 0 0 0
24 15 1 0 0 0 15 0 0 0
24 17 1 0 0 0 15 0 0 0
28 5 1 0 0 0 15 0 0 0
19 12 2 0 8 0 14 2 0 0
19 16 2 0 8 0 14 2 0 0
20 19 2 0 8 0 14 2 0 0
20 12 2 0 8 0 14 2 0 0
20 16 2 0 8 0 14 2 0 0
21 12 2 0 8 0 14 2 0 0
21 16 2 0 8 0 14 2 0 0
23 20 2 0 8 0 14 3 0 0
16 12 2 0 8 0 14 2 0 0
26 20 2 0 8 0 14 2 0 0
26 21 2 0 8 0 14 2 0 0
26 23 2 0 8 0 14 3 0 0
26 12 2 0 8 0 14 2 0 0
26 16 2 0 8 0 14 2 0 0
8 3 3 0 15 0 11 1 0 0
22 8 3 0 15 0 11 3 0 0
25 3 3 0 15 0 11 6 0 0
18 13 4 0 19 0 9 2 0 0
29 27 5 0 21 0 9 4 0 0
####
19 8 0 11 1 4 3
4 7 0 15 1 0 9
22 13 0 6 1 7 2
15 20 0 15 1 2 5
4 27 21 9 5 0 9
10 15 0 15 1 0 12
23 3 0 11 1 3 2
15 19 0 15 1 2 5
0 3 15 11 3 0 7
5 8 7 12 2 1 7
7 20 0 15 1 1 4
5 12 0 15 1 1 7
10 18 19 9 4 0 12
1 5 0 15 1 0 9
9 11 0 15 1 0 10
9 17 0 15 1 0 10
1 28 0 15 1 0 9
6 22 15 11 3 0 9
9 24 0 15 1 0 10
6 15 0 15 1 0 9
7 23 0 15 1 1 4
14 23 0 15 1 1 3
23 25 0 11 1 3 2
4 14 0 15 1 0 9
10 24 0 15 1 0 12
11 26 0 15 1 2 1
12 22 0 11 1 5 3
4 11 0 15 1 0 9
2 17 0 15 1 0 2
0 19 8 14 2 0 7
24 16 0 15 1 2 5
0 13 19 9 4 0 7
13 27 0 4 1 9 1
17 21 0 15 1 2 1
18 29 0 4 1 8 1
8 18 0 6 1 7 2
24 12 0 15 1 2 5
