1 0 4 0 2 0 7 0
1 0 4 0 5 0 23 0
1 0 4 0 4 0 14 0
1 0 3 0 2 0 16 0
2 1 2 0 3 1 20 0
6 2 1 2 1 7 4 0
8 2 1 2 1 13 5 0
1 0 3 0 4 0 14 0
11 2 1 2 1 19 2 0
3 1 2 1 3 2 18 0
2 1 3 0 2 1 14 0
4 2 2 1 3 4 13 0
5 2 1 2 0 6 1 0
3 2 1 1 2 3 11 0
2 1 0 0 0 1 0 1
5 2 2 4 2 7 10 0
4 2 1 1 2 4 10 0
9 2 1 4 1 17 4 0
8 2 1 2 1 14 2 0
7 2 1 4 1 13 3 0
5 2 2 2 2 6 9 0
6 2 0 2 0 7 0 0
2 1 0 0 0 1 0 1
3 2 0 1 0 3 0 0
6 2 1 2 1 9 7 0
7 2 1 2 1 11 6 0
6 2 1 3 1 8 5 0
10 2 1 2 1 18 3 0
12 2 1 4 0 23 1 0
13 2 0 2 0 24 0 0
####
1 0 0 12 0 24 6 0 24 0
2 0 0 12 0 24 6 0 18 0
2 1 0 12 0 24 6 0 32 0
3 0 0 12 0 24 6 0 16 0
3 1 0 12 0 24 6 0 30 0
3 2 0 12 0 24 6 0 24 0
7 0 0 12 0 24 6 0 16 0
7 1 0 12 0 24 6 0 30 0
7 2 0 12 0 24 6 0 24 0
7 3 0 12 0 24 6 0 22 0
10 4 1 11 0 20 10 0 29 1
13 9 2 10 4 17 9 3 25 1
23 9 2 0 4 0 8 2 0 0
23 13 2 0 4 0 8 3 0 0
16 11 3 9 7 15 8 4 19 1
15 12 4 0 9 0 8 8 0 0
20 12 4 0 9 0 8 6 0 0
20 15 4 8 9 12 9 8 17 1
21 5 5 0 12 0 9 8 0 0
24 5 5 7 12 8 10 10 9 1
24 21 5 0 12 0 9 10 0 0
26 5 5 7 12 8 10 9 7 1
26 21 5 0 12 0 9 9 0 0
26 24 5 7 12 8 10 11 10 1
25 19 6 6 16 6 8 16 7 1
18 6 7 5 18 4 8 18 5 1
####
1 21 12 9 5 0 23
0 27 21 6 9 0 7
2 18 18 7 7 0 14
7 12 9 8 4 0 14
28 29 0 2 1 23 1
3 11 7 7 3 0 16
7 25 16 7 6 0 14
5 19 0 6 1 7 4
8 28 0 2 1 19 2
10 26 8 8 4 1 14
15 19 4 5 2 7 10
2 5 12 9 5 0 14
6 17 0 3 1 13 5
3 14 0 9 1 0 16
7 20 9 8 4 0 14
20 26 0 7 1 6 9
19 18 0 4 1 13 3
4 9 0 7 1 1 20
4 13 0 7 1 1 20
9 11 0 5 1 2 18
26 17 4 5 3 8 5
1 10 0 9 1 0 23
0 29 24 6 12 0 7
12 21 0 7 1 6 1
2 16 7 7 3 0 14
0 22 0 9 1 0 7
3 23 4 8 2 0 16
10 13 0 7 1 1 14
13 15 2 6 2 3 11
1 4 0 9 1 0 23
9 16 0 5 1 2 18
18 28 3 3 4 14 2
10 23 0 7 1 1 14
20 5 0 7 1 6 9
2 24 12 9 5 0 14
17 27 0 2 1 17 4
11 12 0 5 1 4 13
15 24 0 7 1 7 10
25 6 0 4 1 11 6
24 25 0 6 1 9 7
0 6 18 7 7 0 7
1 8 22 6 10 0 23
16 20 0 5 1 4 10
27 8 0 2 1 18 3
11 15 0 5 1 4 13
