1 0 4 0 5 0 23 0
1 0 3 0 2 0 8 0
1 0 3 0 3 0 9 0
10 2 0 2 0 14 0 0
1 0 4 0 4 0 14 0
1 0 2 0 3 0 10 0
1 0 4 0 6 0 21 0
2 1 3 0 3 1 12 0
2 1 2 0 1 1 7 0
2 1 0 0 0 1 0 1
3 1 0 1 0 2 0 1
5 1 0 2 0 5 0 1
4 2 1 2 2 5 7 0
8 2 1 2 1 11 2 0
3 2 1 2 1 4 6 0
3 2 2 1 2 3 9 0
6 2 1 2 2 10 4 0
2 1 2 0 1 1 10 0
7 2 2 2 1 12 3 0
5 2 2 2 1 7 6 0
6 2 1 2 1 8 4 0
7 2 1 2 1 10 3 0
4 2 1 2 1 5 6 0
3 2 1 1 1 3 8 0
8 2 1 2 0 13 1 0
9 2 1 2 0 13 1 0
9 2 0 3 0 14 0 0
8 1 0 2 0 13 0 1
5 2 1 4 1 9 5 0
4 2 1 2 0 4 1 0
2 1 0 0 0 1 0 1
3 1 0 1 0 2 0 1
6 2 0 2 0 8 0 0
####
1 0 0 9 0 26 7 0 13 0
2 0 0 9 0 26 7 0 10 0
2 1 0 9 0 26 7 0 9 0
4 0 0 9 0 26 7 0 12 0
4 1 0 9 0 26 7 0 11 0
4 2 0 9 0 26 7 0 8 0
5 0 0 9 0 26 7 0 8 0
5 1 0 9 0 26 7 0 7 0
5 2 0 9 0 26 7 0 4 0
5 4 0 9 0 26 7 0 6 0
6 0 0 9 0 26 7 0 15 0
6 1 0 9 0 26 7 0 14 0
6 2 0 9 0 26 7 0 11 0
6 4 0 9 0 26 7 0 13 0
6 5 0 9 0 26 7 0 9 0
8 7 0 7 0 19 7 0 12 0
9 7 1 0 0 0 11 0 0 0
14 10 2 0 5 0 11 2 0 0
15 10 2 0 5 0 11 2 0 0
15 14 2 6 5 14 13 2 9 1
23 10 2 0 5 0 11 1 0 0
23 14 2 0 5 0 11 1 0 0
23 15 2 0 5 0 11 1 0 0
31 15 2 0 5 0 11 1 0 0
31 23 2 0 5 0 11 2 0 0
22 12 3 0 10 0 9 3 0 0
29 22 3 0 10 0 9 4 0 0
29 12 3 0 10 0 9 3 0 0
19 11 4 0 13 0 9 5 0 0
28 19 4 0 13 0 9 6 0 0
28 11 4 0 13 0 9 7 0 0
20 16 5 0 16 0 9 8 0 0
32 20 5 0 16 0 9 6 0 0
32 16 5 0 16 0 9 8 0 0
21 18 6 0 19 0 8 10 0 0
24 13 7 0 21 0 9 12 0 0
27 13 7 0 21 0 9 12 0 0
27 24 7 0 21 0 9 14 0 0
26 25 8 0 24 0 8 14 0 0
####
1 3 26 7 9 0 8
2 18 19 8 6 0 9
24 26 0 5 1 13 1
0 7 0 11 1 0 23
4 22 10 9 3 0 14
6 24 21 9 7 0 21
23 12 0 8 1 3 8
6 17 0 11 1 0 21
21 13 0 5 1 10 3
5 8 0 11 1 0 10
1 20 16 9 5 0 8
8 14 0 10 1 1 7
7 15 0 10 1 1 12
4 19 13 9 4 0 14
20 21 0 5 1 8 4
13 25 0 5 1 11 2
2 30 0 11 1 0 9
18 27 0 5 1 12 3
5 25 24 8 8 0 10
7 10 0 10 1 1 12
17 23 0 10 1 1 10
19 32 0 6 1 7 6
22 28 0 6 1 5 6
6 15 5 11 2 0 21
16 18 0 5 1 10 4
0 29 10 9 3 0 23
14 28 3 8 2 4 6
15 22 0 8 1 3 9
7 14 0 10 1 1 12
28 16 0 6 1 9 5
18 24 0 5 1 12 3
29 11 0 6 1 4 1
17 31 0 10 1 1 10
4 16 16 9 5 0 14
15 29 0 8 1 3 9
25 3 0 3 1 13 1
19 20 0 6 1 7 6
8 26 19 7 7 1 7
0 23 5 11 2 0 23
1 12 10 9 3 0 8
2 21 19 8 6 0 9
12 19 0 6 1 5 7
6 13 21 9 7 0 21
0 9 0 11 1 0 23
4 32 16 9 5 0 14
