1 0 3 0 1 0 4 0
1 0 3 0 3 0 10 0
1 0 2 0 3 0 18 0
1 0 3 0 2 0 7 0
6 1 1 2 2 8 6 0
1 0 2 0 2 0 10 0
1 0 3 0 4 0 12 0
8 2 1 2 1 14 2 0
4 2 1 2 1 4 8 0
1 0 2 0 3 0 15 0
4 2 1 2 1 5 2 0
2 1 3 0 4 1 16 0
2 1 1 0 2 1 10 0
3 2 2 1 3 3 9 0
2 1 0 0 0 1 0 1
5 2 1 2 1 6 3 0
5 2 1 2 0 7 1 0
3 2 2 1 1 3 9 0
6 2 1 2 1 8 2 0
7 2 2 3 2 12 5 0
4 2 1 2 1 4 4 0
2 1 0 0 0 1 0 1
9 2 0 2 0 16 0 0
4 1 0 2 0 4 0 1
6 1 0 2 0 8 0 1
9 2 1 4 0 20 1 0
8 2 1 2 0 14 1 0
3 2 1 1 1 3 3 0
5 2 1 4 1 7 7 0
10 2 0 2 0 21 0 0
3 2 1 1 1 3 9 0
####
1 0 0 9 0 23 8 0 5 0
2 0 0 9 0 23 8 0 11 0
2 1 0 9 0 23 8 0 12 0
3 0 0 9 0 23 8 0 4 0
3 1 0 9 0 23 8 0 5 0
3 2 0 9 0 23 8 0 11 0
5 0 0 9 0 23 8 0 9 0
5 1 0 9 0 23 8 0 10 0
5 2 0 9 0 23 8 0 16 0
5 3 0 9 0 23 8 0 9 0
6 0 0 9 0 23 8 0 9 0
6 1 0 9 0 23 8 0 10 0
6 2 0 9 0 23 8 0 16 0
6 3 0 9 0 23 8 0 9 0
6 5 0 9 0 23 8 0 14 0
9 0 0 9 0 23 8 0 13 0
9 1 0 9 0 23 8 0 14 0
9 2 0 9 0 23 8 0 20 0
9 3 0 9 0 23 8 0 13 0
9 5 0 9 0 23 8 0 18 0
9 6 0 9 0 23 8 0 18 0
12 11 0 8 0 19 5 0 15 0
21 11 1 0 0 0 11 0 0 0
17 13 2 7 4 15 12 1 11 1
27 17 2 0 4 0 11 2 0 0
30 13 0 7 0 15 5 0 12 0
30 17 2 7 4 15 12 2 11 1
30 27 2 0 4 0 11 2 0 0
20 8 0 6 0 11 5 0 8 0
23 20 3 0 8 0 11 3 0 0
23 10 3 0 8 0 11 4 0 0
23 8 3 0 8 0 11 4 0 0
10 8 3 0 8 0 11 4 0 0
16 15 4 0 12 0 10 2 0 0
28 15 4 5 12 8 11 4 6 1
28 16 4 0 12 0 10 7 0 0
18 4 5 4 15 5 11 6 4 1
24 18 5 0 15 0 10 4 0 0
24 4 5 0 15 0 10 9 0 0
26 7 7 0 19 0 9 14 0 0
25 22 8 0 21 0 9 1 0 0
####
28 4 0 6 1 7 7
1 26 19 9 7 0 10
19 26 0 3 1 12 5
30 8 0 8 1 3 9
0 7 19 9 7 0 4
1 15 12 10 4 0 10
7 25 0 4 1 14 2
8 28 0 7 1 4 8
16 24 0 6 1 7 1
3 14 0 11 1 0 7
5 8 8 11 3 0 10
5 30 4 11 2 0 10
4 19 0 4 1 8 6
17 28 4 7 2 3 9
12 13 0 8 1 1 10
19 7 0 3 1 12 5
3 10 8 11 3 0 7
27 10 0 8 1 3 3
9 17 4 11 2 0 15
11 27 0 8 1 1 16
17 23 0 8 1 3 9
15 18 0 6 1 6 3
13 20 0 8 1 3 9
0 29 23 8 9 0 4
0 22 21 9 8 0 4
25 29 0 3 1 20 1
11 30 0 8 1 1 16
13 19 10 5 4 3 9
11 17 0 8 1 1 16
18 25 3 5 3 8 2
10 16 0 7 1 5 2
2 21 0 11 1 0 18
26 22 0 4 1 14 1
2 11 0 11 1 0 18
1 27 4 11 2 0 10
6 20 8 11 3 0 12
3 18 15 10 5 0 7
6 13 4 11 2 0 12
20 15 0 7 1 4 4
6 16 12 10 4 0 12
9 12 0 11 1 0 15
