1 0 4 0 3 0 14 0
8 2 1 2 0 10 1 0
1 0 3 0 3 0 16 0
10 2 1 2 0 16 1 0
1 0 4 0 4 0 11 0
5 2 1 2 1 6 5 0
2 1 0 0 0 1 0 1
8 2 1 3 2 13 4 0
1 0 4 0 4 0 17 0
2 1 0 0 0 1 0 1
2 1 2 0 3 1 16 0
2 1 1 0 2 1 4 0
3 2 1 1 1 3 7 0
6 2 1 2 2 8 8 0
10 1 0 2 0 16 0 1
3 2 2 1 2 3 12 0
4 2 2 2 1 5 11 0
9 1 0 2 0 11 0 1
9 2 2 3 1 15 3 0
4 2 1 2 1 4 6 0
5 2 1 2 1 6 9 0
7 2 2 2 2 9 7 0
5 2 0 2 0 6 0 0
11 2 0 3 0 17 0 0
####
2 0 0 10 0 19 5 0 18 0
4 0 0 10 0 19 5 0 15 0
4 2 0 10 0 19 5 0 17 0
8 0 0 10 0 19 5 0 20 0
8 2 0 10 0 19 5 0 22 0
8 4 0 10 0 19 5 0 19 0
11 10 0 9 0 15 5 0 13 0
15 12 2 8 4 13 7 2 12 1
19 16 3 7 6 11 7 4 10 1
20 5 4 6 8 8 8 3 8 1
22 5 4 0 8 0 7 3 0 0
22 20 4 0 8 0 7 4 0 0
7 1 7 0 13 0 6 10 0 0
18 17 8 0 15 0 6 12 0 0
14 3 9 0 17 0 6 14 0 0
####
1 17 0 4 1 10 1
10 15 0 6 1 1 16
8 19 6 6 3 0 17
2 12 4 6 2 0 16
0 3 17 6 9 0 14
13 21 0 2 1 8 8
15 23 13 3 8 3 12
2 9 0 8 1 0 16
0 15 4 6 2 0 14
21 1 0 3 1 9 7
8 10 0 8 1 0 17
10 12 0 6 1 1 16
8 20 8 7 4 0 17
4 13 11 5 5 0 11
16 22 0 5 1 5 11
11 18 11 6 7 1 4
20 13 0 4 1 6 9
2 16 6 6 3 0 16
4 5 8 7 4 0 11
3 23 0 3 1 16 1
7 18 0 4 1 13 4
4 11 0 8 1 0 11
0 1 13 6 7 0 14
18 3 0 4 1 15 3
8 22 8 7 4 0 17
18 14 0 4 1 15 3
5 7 2 5 3 6 5
12 19 0 4 1 3 7
19 5 0 5 1 4 6
0 6 0 8 1 0 14
16 20 0 5 1 5 11
4 21 12 5 6 0 11
21 7 0 3 1 9 7
15 16 0 4 1 3 12
