1 0 4 0 7 0 23 0
2 1 2 0 1 1 5 0
1 0 4 0 3 0 8 0
1 0 4 0 3 0 14 0
13 2 1 3 1 21 3 0
1 0 2 0 2 0 11 0
1 0 4 0 3 0 7 0
1 0 3 0 3 0 15 0
10 2 1 2 1 16 6 0
15 2 1 2 0 24 1 0
1 0 3 0 3 0 12 0
1 0 3 0 4 0 17 0
3 1 0 1 0 2 0 1
2 1 2 0 3 1 20 0
11 2 1 3 1 18 5 0
3 2 2 1 2 3 14 0
6 2 1 2 1 7 10 0
2 1 3 0 3 1 12 0
2 1 2 0 2 1 4 0
3 2 1 1 1 3 5 0
3 2 0 1 0 3 0 0
5 2 1 2 1 5 3 0
4 2 2 2 2 4 12 0
8 2 1 2 1 11 8 0
2 1 0 0 0 1 0 1
4 2 0 2 0 5 0 0
5 2 1 2 1 6 11 0
2 1 0 0 0 1 0 1
3 2 1 1 1 3 6 0
4 2 0 4 0 8 0 0
12 2 1 2 1 19 4 0
6 2 1 2 1 7 2 0
3 2 1 1 0 2 1 0
7 2 1 2 1 9 9 0
3 2 2 1 1 3 9 0
7 2 1 2 0 9 1 0
3 2 1 1 0 3 1 0
4 1 0 2 0 3 0 1
16 2 0 4 0 30 0 0
4 2 1 2 1 4 4 0
9 2 1 3 1 15 7 0
2 1 0 0 0 1 0 1
14 2 1 4 1 22 2 0
####
2 0 0 15 0 34 9 0 26 0
3 0 0 15 0 34 9 0 33 0
3 2 0 15 0 34 9 0 19 0
5 0 0 15 0 34 9 0 29 0
5 2 0 15 0 34 9 0 15 0
5 3 0 15 0 34 9 0 22 0
7 0 0 15 0 34 9 0 30 0
7 2 0 15 0 34 9 0 16 0
7 3 0 15 0 34 9 0 23 0
7 5 0 15 0 34 9 0 19 0
7 6 0 3 0 15 13 0 2 0
10 0 0 15 0 34 9 0 31 0
10 2 0 15 0 34 9 0 17 0
10 3 0 15 0 34 9 0 24 0
10 5 0 15 0 34 9 0 20 0
10 7 0 15 0 34 9 0 21 0
11 0 0 15 0 34 9 0 33 0
11 2 0 15 0 34 9 0 19 0
11 3 0 15 0 34 9 0 26 0
11 5 0 15 0 34 9 0 22 0
11 6 0 3 0 15 13 0 3 0
11 7 0 15 0 34 9 0 23 0
11 10 0 15 0 34 9 0 24 0
13 1 1 14 0 27 16 0 21 1
17 1 0 14 0 27 8 0 12 0
17 13 0 14 0 27 8 0 27 0
24 18 1 0 0 0 15 0 0 0
41 17 1 0 0 0 15 0 0 0
15 12 2 0 7 0 16 2 0 0
19 12 2 0 7 0 16 2 0 0
19 15 2 13 7 19 17 2 16 1
28 15 0 13 0 19 9 0 17 0
28 19 0 13 0 19 9 0 9 0
28 20 2 0 7 0 16 2 0 0
32 20 2 0 7 0 16 1 0 0
34 15 0 13 0 19 9 0 19 0
34 19 0 13 0 19 9 0 11 0
34 20 2 0 7 0 16 2 0 0
34 28 2 13 7 19 17 2 12 1
36 15 2 0 7 0 16 0 0 0
36 20 2 0 7 0 16 1 0 0
36 32 2 0 7 0 16 2 0 0
29 22 3 0 15 0 13 4 0 0
29 25 3 0 15 0 13 2 0 0
25 22 3 0 15 0 13 2 0 0
37 25 3 0 15 0 13 4 0 0
39 22 3 12 15 14 14 4 14 1
39 29 3 0 15 0 13 4 0 0
26 21 4 11 20 12 11 6 12 1
31 16 5 10 22 10 11 8 10 1
35 33 6 9 24 8 11 10 8 1
####
11 16 22 10 5 0 17
3 35 24 10 6 0 14
14 30 0 2 1 18 5
22 26 0 7 1 4 12
17 20 0 15 1 1 12
7 25 15 13 3 0 15
17 34 0 15 1 1 12
40 8 0 2 1 15 7
32 37 0 13 1 2 1
6 24 0 15 1 0 7
3 28 7 16 2 0 14
30 4 0 2 1 19 4
26 16 0 4 1 6 11
5 23 26 9 7 0 11
8 14 0 2 1 16 6
4 42 0 2 1 21 3
39 21 0 7 1 4 4
10 30 30 9 11 0 12
2 19 7 16 2 0 8
2 9 33 9 14 0 8
34 29 0 13 1 3 9
17 28 0 15 1 1 12
23 40 0 2 1 11 8
6 32 7 16 2 0 7
21 31 0 4 1 5 3
31 35 0 4 1 7 2
2 27 0 15 1 0 8
7 41 0 15 1 0 15
10 31 22 10 5 0 12
0 22 15 13 3 0 23
15 22 0 13 1 3 14
6 18 0 15 1 0 7
34 40 12 9 6 3 9
19 39 0 13 1 3 5
13 15 0 15 1 1 20
1 4 24 8 11 1 5
16 33 0 4 1 7 10
15 29 0 13 1 3 14
28 14 14 9 8 3 6
13 19 0 15 1 1 20
3 26 20 10 4 0 14
22 42 12 6 10 4 12
5 34 7 16 2 0 11
42 9 0 2 1 22 2
0 1 0 15 1 0 23
18 32 0 15 1 1 4
11 36 7 16 2 0 17
1 12 0 15 1 1 5
33 23 0 3 1 9 9
2 21 20 10 4 0 8
0 13 0 15 1 0 23
18 36 0 15 1 1 4
0 39 15 13 3 0 23
3 8 28 9 9 0 14
6 20 7 16 2 0 7
36 25 0 13 1 3 1
10 33 24 10 6 0 12
35 38 8 3 9 9 1
11 15 7 16 2 0 17
7 17 0 15 1 0 15
9 38 0 2 1 24 1
