1 0 4 0 3 0 7 0
1 0 2 0 2 0 15 0
1 0 4 0 4 0 9 0
1 0 4 0 5 0 14 0
1 0 2 0 3 0 9 0
4 2 1 2 0 5 1 0
2 1 1 0 1 1 3 0
2 1 2 0 4 1 13 0
4 2 1 2 0 5 1 0
3 2 2 1 1 3 8 0
2 1 0 0 0 1 0 1
5 2 0 4 0 8 0 0
3 2 1 1 1 2 2 0
2 1 0 0 0 1 0 1
4 2 1 2 2 5 6 0
5 2 2 2 2 7 5 0
5 1 0 2 0 6 0 1
6 2 1 2 0 8 1 0
4 2 1 2 0 4 1 0
6 2 1 2 1 8 2 0
7 2 1 2 0 9 1 0
7 1 0 2 0 9 0 1
8 1 0 2 0 10 0 1
5 2 0 2 0 6 0 0
3 2 2 1 2 3 4 0
####
1 0 0 4 0 11 9 0 3 0
2 1 0 7 0 19 6 0 9 0
3 0 0 4 0 11 9 0 4 0
3 1 0 7 0 19 6 0 10 0
3 2 0 7 0 19 6 0 7 0
4 0 0 4 0 11 9 0 2 0
4 1 0 7 0 19 6 0 11 0
4 2 0 7 0 19 6 0 8 0
4 3 0 7 0 19 6 0 9 0
13 6 1 0 0 0 9 0 0 0
24 9 2 2 4 4 12 2 1 1
14 5 3 0 7 0 9 4 0 0
14 8 3 0 7 0 9 4 0 0
18 14 3 0 7 0 9 0 0 0
18 5 3 0 7 0 9 2 0 0
18 8 3 0 7 0 9 1 0 0
8 5 3 0 7 0 9 4 0 0
15 11 4 0 11 0 9 7 0 0
23 15 4 0 11 0 9 3 0 0
23 11 4 0 11 0 9 4 0 0
23 16 4 0 11 0 9 3 0 0
16 15 4 0 11 0 9 6 0 0
16 11 4 0 11 0 9 7 0 0
19 17 5 0 15 0 7 8 0 0
21 20 6 0 17 0 7 10 0 0
####
24 8 0 7 1 3 4
2 8 7 9 3 0 9
15 19 0 6 1 7 5
3 17 15 7 5 0 14
3 14 7 9 3 0 14
18 23 0 8 1 4 1
3 24 4 8 2 0 14
4 9 4 8 2 0 9
4 19 15 7 5 0 9
7 24 0 7 1 1 13
24 5 0 7 1 3 4
9 11 4 7 2 3 8
8 16 0 8 1 5 1
9 14 0 7 1 3 8
20 22 0 3 1 9 1
5 11 0 8 1 5 1
1 23 11 9 4 0 15
2 20 17 7 6 0 9
2 10 0 9 1 0 9
0 12 4 8 2 0 7
12 18 0 7 1 2 2
0 5 7 9 3 0 7
14 15 0 8 1 5 6
6 12 0 7 1 1 3
19 20 0 4 1 8 2
15 17 0 6 1 7 5
7 9 0 7 1 1 13
0 13 0 9 1 0 7
17 21 0 4 1 8 1
3 18 7 9 3 0 14
0 6 0 9 1 0 7
1 7 0 9 1 0 15
2 15 11 9 4 0 9
