1 0 3 0 4 0 9 0
1 0 4 0 6 0 20 0
1 0 2 0 2 0 6 0
1 0 2 0 0 0 2 0
1 0 2 0 2 0 6 0
1 0 3 0 3 0 7 0
1 0 3 0 3 0 10 0
4 2 1 2 1 5 5 0
2 1 3 0 2 1 10 0
6 2 1 2 1 8 3 0
4 2 1 2 2 4 5 0
2 1 1 0 2 1 7 0
7 2 1 2 0 9 1 0
2 1 1 0 1 1 2 0
3 2 1 1 0 3 1 0
9 1 0 2 0 11 0 1
5 2 2 2 1 6 4 0
7 2 1 2 1 9 2 0
3 2 1 1 0 3 1 0
3 2 2 1 1 2 6 0
6 2 1 2 1 7 2 0
3 1 0 1 0 2 0 1
2 1 0 0 0 1 0 1
6 2 0 2 0 8 0 0
4 1 0 2 0 4 0 1
4 2 0 2 0 5 0 0
8 2 1 2 0 10 1 0
3 2 1 1 1 3 6 0
5 2 1 2 1 7 4 0
8 2 0 4 0 10 0 0
####
1 0 0 7 0 20 9 0 9 0
2 0 0 7 0 20 9 0 7 0
2 1 0 7 0 20 9 0 10 0
3 0 0 5 0 15 10 0 1 0
3 1 0 5 0 15 10 0 4 0
3 2 0 5 0 15 10 0 2 0
4 1 0 8 0 22 8 0 12 0
5 0 0 7 0 20 9 0 4 0
5 1 0 8 0 22 8 0 11 0
5 2 0 7 0 20 9 0 5 0
5 4 0 8 0 22 8 0 9 0
6 0 0 3 0 9 11 0 3 0
6 1 0 8 0 22 8 0 13 0
6 4 0 8 0 22 8 0 11 0
6 5 0 8 0 22 8 0 10 0
11 8 1 0 0 0 11 0 0 0
22 8 1 0 0 0 11 0 0 0
22 11 1 0 0 0 11 0 0 0
18 14 2 0 4 0 12 0 0 0
19 14 2 0 4 0 12 2 0 0
21 14 2 0 4 0 12 2 0 0
21 19 2 0 4 0 12 2 0 0
27 14 2 0 4 0 12 2 0 0
27 18 2 0 4 0 12 1 0 0
27 19 2 0 4 0 12 2 0 0
27 21 2 0 4 0 12 2 0 0
10 7 3 0 9 0 11 4 0 0
24 7 3 0 9 0 11 3 0 0
25 10 3 0 9 0 11 4 0 0
25 24 3 0 9 0 11 2 0 0
25 7 3 0 9 0 11 4 0 0
28 16 4 0 13 0 9 6 0 0
20 9 5 0 15 0 10 8 0 0
23 20 5 0 15 0 10 2 0 0
23 9 5 0 15 0 10 8 0 0
17 12 6 0 18 0 9 10 0 0
29 26 7 0 20 0 9 12 0 0
####
5 9 15 10 5 0 7
4 7 9 11 3 0 6
3 25 9 11 3 0 2
0 14 4 12 2 0 9
0 16 13 9 4 0 9
6 17 18 9 6 0 10
1 11 0 11 1 0 20
11 19 0 9 1 1 7
26 15 0 3 1 10 1
8 14 0 9 1 1 10
20 12 0 5 1 7 2
19 29 11 7 5 2 6
5 12 18 9 6 0 7
28 9 0 5 1 7 4
9 17 0 5 1 8 3
7 28 0 6 1 5 5
19 10 0 9 1 2 6
18 24 0 9 1 3 1
3 23 15 10 5 0 2
8 21 0 9 1 1 10
2 20 15 10 5 0 6
16 23 0 5 1 6 4
2 10 9 11 3 0 6
0 18 4 12 2 0 9
1 19 4 12 2 0 20
17 26 0 4 1 9 2
12 29 0 4 1 9 1
5 28 13 9 4 0 7
1 22 0 11 1 0 20
10 16 0 6 1 4 5
14 25 0 9 1 3 1
27 7 0 9 1 3 6
1 8 0 11 1 0 20
4 26 20 9 7 0 6
13 18 0 9 1 1 2
6 13 0 11 1 0 10
16 20 0 5 1 6 4
6 27 4 12 2 0 10
8 27 0 9 1 1 10
