1 0 3 0 3 0 9 0
1 0 2 0 3 0 10 0
1 0 2 0 4 0 14 0
1 0 1 0 1 0 2 0
2 1 2 0 2 1 8 0
1 0 3 0 3 0 5 0
4 2 1 2 1 6 3 0
1 0 4 0 3 0 9 0
2 1 3 0 2 1 8 0
4 2 0 2 0 4 0 0
3 1 0 1 0 2 0 1
7 2 0 2 0 12 0 0
3 2 1 1 1 3 3 0
2 2 2 0 1 2 6 0
5 2 1 2 1 7 2 0
3 2 1 1 1 3 4 0
5 2 1 4 1 9 2 0
2 1 0 0 0 1 0 1
7 1 0 2 0 9 0 1
3 2 1 2 1 4 4 0
3 1 0 2 0 3 0 1
4 2 1 3 1 6 3 0
3 2 1 1 0 3 1 0
6 2 1 2 0 8 1 0
6 2 1 2 0 11 1 0
####
1 0 0 6 0 17 8 0 10 0
2 0 0 6 0 17 8 0 9 0
2 1 0 6 0 17 8 0 9 0
3 0 0 6 0 17 8 0 6 0
3 1 0 6 0 17 8 0 6 0
3 2 0 6 0 17 8 0 5 0
5 1 0 6 0 17 8 0 8 0
5 2 0 6 0 17 8 0 9 0
7 0 0 6 0 17 8 0 11 0
7 1 0 6 0 17 8 0 11 0
7 2 0 6 0 17 8 0 10 0
7 3 0 6 0 17 8 0 7 0
8 4 0 5 0 13 6 0 7 0
13 4 0 5 0 13 6 0 7 0
17 13 1 0 0 0 10 0 0 0
15 10 2 0 4 0 12 2 0 0
19 10 2 0 4 0 12 1 0 0
19 12 2 4 4 7 14 1 5 1
19 15 2 0 4 0 12 1 0 0
20 12 2 0 4 0 12 1 0 0
20 19 2 0 4 0 12 2 0 0
22 10 2 0 4 0 12 2 0 0
22 15 2 0 4 0 12 2 0 0
22 19 2 0 4 0 12 1 0 0
22 20 2 0 4 0 12 1 0 0
21 6 3 0 10 0 9 1 0 0
21 9 3 0 10 0 9 4 0 0
9 6 3 0 10 0 9 3 0 0
16 14 4 0 13 0 8 5 0 0
24 23 5 0 15 0 8 7 0 0
18 11 6 0 17 0 8 9 0 0
####
21 14 0 5 1 6 3
7 12 4 12 2 0 9
2 8 0 10 1 0 14
22 9 0 9 1 3 1
4 12 0 10 1 1 8
1 6 10 9 3 0 10
12 16 3 8 2 3 3
7 11 17 8 6 0 9
5 23 15 8 5 0 5
16 24 0 4 1 9 2
3 24 15 8 5 0 2
2 19 4 12 2 0 14
8 10 0 10 1 1 8
13 20 0 10 1 2 6
14 23 0 4 1 7 2
8 15 0 10 1 1 8
0 22 4 12 2 0 9
19 6 0 9 1 4 4
4 21 6 7 2 1 8
1 4 0 10 1 0 10
5 15 4 12 2 0 5
13 19 0 10 1 2 6
24 11 0 4 1 11 1
8 22 0 10 1 1 8
7 13 0 10 1 0 9
0 13 0 10 1 0 9
15 21 0 9 1 3 4
5 14 13 8 4 0 5
7 17 0 10 1 0 9
0 9 10 9 3 0 9
6 16 0 5 1 6 3
23 18 0 4 1 8 1
