1 0 3 0 4 0 10 0
1 0 3 0 5 0 14 0
1 0 2 0 2 0 6 0
1 0 4 0 4 0 18 0
2 1 2 0 3 1 17 0
1 0 2 0 1 0 4 0
1 0 3 0 4 0 8 0
6 2 1 2 0 7 1 0
3 1 3 1 5 2 15 0
6 2 1 2 1 8 2 0
4 2 2 1 3 4 7 0
2 1 2 0 2 1 5 0
6 2 0 2 0 7 0 0
5 2 2 2 2 6 4 0
3 1 0 1 0 2 0 1
3 2 1 1 1 3 2 0
3 2 1 1 0 2 1 0
7 2 0 2 0 8 0 0
4 2 2 1 1 4 3 0
5 2 1 2 1 6 3 0
5 1 0 2 0 6 0 1
8 1 0 2 0 12 0 1
5 2 1 2 1 6 2 0
4 2 1 1 1 4 2 0
4 2 1 2 0 5 1 0
4 1 0 2 0 3 0 1
6 2 1 2 0 7 1 0
7 2 1 4 0 11 1 0
5 2 1 2 0 5 1 0
7 2 0 4 0 8 0 0
####
1 0 0 7 0 23 7 0 8 0
2 0 0 7 0 23 7 0 5 0
2 1 0 7 0 23 7 0 7 0
3 0 0 7 0 23 7 0 10 0
3 1 0 7 0 23 7 0 12 0
3 2 0 7 0 23 7 0 9 0
5 0 0 4 0 11 11 0 5 0
5 1 0 4 0 11 11 0 3 0
5 2 0 5 0 16 10 0 2 0
5 3 0 5 0 16 10 0 4 0
6 0 0 7 0 23 7 0 5 0
6 1 0 7 0 23 7 0 7 0
6 2 0 7 0 23 7 0 4 0
6 3 0 7 0 23 7 0 9 0
14 8 2 0 2 0 10 2 0 0
16 15 2 0 2 0 10 2 0 0
18 10 3 0 6 0 11 0 0 0
23 10 3 0 6 0 11 4 0 0
23 18 3 0 6 0 11 4 0 0
24 10 3 0 6 0 11 0 0 0
24 18 3 0 6 0 11 0 0 0
25 24 3 0 6 0 11 4 0 0
19 13 4 3 11 7 12 2 3 1
22 13 4 0 11 0 11 2 0 0
22 19 4 0 11 0 11 2 0 0
22 20 4 0 11 0 11 2 0 0
20 13 4 0 11 0 11 2 0 0
20 19 4 0 11 0 11 3 0 0
28 13 4 0 11 0 11 6 0 0
28 19 4 0 11 0 11 6 0 0
28 22 4 0 11 0 11 6 0 0
9 7 5 0 16 0 10 4 0 0
26 9 5 0 16 0 10 4 0 0
26 7 5 0 16 0 10 4 0 0
26 12 5 0 16 0 10 8 0 0
12 9 5 0 16 0 10 2 0 0
12 7 5 0 16 0 10 8 0 0
27 17 6 0 20 0 9 7 0 0
29 17 6 0 20 0 9 6 0 0
29 27 6 0 20 0 9 7 0 0
####
11 16 0 6 1 1 5
18 22 0 10 1 4 3
8 23 0 9 1 2 15
27 21 0 4 1 11 1
4 8 0 6 1 1 17
13 26 0 9 1 6 4
0 16 2 10 2 0 10
3 28 11 11 4 0 18
3 7 16 10 5 0 18
3 17 20 9 6 0 18
7 29 0 7 1 7 1
28 12 0 9 1 5 1
2 9 16 10 5 0 6
5 12 16 10 5 0 4
8 10 0 9 1 2 15
2 23 6 11 3 0 6
0 11 0 8 1 0 10
22 7 0 9 1 6 2
26 17 0 7 1 7 1
6 22 11 11 4 0 8
1 10 6 11 3 0 14
16 25 0 9 1 2 1
1 24 6 11 3 0 14
10 13 0 10 1 4 7
10 19 0 10 1 4 7
4 14 0 6 1 1 17
5 15 2 10 2 0 4
6 26 16 10 5 0 8
24 20 0 10 1 5 1
19 9 0 9 1 6 3
15 24 0 9 1 3 2
9 27 0 7 1 8 2
23 28 0 10 1 4 2
0 19 11 11 4 0 10
13 27 4 8 2 6 4
1 18 6 11 3 0 14
18 29 9 8 3 4 3
8 18 0 9 1 2 15
6 13 11 11 4 0 8
11 15 0 6 1 1 5
3 4 0 8 1 0 18
