1 0 4 0 4 0 9 0
1 0 3 0 4 0 11 0
1 0 3 0 2 0 12 0
5 2 2 2 1 8 5 0
2 1 2 0 2 1 10 0
6 1 0 2 0 9 0 1
1 0 1 0 1 0 9 0
2 2 1 0 1 2 8 0
3 2 1 2 1 4 7 0
7 2 1 2 1 13 2 0
3 2 1 1 1 3 6 0
5 2 1 2 1 6 4 0
8 2 1 2 0 14 1 0
6 2 1 3 1 12 3 0
4 2 1 3 2 7 6 0
4 2 1 2 1 4 5 0
9 2 0 2 0 15 0 0
####
1 0 0 8 0 12 5 0 16 0
2 0 0 8 0 12 5 0 17 0
2 1 0 8 0 12 5 0 19 0
6 0 0 8 0 12 5 0 14 0
6 1 0 8 0 12 5 0 16 0
6 2 0 8 0 12 5 0 17 0
7 4 0 7 0 10 3 0 14 0
10 8 2 6 2 8 7 1 10 1
15 14 3 5 4 6 7 3 8 1
11 3 4 4 6 4 7 2 6 1
13 5 5 0 8 0 6 7 0 0
####
1 15 4 6 3 0 11
10 15 0 4 1 3 6
12 16 0 2 1 14 1
0 3 6 6 4 0 9
8 14 0 4 1 4 7
0 9 10 5 6 0 9
6 7 0 6 1 0 9
15 11 0 4 1 4 5
0 11 6 6 4 0 9
11 13 0 4 1 6 4
2 16 12 5 8 0 12
4 10 0 4 1 1 10
3 13 0 4 1 8 5
4 14 2 4 2 1 10
1 4 0 6 1 0 11
2 10 2 6 2 0 12
0 8 2 6 2 0 9
3 5 0 4 1 8 5
2 7 0 6 1 0 12
1 12 11 5 7 0 11
14 3 0 4 1 7 6
13 9 0 3 1 12 3
7 8 0 4 1 2 8
9 12 0 2 1 13 2
