1 0 3 0 2 0 10 0
1 0 2 0 1 0 4 0
1 0 2 0 1 0 4 0
1 0 3 0 3 0 7 0
1 0 2 0 2 0 4 0
1 0 3 0 2 0 8 0
2 1 1 0 1 1 2 0
1 0 3 0 3 0 14 0
5 2 1 2 0 7 1 0
2 1 0 0 0 1 0 1
3 2 1 2 1 4 2 0
3 2 1 2 1 4 3 0
2 1 0 0 0 1 0 1
4 2 1 2 0 6 1 0
3 2 1 2 1 4 3 0
5 2 0 2 0 7 0 0
4 2 1 2 1 6 2 0
2 2 1 0 1 2 4 0
2 1 0 0 0 1 0 1
4 2 1 2 1 6 2 0
2 2 1 0 1 2 3 0
6 1 0 2 0 8 0 1
6 1 0 2 0 9 0 1
5 2 1 3 0 8 1 0
2 2 1 0 1 2 4 0
####
1 0 0 5 0 16 9 0 6 0
3 0 0 5 0 16 9 0 8 0
3 1 0 5 0 16 9 0 6 0
4 2 0 5 0 16 9 0 5 0
5 0 0 4 0 13 10 0 5 0
5 2 0 5 0 16 9 0 6 0
5 3 0 4 0 13 10 0 3 0
5 4 0 5 0 16 9 0 7 0
7 0 0 5 0 16 9 0 8 0
7 1 0 5 0 16 9 0 6 0
7 2 0 5 0 16 9 0 6 0
7 3 0 5 0 16 9 0 8 0
7 4 0 5 0 16 9 0 7 0
7 5 0 5 0 16 9 0 8 0
20 12 1 0 0 0 14 0 0 0
20 17 1 0 0 0 14 0 0 0
24 6 0 4 0 9 9 0 4 0
24 12 1 0 0 0 14 0 0 0
24 17 1 0 0 0 14 0 0 0
24 20 1 0 0 0 14 0 0 0
14 10 2 0 7 0 10 1 0 0
14 11 2 0 7 0 10 2 0 0
11 10 2 0 7 0 10 2 0 0
19 13 3 0 10 0 10 3 0 0
19 16 3 0 10 0 10 4 0 0
16 13 3 0 10 0 10 4 0 0
15 8 4 0 13 0 10 5 0 0
23 8 4 0 13 0 10 6 0 0
23 15 4 0 13 0 10 6 0 0
22 21 5 0 16 0 9 8 0 0
####
19 8 0 6 1 6 2
11 16 0 6 1 4 3
4 8 13 10 4 0 4
0 20 0 14 1 0 10
23 22 0 5 1 8 1
3 11 7 10 2 0 7
7 20 0 14 1 0 14
2 19 10 10 3 0 4
2 9 0 14 1 0 4
1 16 10 10 3 0 4
0 24 0 14 1 0 10
7 24 0 14 1 0 14
3 6 0 14 1 0 7
17 14 0 10 1 2 4
3 13 10 10 3 0 7
14 19 0 6 1 4 3
5 17 0 14 1 0 8
10 13 0 6 1 4 2
13 15 0 6 1 6 1
8 21 0 5 1 7 1
4 14 7 10 2 0 4
16 23 0 6 1 6 2
0 12 0 14 1 0 10
20 10 0 10 1 2 3
5 15 13 10 4 0 8
6 23 6 10 3 1 2
24 11 0 10 1 2 4
5 10 7 10 2 0 8
1 18 0 14 1 0 4
7 17 0 14 1 0 14
