1 0 4 0 2 0 6 0
1 0 3 0 2 0 7 0
1 0 4 0 4 0 15 0
2 1 2 0 3 1 13 0
1 0 1 0 1 0 2 0
1 0 2 0 4 0 9 0
1 0 1 0 2 0 3 0
6 2 1 2 0 8 1 0
1 0 3 0 2 0 10 0
5 2 1 2 0 6 1 0
2 2 0 0 0 2 0 0
3 1 1 1 1 2 4 0
2 1 0 0 0 1 0 1
2 1 0 0 0 1 0 1
2 1 3 0 2 1 8 0
3 2 2 1 2 3 7 0
4 2 1 2 2 4 3 0
5 2 2 2 0 6 2 0
7 1 0 2 0 9 0 1
3 2 1 1 1 2 3 0
6 2 0 3 0 9 0 0
6 1 0 2 0 7 0 1
4 2 1 2 1 4 2 0
5 2 1 2 0 6 1 0
6 1 0 2 0 7 0 1
6 2 0 2 0 8 0 0
4 2 1 1 1 4 3 0
2 1 0 0 0 1 0 1
5 2 1 3 1 7 2 0
4 2 1 2 1 5 2 0
####
2 0 0 6 0 22 8 0 8 0
2 1 0 5 0 17 12 0 6 0
4 1 0 5 0 17 12 0 3 0
5 0 0 6 0 22 8 0 6 0
5 1 0 5 0 17 12 0 6 0
5 2 0 6 0 22 8 0 8 0
5 4 0 5 0 17 12 0 5 0
6 2 0 5 0 17 12 0 5 0
8 1 0 5 0 17 12 0 2 0
8 2 0 5 0 17 12 0 7 0
8 4 0 5 0 17 12 0 1 0
8 5 0 5 0 17 12 0 4 0
8 6 0 5 0 17 12 0 4 0
10 3 1 0 0 0 13 0 0 0
13 12 1 0 0 0 13 0 0 0
14 3 0 5 0 16 7 0 6 0
15 11 2 0 6 0 10 2 0 0
26 16 3 0 9 0 11 4 0 0
29 16 3 0 9 0 11 4 0 0
29 22 3 0 9 0 11 0 0 0
29 26 3 0 9 0 11 4 0 0
17 9 4 0 13 0 11 6 0 0
23 9 4 0 13 0 11 2 0 0
28 17 4 0 13 0 11 6 0 0
28 23 4 0 13 0 11 4 0 0
28 9 4 0 13 0 11 6 0 0
21 7 5 0 17 0 12 8 0 0
21 20 5 0 17 0 12 8 0 0
24 21 5 0 17 0 12 8 0 0
24 7 5 0 17 0 12 8 0 0
24 20 5 0 17 0 12 8 0 0
25 21 5 0 17 0 12 3 0 0
25 24 5 0 17 0 12 3 0 0
25 7 5 0 17 0 12 6 0 0
25 20 5 0 17 0 12 4 0 0
20 7 5 0 17 0 12 8 0 0
####
3 15 0 9 1 1 13
22 23 0 8 1 4 2
29 9 0 8 1 5 2
26 28 0 8 1 4 3
3 11 0 9 1 1 13
5 19 6 10 2 0 9
0 7 17 12 5 0 6
19 22 0 7 1 2 3
1 29 9 11 3 0 7
6 17 13 11 4 0 3
16 17 0 8 1 4 3
2 9 13 11 4 0 15
8 10 0 13 1 0 10
4 23 13 11 4 0 2
17 24 0 9 1 6 2
8 15 6 10 2 0 10
23 25 0 9 1 6 1
8 25 17 12 5 0 10
2 16 9 11 3 0 15
14 28 7 10 3 1 8
9 20 0 9 1 6 1
14 19 0 9 1 1 8
7 18 0 6 1 8 1
2 10 0 13 1 0 15
0 12 0 13 1 0 6
11 26 0 7 1 2 4
15 29 0 7 1 3 7
2 3 0 13 1 0 15
14 20 11 11 4 1 8
28 7 0 9 1 7 2
1 22 9 11 3 0 7
0 26 9 11 3 0 6
1 27 0 13 1 0 7
0 13 0 13 1 0 6
5 14 0 13 1 0 9
17 21 0 9 1 6 2
15 16 0 7 1 3 7
