1 0 2 0 5 0 19 0
1 0 3 0 4 0 9 0
1 0 3 0 2 0 6 0
1 0 3 0 2 0 5 0
1 0 4 0 5 0 14 0
1 0 2 0 1 0 2 0
4 2 1 2 1 6 3 0
1 0 4 0 2 0 9 0
5 1 1 2 1 7 2 0
1 0 2 0 2 0 7 0
1 0 2 0 1 0 5 0
1 0 2 0 3 0 11 0
5 2 1 2 0 7 1 0
2 2 2 0 2 2 8 0
6 2 0 4 0 10 0 0
4 2 1 2 0 5 1 0
2 1 2 0 2 1 4 0
3 2 1 1 0 3 1 0
2 1 1 0 1 1 2 0
2 1 0 0 0 1 0 1
4 2 1 2 1 5 2 0
2 1 3 0 3 1 10 0
2 1 0 0 0 1 0 1
2 2 1 0 1 2 3 0
3 2 1 2 1 4 2 0
3 2 1 1 0 3 1 0
5 1 0 2 0 6 0 1
4 1 0 2 0 4 0 1
3 2 1 1 1 3 3 0
4 1 0 2 0 4 0 1
3 2 1 1 0 3 1 0
3 2 1 1 0 3 1 0
7 2 0 2 0 14 0 0
4 2 0 2 0 4 0 0
6 2 1 3 0 12 1 0
4 2 1 2 1 5 2 0
2 1 0 0 0 1 0 1
6 1 0 2 0 8 0 1
3 2 1 1 1 3 3 0
3 2 2 2 2 4 6 0
5 2 1 2 0 7 1 0
4 2 0 2 0 5 0 0
####
1 0 0 6 0 31 11 0 9 0
3 0 0 5 0 28 13 0 6 0
4 0 0 6 0 31 11 0 8 0
4 1 0 6 0 31 11 0 7 0
4 2 0 3 0 16 18 0 3 0
4 3 0 5 0 28 13 0 3 0
5 4 0 3 0 16 18 0 3 0
7 0 0 6 0 31 11 0 7 0
7 1 0 6 0 31 11 0 6 0
7 2 0 3 0 16 18 0 2 0
7 3 0 5 0 28 13 0 4 0
7 4 0 6 0 31 11 0 5 0
9 0 0 6 0 31 11 0 8 0
9 1 0 6 0 31 11 0 7 0
9 4 0 6 0 31 11 0 6 0
9 7 0 6 0 31 11 0 5 0
10 0 0 6 0 31 11 0 5 0
10 1 0 6 0 31 11 0 4 0
10 4 0 6 0 31 11 0 3 0
10 7 0 6 0 31 11 0 2 0
10 9 0 6 0 31 11 0 3 0
11 0 0 6 0 31 11 0 12 0
11 1 0 6 0 31 11 0 11 0
11 3 0 5 0 28 13 0 2 0
11 4 0 6 0 31 11 0 10 0
11 7 0 6 0 31 11 0 9 0
11 9 0 6 0 31 11 0 10 0
11 10 0 6 0 31 11 0 7 0
19 18 1 0 0 0 18 0 0 0
21 13 1 4 0 20 21 0 3 1
23 13 1 5 0 23 19 0 6 1
25 17 2 0 8 0 18 1 0 0
28 24 2 0 8 0 18 0 0 0
30 17 2 0 8 0 18 2 0 0
30 25 2 0 8 0 18 1 0 0
31 28 2 0 8 0 18 2 0 0
38 28 2 0 8 0 18 2 0 0
38 31 2 0 8 0 18 2 0 0
39 24 2 4 8 15 19 2 4 1
39 28 2 0 8 0 18 2 0 0
39 31 2 0 8 0 18 2 0 0
39 38 2 0 8 0 18 2 0 0
29 6 3 0 16 0 18 2 0 0
27 20 3 0 16 0 18 4 0 0
27 6 3 0 16 0 18 4 0 0
27 15 3 0 16 0 18 4 0 0
33 29 3 0 16 0 18 4 0 0
33 6 3 0 16 0 18 2 0 0
35 29 3 0 16 0 18 2 0 0
35 27 3 0 16 0 18 4 0 0
35 33 3 0 16 0 18 2 0 0
35 20 3 0 16 0 18 4 0 0
35 6 3 0 16 0 18 4 0 0
35 15 3 0 16 0 18 4 0 0
20 6 3 0 16 0 18 4 0 0
20 15 3 0 16 0 18 4 0 0
15 6 3 0 16 0 18 4 0 0
41 29 3 0 16 0 18 3 0 0
41 33 3 0 16 0 18 3 0 0
41 35 3 0 16 0 18 1 0 0
41 6 3 0 16 0 18 1 0 0
12 8 4 0 24 0 14 6 0 0
26 12 4 0 24 0 14 6 0 0
26 8 4 0 24 0 14 6 0 0
40 12 4 0 24 0 14 6 0 0
40 8 4 0 24 0 14 6 0 0
40 26 4 0 24 0 14 6 0 0
34 14 5 0 28 0 13 9 0 0
37 14 5 0 28 0 13 9 0 0
37 34 5 0 28 0 13 8 0 0
####
35 12 0 12 1 5 2
2 18 0 18 1 0 6
17 29 0 16 1 3 1
21 28 0 16 1 1 10
1 15 16 18 3 0 9
38 20 0 16 1 3 3
11 23 0 18 1 0 11
40 37 0 7 1 7 1
15 26 0 12 1 5 1
16 17 0 16 1 1 4
5 30 8 18 2 0 2
30 33 0 16 1 3 1
2 19 0 18 1 0 6
0 21 0 18 1 0 19
10 38 8 18 2 0 5
7 24 8 18 2 0 9
28 35 0 16 1 3 3
34 32 0 4 1 12 1
3 31 8 18 2 0 5
21 31 0 16 1 1 10
24 34 12 11 3 4 2
20 40 0 12 1 5 2
7 28 8 18 2 0 9
21 38 0 16 1 1 10
11 13 0 18 1 0 11
7 41 16 18 3 0 9
12 14 0 7 1 7 1
9 20 16 18 3 0 7
39 15 0 16 1 4 6
16 30 0 16 1 1 4
39 6 0 16 1 4 6
4 16 0 18 1 0 14
7 36 0 18 1 0 9
1 40 24 14 4 0 9
13 39 0 16 1 2 8
4 25 8 18 2 0 14
4 35 16 18 3 0 14
1 39 8 18 2 0 9
10 32 31 11 6 0 5
23 24 0 16 1 2 3
25 41 0 16 1 3 1
2 17 8 18 2 0 6
3 12 24 14 4 0 5
6 8 0 12 1 6 3
18 25 0 16 1 1 2
3 22 0 18 1 0 5
13 14 20 11 4 2 8
4 6 16 18 3 0 14
8 34 0 7 1 7 2
0 13 0 18 1 0 19
9 23 0 18 1 0 7
31 27 0 16 1 3 1
5 33 16 18 3 0 2
