1 0 3 0 2 0 8 0
1 0 3 0 5 0 14 0
2 1 1 0 1 1 9 0
3 2 0 2 0 4 0 0
1 0 4 0 6 0 19 0
1 0 3 0 4 0 15 0
1 0 3 0 3 0 12 0
9 2 2 2 1 22 4 0
3 2 1 3 2 5 8 0
5 2 2 2 1 6 9 0
2 1 2 0 1 1 9 0
1 0 4 0 5 0 24 0
6 2 0 3 0 9 0 0
2 2 1 0 1 2 12 0
2 2 1 0 1 2 2 0
4 1 0 2 0 4 0 1
3 2 1 2 2 4 8 0
6 2 1 3 1 9 7 0
7 2 1 2 1 11 6 0
4 1 2 2 2 6 7 0
12 1 0 2 0 25 0 1
10 2 1 3 1 23 2 0
3 2 1 2 1 3 11 0
4 2 2 2 1 6 7 0
11 2 1 2 0 24 1 0
5 2 1 3 1 12 6 0
3 2 1 2 0 3 1 0
2 2 2 0 1 2 10 0
2 2 1 0 1 2 9 0
8 2 1 4 2 21 5 0
10 2 0 4 0 23 0 0
4 2 1 2 2 5 10 0
####
1 0 0 11 0 25 7 0 16 0
4 0 0 11 0 25 7 0 20 0
4 1 0 11 0 25 7 0 26 0
5 0 0 11 0 25 7 0 17 0
5 1 0 11 0 25 7 0 23 0
5 4 0 11 0 25 7 0 27 0
6 0 0 11 0 25 7 0 12 0
6 1 0 11 0 25 7 0 18 0
6 4 0 11 0 25 7 0 22 0
6 5 0 11 0 25 7 0 19 0
11 0 0 11 0 25 7 0 22 0
11 1 0 11 0 25 7 0 28 0
11 4 0 11 0 25 7 0 32 0
11 5 0 11 0 25 7 0 29 0
11 6 0 11 0 25 7 0 24 0
10 2 1 10 0 19 13 0 13 1
13 2 0 10 0 19 7 0 16 0
13 10 0 10 0 19 7 0 15 0
14 13 1 0 0 0 12 0 0 0
27 2 0 10 0 19 7 0 14 0
27 10 0 10 0 19 7 0 13 0
27 13 1 10 0 19 13 0 16 1
27 14 1 0 0 0 12 0 0 0
28 2 0 10 0 19 7 0 14 0
28 10 0 10 0 19 7 0 13 0
28 13 1 10 0 19 13 0 16 1
28 14 1 0 0 0 12 0 0 0
28 27 1 10 0 19 13 0 14 1
22 3 2 0 6 0 11 2 0 0
22 8 2 9 6 14 12 2 14 1
22 16 2 9 6 14 12 2 14 1
26 22 2 0 6 0 11 2 0 0
26 3 2 0 6 0 11 2 0 0
26 8 2 0 6 0 11 2 0 0
26 16 2 0 6 0 11 2 0 0
8 3 2 0 6 0 11 2 0 0
16 3 2 0 6 0 11 2 0 0
16 8 2 9 6 14 12 2 12 1
19 15 3 0 11 0 10 4 0 0
23 15 3 0 11 0 10 3 0 0
23 19 3 8 11 10 11 2 10 1
31 15 3 0 11 0 10 4 0 0
31 19 3 8 11 10 11 4 12 1
31 23 3 8 11 10 11 2 12 1
25 9 4 7 15 8 9 7 10 1
17 12 5 0 17 0 8 2 0 0
30 21 9 0 22 0 8 6 0 0
####
13 22 0 11 1 2 12
5 9 15 8 4 0 15
5 31 11 10 3 0 15
7 21 0 3 1 22 4
10 17 11 8 4 1 9
31 9 0 6 1 5 10
2 8 0 11 1 1 9
11 28 0 12 1 0 24
4 27 0 12 1 0 19
8 19 0 9 1 5 8
14 26 0 11 1 2 2
4 22 6 11 2 0 19
11 14 0 12 1 0 24
0 3 6 11 2 0 8
22 31 0 9 1 3 11
6 14 0 12 1 0 12
26 15 0 9 1 3 1
1 2 0 12 1 0 14
23 30 7 6 6 6 7
0 24 24 7 10 0 8
10 12 11 8 4 1 9
4 13 0 12 1 0 19
4 23 11 10 3 0 19
19 25 0 6 1 6 7
9 12 0 4 1 6 9
9 17 0 4 1 6 9
11 27 0 12 1 0 24
1 10 0 12 1 0 14
23 25 0 6 1 6 7
11 13 0 12 1 0 24
19 21 7 6 6 6 7
25 29 3 3 3 12 6
29 7 0 2 1 21 5
28 16 0 11 1 2 9
0 18 19 7 6 0 8
16 23 0 9 1 4 8
5 28 0 12 1 0 15
6 26 6 11 2 0 12
24 20 0 2 1 24 1
17 18 0 3 1 9 7
27 3 0 11 1 2 10
7 30 0 3 1 22 4
18 29 0 2 1 11 6
1 7 21 7 8 0 14
27 8 0 11 1 2 10
6 16 6 11 2 0 12
21 24 0 3 1 23 2
