1 0 3 0 2 0 8 0
1 0 2 0 3 0 20 0
1 0 2 0 1 0 5 0
1 0 2 0 3 0 17 0
1 0 3 0 5 0 13 0
1 0 3 0 5 0 27 0
1 0 3 0 4 0 12 0
2 1 3 0 2 1 10 0
1 0 2 0 2 0 9 0
7 2 1 2 1 10 3 0
1 0 3 0 3 0 9 0
2 1 2 0 1 1 3 0
7 2 1 2 1 12 3 0
10 2 0 3 0 20 0 0
9 2 1 2 1 16 2 0
7 2 1 2 1 12 4 0
5 2 1 2 1 7 5 0
10 2 1 3 0 18 1 0
3 1 0 1 0 2 0 1
2 1 2 0 1 1 4 0
2 1 0 0 0 1 0 1
5 2 1 2 1 8 5 0
3 2 0 1 0 3 0 0
2 1 2 0 4 1 21 0
3 2 2 1 2 3 7 0
11 2 0 4 0 20 0 0
3 2 2 1 3 3 18 0
3 2 1 1 1 3 2 0
8 2 1 4 1 17 2 0
8 2 1 2 1 14 3 0
4 2 2 2 2 5 13 0
5 2 1 2 1 7 6 0
6 2 1 2 1 9 4 0
4 2 1 2 0 5 1 0
6 2 1 3 1 10 4 0
9 2 1 2 0 18 1 0
4 2 1 2 0 5 1 0
6 2 1 4 1 10 5 0
4 2 1 3 1 6 6 0
5 2 0 2 0 6 0 0
####
1 0 0 10 0 30 10 0 13 0
2 0 0 10 0 30 10 0 7 0
2 1 0 10 0 30 10 0 12 0
3 0 0 10 0 30 10 0 11 0
3 1 0 10 0 30 10 0 16 0
3 2 0 10 0 30 10 0 10 0
4 0 0 4 0 14 13 0 3 0
4 1 0 9 0 28 11 0 20 0
4 3 0 9 0 28 11 0 18 0
5 0 0 10 0 30 10 0 15 0
5 1 0 10 0 30 10 0 20 0
5 2 0 10 0 30 10 0 14 0
5 3 0 10 0 30 10 0 18 0
5 4 0 9 0 28 11 0 21 0
6 0 0 10 0 30 10 0 11 0
6 1 0 10 0 30 10 0 16 0
6 2 0 10 0 30 10 0 10 0
6 3 0 10 0 30 10 0 14 0
6 4 0 9 0 28 11 0 13 0
6 5 0 10 0 30 10 0 18 0
8 0 0 10 0 30 10 0 11 0
8 1 0 10 0 30 10 0 16 0
8 2 0 10 0 30 10 0 10 0
8 3 0 10 0 30 10 0 14 0
8 5 0 10 0 30 10 0 18 0
8 6 0 10 0 30 10 0 14 0
10 0 0 10 0 30 10 0 6 0
10 1 0 10 0 30 10 0 11 0
10 2 0 10 0 30 10 0 5 0
10 3 0 10 0 30 10 0 9 0
10 4 0 9 0 28 11 0 14 0
10 5 0 10 0 30 10 0 13 0
10 6 0 10 0 30 10 0 9 0
10 8 0 10 0 30 10 0 9 0
11 7 0 8 0 23 7 0 8 0
23 7 0 8 0 23 7 0 19 0
23 11 0 9 0 25 6 0 11 0
23 19 1 0 0 0 14 0 0 0
24 22 2 0 5 0 14 0 0 0
26 22 2 0 5 0 14 2 0 0
26 24 2 8 5 20 15 2 13 1
27 22 2 0 5 0 14 2 0 0
27 24 2 0 5 0 14 2 0 0
27 26 2 0 5 0 14 2 0 0
33 30 3 0 10 0 13 4 0 0
36 30 3 7 10 16 14 1 6 1
36 33 3 0 10 0 13 4 0 0
38 30 3 6 10 14 15 2 10 1
38 33 3 0 10 0 13 1 0 0
38 36 3 0 10 0 13 1 0 0
31 16 4 0 14 0 13 4 0 0
31 21 4 0 14 0 13 4 0 0
21 16 4 5 14 10 15 4 8 1
39 16 4 0 14 0 13 6 0 0
39 31 4 0 14 0 13 6 0 0
39 21 4 0 14 0 13 3 0 0
34 32 5 4 18 7 14 6 6 1
37 34 5 0 18 0 12 6 0 0
37 32 5 0 18 0 12 6 0 0
12 9 6 3 21 4 14 8 4 1
15 12 6 0 21 0 12 8 0 0
15 9 6 0 21 0 12 8 0 0
29 28 7 0 24 0 11 14 0 0
35 14 8 0 26 0 11 16 0 0
17 13 9 0 28 0 11 18 0 0
####
5 9 21 12 6 0 27
4 7 0 14 1 0 13
14 17 0 4 1 16 2
2 29 24 11 7 0 5
0 27 5 14 2 0 8
1 26 5 14 2 0 20
7 38 5 9 2 1 10
31 37 0 7 1 7 6
24 37 8 8 3 3 7
3 21 14 13 4 0 17
5 19 0 14 1 0 27
30 31 0 8 1 5 13
17 25 0 3 1 18 1
23 26 0 10 1 1 21
19 22 0 10 1 1 4
32 9 0 6 1 9 4
5 23 0 14 1 0 27
4 33 10 13 3 0 13
27 33 0 9 1 3 2
8 24 5 14 2 0 9
0 15 21 12 6 0 8
28 35 0 4 1 17 2
1 36 10 13 3 0 20
9 28 0 5 1 10 3
38 21 0 8 1 6 6
34 12 0 6 1 10 4
33 39 0 8 1 5 1
12 28 0 5 1 12 3
10 35 26 11 8 0 9
11 13 23 7 8 1 3
6 11 0 14 1 0 12
2 20 0 14 1 0 5
7 18 0 10 1 1 10
3 30 10 13 3 0 17
15 29 0 5 1 12 4
26 30 0 9 1 3 18
30 16 0 8 1 5 13
6 12 21 12 6 0 12
23 24 0 10 1 1 21
11 17 23 7 8 1 3
21 32 0 7 1 8 5
35 13 0 4 1 18 1
10 16 14 13 4 0 9
8 22 5 14 2 0 9
6 31 14 13 4 0 12
19 27 0 10 1 1 4
0 39 14 13 4 0 8
24 36 0 9 1 3 7
16 34 0 7 1 7 5
37 15 0 6 1 10 5
36 25 16 5 7 5 1
10 14 26 11 8 0 9
29 14 0 4 1 14 3
26 38 0 9 1 3 18
7 34 13 8 4 1 10
4 32 18 12 5 0 13
