1 0 4 0 5 0 20 0
1 0 4 0 2 0 10 0
4 1 2 2 3 4 13 0
1 0 3 0 3 0 10 0
10 1 0 2 0 17 0 1
1 0 2 0 3 0 12 0
1 0 3 0 4 0 9 0
1 0 4 0 5 0 24 0
6 2 1 2 0 10 1 0
6 2 1 2 1 8 3 0
7 2 1 2 1 12 3 0
9 2 0 2 0 13 0 0
2 2 2 0 3 2 18 0
2 2 2 0 2 2 11 0
2 2 1 0 1 2 4 0
3 2 2 2 2 4 4 0
2 1 2 0 2 1 7 0
3 2 1 2 1 4 3 0
5 2 1 3 1 8 2 0
7 2 1 2 1 9 2 0
4 2 1 2 0 6 1 0
8 2 1 2 1 14 2 0
9 2 1 4 0 16 1 0
5 2 2 3 2 7 9 0
2 1 0 0 0 1 0 1
6 2 1 3 1 10 4 0
3 2 1 2 2 3 14 0
8 2 1 3 0 12 1 0
7 1 0 2 0 11 0 1
3 2 0 2 0 4 0 0
5 2 0 2 0 8 0 0
####
1 0 0 9 0 24 7 0 14 0
3 0 0 9 0 24 7 0 11 0
3 1 0 9 0 24 7 0 7 0
5 0 0 9 0 24 7 0 15 0
5 1 0 9 0 24 7 0 11 0
5 3 0 9 0 24 7 0 8 0
6 0 0 9 0 24 7 0 13 0
6 1 0 9 0 24 7 0 9 0
6 3 0 9 0 24 7 0 6 0
6 5 0 9 0 24 7 0 10 0
7 0 0 9 0 24 7 0 19 0
7 1 0 9 0 24 7 0 15 0
7 3 0 9 0 24 7 0 12 0
7 5 0 9 0 24 7 0 16 0
7 6 0 9 0 24 7 0 14 0
13 12 1 8 0 19 12 0 13 1
14 12 1 5 0 12 14 0 7 1
14 13 1 0 0 0 11 0 0 0
16 12 0 8 0 19 6 0 12 0
16 13 0 8 0 19 6 0 9 0
24 12 1 0 0 0 11 0 0 0
24 13 1 0 0 0 11 0 0 0
24 14 1 0 0 0 11 0 0 0
17 15 2 0 5 0 10 1 0 0
26 15 2 7 5 15 11 2 7 1
26 17 2 4 5 8 13 1 5 1
29 15 2 0 5 0 10 2 0 0
29 17 2 0 5 0 10 2 0 0
29 26 2 0 5 0 10 2 0 0
20 2 3 0 9 0 8 4 0 0
23 18 4 0 11 0 9 7 0 0
30 18 4 0 11 0 9 7 0 0
30 23 4 0 11 0 9 6 0 0
9 8 5 0 14 0 9 9 0 0
25 8 5 0 14 0 9 9 0 0
25 9 5 0 14 0 9 8 0 0
19 10 6 0 17 0 9 10 0 0
28 19 6 0 17 0 9 11 0 0
28 10 6 0 17 0 9 11 0 0
27 21 7 0 20 0 8 12 0 0
22 11 8 0 22 0 8 15 0 0
####
14 17 0 9 1 2 4
2 18 0 5 1 4 13
7 12 0 11 1 0 24
15 20 0 6 1 4 4
5 13 0 11 1 0 12
3 21 20 8 7 0 10
5 19 17 9 6 0 12
26 2 0 6 1 3 14
10 21 0 5 1 12 3
27 11 0 4 1 12 1
8 28 0 6 1 10 1
18 8 0 6 1 8 2
1 29 5 10 2 0 10
1 11 22 8 8 0 10
3 14 0 11 1 0 10
1 16 0 11 1 0 10
6 10 17 9 6 0 9
7 24 0 11 1 0 24
20 30 0 5 1 6 1
3 20 9 8 3 0 10
2 23 0 5 1 4 13
0 17 5 10 2 0 20
13 29 0 9 1 2 11
16 25 9 8 4 1 7
6 15 5 10 2 0 9
23 25 0 6 1 7 9
7 14 0 11 1 0 24
15 22 13 6 6 4 4
0 12 0 11 1 0 20
22 4 0 3 1 16 1
25 10 0 6 1 10 4
17 18 2 7 2 4 3
12 15 0 9 1 2 18
13 23 6 8 3 2 11
6 8 14 9 5 0 9
0 26 5 10 2 0 20
21 22 0 4 1 14 2
12 26 0 9 1 2 18
7 13 0 11 1 0 24
19 27 0 5 1 9 2
23 9 0 6 1 7 9
16 27 15 7 6 1 7
0 9 14 9 5 0 20
9 19 0 6 1 8 3
1 30 11 9 4 0 10
