1 0 3 0 4 0 14 0
1 0 3 0 4 0 18 0
1 0 4 0 5 0 16 0
9 2 1 2 2 12 3 0
1 0 3 0 3 0 5 0
1 0 1 0 0 0 1 0
1 0 1 0 1 0 11 0
2 2 1 0 1 2 10 0
6 2 1 2 0 10 1 0
2 1 2 0 2 1 16 0
3 2 2 1 4 3 14 0
3 2 1 1 1 2 3 0
5 2 1 4 1 8 9 0
6 2 1 2 1 9 8 0
2 1 1 0 1 1 4 0
10 2 2 4 0 13 2 0
4 2 2 2 2 5 13 0
7 2 1 2 2 10 7 0
11 2 0 2 0 15 0 0
8 2 2 2 2 11 6 0
5 2 1 4 1 9 2 0
3 2 0 1 0 3 0 0
11 1 0 2 0 14 0 1
10 1 0 2 0 13 0 1
9 2 1 2 0 12 1 0
7 1 0 2 0 11 0 1
####
1 0 0 10 0 18 8 0 17 0
2 0 0 10 0 18 8 0 15 0
2 1 0 10 0 18 8 0 18 0
4 0 0 6 0 11 8 0 7 0
4 1 0 6 0 11 8 0 9 0
4 2 0 6 0 11 8 0 8 0
5 0 0 10 0 18 8 0 7 0
5 1 0 10 0 18 8 0 10 0
5 2 0 10 0 18 8 0 8 0
6 0 0 10 0 18 8 0 14 0
6 1 0 10 0 18 8 0 17 0
6 2 0 10 0 18 8 0 15 0
6 5 0 10 0 18 8 0 7 0
9 7 1 9 0 15 11 0 14 1
14 9 0 5 0 8 5 0 7 0
11 10 0 4 0 5 5 0 5 0
21 10 2 0 3 0 9 0 0 0
20 12 4 0 7 0 8 2 0 0
13 8 5 0 9 0 8 4 0 0
25 17 6 0 11 0 8 6 0 0
24 3 8 0 14 0 8 10 0 0
23 15 9 0 16 0 8 12 0 0
22 18 10 0 18 0 8 14 0 0
####
3 15 0 4 1 12 3
4 8 9 8 5 0 5
7 12 4 5 3 2 10
1 17 11 8 6 0 18
10 15 10 5 7 3 14
13 17 0 4 1 9 8
0 16 6 7 3 0 14
20 8 0 4 1 9 2
0 3 14 8 8 0 14
2 19 13 7 7 0 16
6 7 0 9 1 0 11
12 13 0 4 1 8 9
9 21 0 6 1 1 16
5 18 18 8 10 0 1
19 3 0 3 1 11 6
15 18 0 4 1 13 2
24 23 0 4 1 12 1
1 7 0 9 1 0 18
8 25 0 4 1 10 1
15 22 0 4 1 13 2
17 19 0 3 1 10 7
4 14 0 9 1 0 5
2 10 3 9 2 0 16
9 10 0 6 1 1 16
19 24 0 3 1 11 6
1 9 0 9 1 0 18
2 24 14 8 8 0 16
4 11 3 9 2 0 5
16 12 0 3 1 5 13
14 11 0 6 1 1 4
10 16 0 4 1 3 14
2 21 3 9 2 0 16
0 13 9 8 5 0 14
11 20 1 5 2 2 3
16 20 0 3 1 5 13
