1 0 3 0 4 0 9 0
1 0 3 0 2 0 7 0
1 0 3 0 3 0 7 0
1 0 3 0 3 0 11 0
1 0 3 0 2 0 8 0
1 0 2 0 4 0 16 0
1 0 1 0 2 0 6 0
2 1 2 0 1 1 8 0
4 2 1 2 2 5 6 0
2 1 2 0 2 1 10 0
7 2 1 2 1 10 2 0
2 1 2 0 1 1 4 0
5 2 0 3 0 7 0 0
2 1 0 0 0 1 0 1
5 2 1 2 1 5 3 0
3 2 1 1 2 2 6 0
5 2 2 2 1 7 5 0
8 2 0 4 0 16 0 0
6 2 1 2 1 7 2 0
6 2 1 2 1 8 3 0
2 1 0 0 0 1 0 1
4 1 0 2 0 4 0 1
3 2 1 1 1 3 7 0
4 2 2 2 1 4 5 0
9 2 0 3 0 17 0 0
3 2 1 1 1 3 2 0
8 2 1 4 0 14 1 0
3 2 1 1 0 3 1 0
2 1 0 0 0 1 0 1
7 2 1 2 0 9 1 0
####
1 0 0 8 0 22 8 0 4 0
2 0 0 8 0 22 8 0 3 0
2 1 0 8 0 22 8 0 5 0
3 0 0 8 0 22 8 0 8 0
3 1 0 8 0 22 8 0 10 0
3 2 0 8 0 22 8 0 9 0
4 0 0 8 0 22 8 0 6 0
4 1 0 8 0 22 8 0 8 0
4 2 0 8 0 22 8 0 7 0
4 3 0 8 0 22 8 0 12 0
5 0 0 8 0 22 8 0 8 0
5 1 0 8 0 22 8 0 10 0
5 2 0 8 0 22 8 0 9 0
5 3 0 8 0 22 8 0 14 0
5 4 0 8 0 22 8 0 12 0
6 0 0 8 0 22 8 0 5 0
6 1 0 8 0 22 8 0 7 0
6 2 0 8 0 22 8 0 6 0
6 3 0 8 0 22 8 0 11 0
6 4 0 8 0 22 8 0 9 0
6 5 0 8 0 22 8 0 11 0
9 7 0 7 0 16 7 0 6 0
11 7 0 7 0 16 7 0 2 0
11 9 0 7 0 16 7 0 8 0
20 11 1 0 0 0 13 0 0 0
28 11 1 0 0 0 13 0 0 0
28 20 1 0 0 0 13 0 0 0
22 15 0 5 0 10 6 0 6 0
25 22 2 6 6 12 12 0 6 1
27 22 2 0 6 0 11 2 0 0
23 8 3 4 10 7 12 2 4 1
23 21 3 0 10 0 10 2 0 0
21 8 3 0 10 0 10 4 0 0
16 12 4 0 13 0 10 4 0 0
16 14 4 3 13 4 12 4 2 1
14 12 4 0 13 0 10 6 0 0
19 18 5 0 16 0 9 3 0 0
29 10 6 0 18 0 9 0 0 0
26 17 7 0 20 0 9 2 0 0
####
5 9 0 13 1 0 16
26 24 0 3 1 14 1
2 29 18 9 6 0 7
3 25 6 11 2 0 11
4 8 10 10 3 0 8
27 21 0 7 1 3 1
0 14 13 10 4 0 9
9 22 0 10 1 1 10
0 7 0 13 1 0 9
10 26 0 4 1 10 2
23 12 0 6 1 4 5
1 11 0 13 1 0 7
5 23 10 10 3 0 16
1 20 0 13 1 0 7
16 17 4 5 3 7 5
15 23 0 7 1 2 6
0 15 6 11 2 0 9
7 15 0 10 1 1 8
4 19 16 9 5 0 8
14 18 0 5 1 5 3
7 24 16 7 7 1 8
25 26 10 6 5 3 2
4 13 0 13 1 0 8
1 28 0 13 1 0 7
19 10 0 4 1 8 3
8 16 0 6 1 5 6
2 27 6 11 2 0 7
29 17 0 4 1 9 1
2 10 18 9 6 0 7
23 14 0 6 1 4 5
16 19 0 5 1 7 5
11 12 7 9 3 1 4
9 27 0 10 1 1 10
3 22 6 11 2 0 11
3 18 16 9 5 0 11
18 29 0 4 1 7 2
22 8 0 7 1 3 7
11 25 0 10 1 1 4
6 16 13 10 4 0 6
