1 0 4 0 3 0 10 0
1 0 4 0 5 0 10 0
1 0 3 0 3 0 12 0
1 0 3 0 1 0 8 0
5 2 0 2 0 7 0 0
1 0 3 0 6 0 18 0
2 1 3 0 3 1 10 0
5 2 1 2 1 7 4 0
4 2 1 2 1 5 2 0
2 1 3 0 4 1 15 0
1 0 3 0 2 0 13 0
4 2 1 2 1 5 5 0
3 2 1 1 1 3 2 0
5 2 1 3 1 8 4 0
2 2 1 0 1 2 7 0
5 2 1 4 0 9 1 0
6 2 1 4 1 14 3 0
7 2 1 2 1 16 2 0
4 2 0 2 0 5 0 0
3 2 1 1 1 3 6 0
8 2 1 2 0 17 1 0
6 2 0 2 0 11 0 0
2 1 0 0 0 1 0 1
4 2 1 3 0 5 1 0
3 2 1 2 1 3 6 0
2 2 1 0 1 2 3 0
4 2 1 2 1 5 5 0
3 2 2 1 1 3 4 0
3 2 1 2 1 3 2 0
9 1 0 2 0 18 0 1
####
1 0 0 8 0 23 7 0 10 0
2 0 0 8 0 23 7 0 13 0
2 1 0 8 0 23 7 0 7 0
3 0 0 8 0 23 7 0 13 0
3 1 0 8 0 23 7 0 7 0
3 2 0 8 0 23 7 0 10 0
5 0 0 8 0 23 7 0 17 0
5 1 0 8 0 23 7 0 11 0
5 2 0 8 0 23 7 0 14 0
5 3 0 8 0 23 7 0 14 0
10 0 0 8 0 23 7 0 15 0
10 1 0 8 0 23 7 0 9 0
10 2 0 8 0 23 7 0 12 0
10 3 0 8 0 23 7 0 12 0
10 5 0 8 0 23 7 0 16 0
9 6 1 7 0 18 12 0 13 1
14 6 0 7 0 18 6 0 13 0
14 9 0 7 0 18 6 0 12 0
25 9 0 4 0 14 7 0 5 0
25 14 1 0 0 0 11 0 0 0
19 12 2 0 5 0 11 3 0 0
24 19 0 6 0 13 6 0 10 0
27 12 2 0 5 0 11 2 0 0
27 19 2 0 5 0 11 3 0 0
28 24 2 0 5 0 11 2 0 0
28 27 2 3 5 9 13 1 3 1
23 8 3 0 10 0 11 1 0 0
23 18 3 0 10 0 11 5 0 0
26 23 3 0 10 0 11 1 0 0
26 11 0 5 0 8 6 0 8 0
26 8 3 0 10 0 11 0 0 0
26 18 3 0 10 0 11 5 0 0
18 11 3 0 10 0 11 2 0 0
18 8 3 0 10 0 11 2 0 0
13 4 4 0 15 0 10 3 0 0
13 7 4 4 15 4 11 3 6 1
7 4 4 0 15 0 10 0 0 0
15 4 4 0 15 0 10 3 0 0
15 13 4 0 15 0 10 4 0 0
15 7 4 0 15 0 10 2 0 0
21 16 5 0 19 0 8 4 0 0
####
23 4 0 9 1 5 1
5 9 0 11 1 0 18
5 6 0 11 1 0 18
0 14 0 11 1 0 10
19 26 0 10 1 3 6
2 8 10 11 3 0 12
1 17 21 7 6 0 10
3 11 10 11 3 0 8
3 21 19 8 5 0 8
20 29 0 2 1 17 1
17 20 0 2 1 16 2
0 7 15 10 4 0 10
7 16 0 6 1 7 4
2 12 5 11 2 0 12
2 26 10 11 3 0 12
16 17 0 3 1 14 3
1 25 0 11 1 0 10
0 24 5 11 2 0 10
13 16 0 6 1 8 4
10 18 10 11 3 0 13
1 28 5 11 2 0 10
0 4 15 10 4 0 10
26 7 0 9 1 5 5
8 15 0 9 1 5 2
11 13 0 9 1 5 5
14 24 0 10 1 2 7
6 23 5 10 2 1 10
24 11 0 10 1 3 6
25 28 0 10 1 2 3
6 19 0 10 1 1 10
9 27 0 10 1 1 15
3 22 0 11 1 0 8
27 18 0 10 1 3 4
15 21 0 6 1 9 1
1 27 5 11 2 0 10
10 25 0 11 1 0 13
5 20 22 7 7 0 18
28 15 5 9 2 3 2
10 14 0 11 1 0 13
6 13 10 9 3 1 10
27 8 0 10 1 3 4
12 23 0 10 1 3 2
9 19 0 10 1 1 15
9 12 0 10 1 1 15
