1 0 4 0 4 0 24 0
1 0 4 0 2 0 7 0
1 0 3 0 0 0 3 0
8 2 1 2 1 11 2 0
1 0 3 0 3 0 13 0
2 1 1 0 2 1 10 0
1 0 4 0 7 0 17 0
2 1 2 0 3 1 21 0
6 2 1 2 1 7 4 0
6 2 1 2 1 6 3 0
10 2 1 3 0 17 1 0
2 1 0 0 0 1 0 1
11 2 0 4 0 18 0 0
3 1 3 1 3 2 19 0
4 2 2 1 4 4 16 0
5 2 2 3 2 6 9 0
7 2 1 4 1 9 2 0
8 2 1 3 1 13 3 0
6 2 0 2 0 8 0 0
6 2 2 2 3 8 7 0
2 1 0 0 0 1 0 1
3 1 0 1 0 2 0 1
9 2 1 2 1 14 2 0
9 1 0 2 0 11 0 1
2 1 0 0 0 1 0 1
8 2 1 2 0 10 1 0
5 2 2 2 2 5 9 0
7 2 2 2 1 9 3 0
7 2 1 2 1 10 4 0
4 2 1 1 1 4 3 0
4 2 0 1 0 4 0 0
####
1 0 0 10 0 25 6 0 20 0
2 0 0 5 0 12 9 0 5 0
4 0 0 10 0 25 6 0 21 0
4 1 0 10 0 25 6 0 13 0
6 0 0 10 0 25 6 0 25 0
6 1 0 10 0 25 6 0 17 0
6 2 0 5 0 12 9 0 2 0
6 4 0 10 0 25 6 0 18 0
7 5 1 9 0 20 11 0 20 1
11 5 1 0 0 0 10 0 0 0
11 7 1 0 0 0 10 0 0 0
21 13 2 0 5 0 7 2 0 0
29 14 3 5 7 12 10 4 6 1
30 14 3 0 7 0 8 4 0 0
30 29 3 0 7 0 8 4 0 0
26 15 4 6 10 13 8 7 11 1
18 8 5 0 12 0 9 9 0 0
18 9 5 0 12 0 9 9 0 0
19 18 5 0 12 0 9 10 0 0
19 8 5 5 12 9 10 9 9 1
19 9 5 0 12 0 9 9 0 0
9 8 5 0 12 0 9 8 0 0
27 16 6 0 16 0 8 12 0 0
28 27 6 4 16 6 9 12 5 1
28 16 6 0 16 0 8 12 0 0
17 3 7 3 19 3 9 16 3 1
25 3 7 0 19 0 8 14 0 0
25 17 7 0 19 0 8 16 0 0
23 22 8 0 22 0 7 18 0 0
####
1 3 19 8 7 0 7
7 21 0 7 1 1 21
2 18 12 9 5 0 3
0 7 0 10 1 0 24
14 26 0 5 1 4 16
13 30 0 5 1 2 19
15 19 0 6 1 6 9
25 23 0 5 1 10 1
6 14 7 8 3 0 17
0 9 12 9 5 0 24
4 19 12 9 5 0 13
3 10 2 4 2 11 2
2 30 7 8 3 0 3
10 12 0 2 1 17 1
26 8 0 6 1 5 9
0 11 0 10 1 0 24
6 25 19 8 7 0 17
13 29 0 5 1 2 19
1 28 16 8 6 0 7
15 18 0 6 1 6 9
16 25 0 6 1 9 2
22 10 0 3 1 14 2
19 28 0 7 1 8 7
26 9 0 6 1 5 9
9 16 0 7 1 6 3
5 15 5 7 3 1 10
0 5 0 10 1 0 24
17 22 0 5 1 13 3
14 15 0 5 1 4 16
8 17 3 7 2 7 4
2 24 0 10 1 0 3
6 26 10 7 4 0 17
4 20 0 10 1 0 13
29 16 6 6 3 4 3
4 29 7 8 3 0 13
28 17 0 6 1 10 4
1 22 22 7 8 0 7
13 14 0 5 1 2 19
7 13 0 7 1 1 21
27 12 6 4 4 9 3
19 27 0 7 1 8 7
1 8 12 9 5 0 7
6 27 16 8 6 0 17
27 3 0 6 1 9 3
