1 0 4 0 3 0 8 0
4 1 1 2 0 5 1 0
1 0 3 0 3 0 7 0
2 2 2 0 1 2 3 0
2 2 1 0 0 2 1 0
2 2 1 0 1 2 3 0
2 1 0 0 0 1 0 1
5 2 0 3 0 6 0 0
3 2 1 2 1 4 2 0
3 1 0 2 0 3 0 1
####
2 0 0 4 0 7 3 0 8 0
4 3 1 0 0 0 6 0 0 0
5 3 1 3 0 3 7 0 4 1
5 4 1 0 0 0 6 0 0 0
6 3 1 0 0 0 6 0 0 0
6 4 1 0 0 0 6 0 0 0
6 5 1 0 0 0 6 0 0 0
9 8 2 0 4 0 4 3 0 0
####
4 9 0 6 1 2 1
8 1 0 3 1 4 2
3 8 0 6 1 2 3
0 6 0 6 1 0 8
2 5 0 6 1 0 7
0 5 0 6 1 0 8
0 4 0 6 1 0 8
2 3 0 6 1 0 7
1 7 0 2 1 5 1
3 7 3 5 3 2 3
0 3 0 6 1 0 8
2 4 0 6 1 0 7
5 8 0 6 1 2 3
