1 0 3 0 5 0 12 0
1 0 4 0 5 0 18 0
1 0 4 0 4 0 19 0
2 1 0 0 0 1 0 1
6 1 2 2 2 8 4 0
1 0 2 0 2 0 12 0
8 2 1 3 1 11 2 0
7 2 1 2 2 10 5 0
2 1 3 0 3 1 13 0
1 0 3 0 3 0 14 0
2 2 1 0 1 2 7 0
2 1 3 0 1 1 5 0
11 2 0 3 0 23 0 0
2 2 0 0 0 2 0 0
3 2 1 1 1 3 8 0
5 2 1 2 1 6 7 0
4 2 1 2 2 5 7 0
8 2 2 3 1 12 4 0
6 1 0 2 0 8 0 1
2 2 2 0 3 2 11 0
6 2 1 3 1 8 6 0
9 1 0 2 0 13 0 1
5 2 2 2 2 7 6 0
3 2 2 2 1 3 10 0
9 2 1 2 1 14 2 0
10 2 1 4 0 22 1 0
3 1 0 1 0 2 0 1
4 2 0 3 0 6 0 0
4 2 1 3 1 4 8 0
7 2 1 2 1 10 3 0
####
1 0 0 10 0 24 6 0 22 0
2 0 0 10 0 24 6 0 23 0
2 1 0 10 0 24 6 0 27 0
5 0 0 10 0 24 6 0 18 0
5 1 0 10 0 24 6 0 22 0
5 2 0 10 0 24 6 0 23 0
9 0 0 10 0 24 6 0 19 0
9 1 0 10 0 24 6 0 23 0
9 2 0 10 0 24 6 0 24 0
9 5 0 10 0 24 6 0 19 0
10 8 1 9 0 18 12 0 14 1
11 8 0 9 0 18 7 0 12 0
11 10 0 9 0 18 7 0 8 0
13 8 1 0 0 0 11 0 0 0
13 10 1 0 0 0 11 0 0 0
19 3 1 0 0 0 11 0 0 0
19 8 0 9 0 18 7 0 17 0
19 10 1 9 0 18 12 0 13 1
19 11 0 9 0 18 7 0 11 0
19 13 1 0 0 0 11 0 0 0
23 14 0 8 0 15 4 0 13 0
26 14 2 0 6 0 8 2 0 0
27 16 3 0 9 0 8 2 0 0
28 16 0 7 0 12 4 0 11 0
28 27 3 0 9 0 8 4 0 0
22 15 4 6 12 10 8 3 9 1
18 4 5 0 14 0 8 6 0 0
20 4 5 5 14 7 9 5 7 1
20 18 5 0 14 0 8 5 0 0
29 7 6 4 17 5 8 7 5 1
17 6 7 3 19 3 8 9 3 1
24 21 8 0 21 0 7 14 0 0
####
1 3 0 11 1 0 18
15 20 0 5 1 6 7
2 8 0 11 1 0 19
0 14 6 8 2 0 12
25 12 0 2 1 22 1
20 7 0 5 1 8 6
8 14 0 9 1 1 13
0 24 21 7 8 0 12
16 22 0 5 1 5 7
2 13 0 11 1 0 19
17 24 0 4 1 12 4
0 11 0 11 1 0 12
11 27 3 9 2 1 5
6 25 2 3 2 11 2
23 27 0 6 1 3 10
19 28 3 9 2 2 11
1 23 6 8 2 0 18
2 10 0 11 1 0 19
9 10 0 11 1 0 14
22 4 0 5 1 7 6
1 19 0 11 1 0 18
8 17 13 8 6 1 13
11 12 18 7 9 1 5
8 26 0 9 1 1 13
4 29 0 5 1 8 4
29 6 0 4 1 10 3
9 13 0 11 1 0 14
1 22 12 7 4 0 18
4 6 2 5 2 8 4
14 16 0 6 1 3 8
5 16 9 8 3 0 12
23 28 0 6 1 3 10
5 7 17 7 6 0 12
11 29 11 8 5 1 5
24 25 0 3 1 14 2
17 21 0 4 1 12 4
28 15 0 5 1 4 8
22 18 0 5 1 7 6
10 20 8 9 4 2 7
7 17 0 4 1 10 5
2 15 12 7 4 0 19
19 23 0 9 1 2 11
9 19 0 11 1 0 14
