1 0 4 0 3 0 10 0
1 0 3 0 2 0 6 0
1 0 4 0 5 0 23 0
1 0 2 0 1 0 7 0
2 1 0 0 0 1 0 1
4 1 1 2 1 4 8 0
1 0 4 0 6 0 13 0
1 0 4 0 5 0 30 0
1 0 4 0 5 0 10 0
5 2 1 2 0 7 1 0
8 2 1 2 0 11 1 0
5 2 1 2 0 7 1 0
2 1 2 0 1 1 3 0
5 2 1 3 1 8 7 0
8 2 0 2 0 12 0 0
6 2 1 2 1 8 3 0
2 1 3 0 5 1 25 0
6 2 1 2 2 9 6 0
8 2 1 2 2 12 3 0
3 2 2 1 3 3 17 0
3 2 2 1 1 3 4 0
3 2 1 1 0 3 1 0
2 1 0 0 0 1 0 1
10 2 0 2 0 16 0 0
4 1 0 2 0 4 0 1
4 2 1 2 1 5 5 0
2 1 0 0 0 1 0 1
4 2 2 2 2 5 10 0
6 1 0 2 0 8 0 1
6 1 0 2 0 8 0 1
4 1 0 2 0 4 0 1
4 2 1 2 1 5 2 0
2 1 1 0 1 1 3 0
5 2 1 2 1 7 4 0
9 2 0 3 0 14 0 0
10 2 0 2 0 15 0 0
3 2 1 1 1 3 9 0
7 2 2 2 1 10 5 0
7 2 1 3 1 10 2 0
9 2 2 2 0 14 2 0
####
1 0 0 9 0 31 9 0 2 0
2 0 0 9 0 31 9 0 11 0
2 1 0 9 0 31 9 0 9 0
3 0 0 8 0 29 9 0 9 0
3 1 0 8 0 29 9 0 6 0
3 2 0 8 0 29 9 0 11 0
6 0 0 9 0 31 9 0 8 0
6 1 0 9 0 31 9 0 6 0
6 2 0 9 0 31 9 0 15 0
7 0 0 9 0 31 9 0 12 0
7 1 0 9 0 31 9 0 10 0
7 2 0 9 0 31 9 0 19 0
7 3 0 8 0 29 9 0 13 0
7 6 0 9 0 31 9 0 16 0
8 0 0 9 0 31 9 0 3 0
8 1 0 9 0 31 9 0 1 0
8 2 0 9 0 31 9 0 10 0
8 6 0 9 0 31 9 0 7 0
8 7 0 9 0 31 9 0 11 0
16 12 0 7 0 23 8 0 6 0
22 16 1 0 0 0 13 0 0 0
32 12 0 7 0 23 8 0 2 0
32 16 1 7 0 23 15 0 8 1
32 22 1 0 0 0 13 0 0 0
20 19 2 0 6 0 11 2 0 0
21 19 2 0 6 0 11 1 0 0
21 20 2 0 6 0 11 1 0 0
36 19 2 7 6 21 13 0 12 1
36 20 2 0 6 0 11 2 0 0
36 21 2 0 6 0 11 1 0 0
24 5 3 0 10 0 13 4 0 0
25 24 3 0 10 0 13 4 0 0
25 5 3 0 10 0 13 2 0 0
27 24 3 0 10 0 13 4 0 0
27 25 3 0 10 0 13 2 0 0
27 5 3 6 10 15 15 2 10 1
30 24 3 0 10 0 13 3 0 0
30 25 3 0 10 0 13 3 0 0
30 27 3 0 10 0 13 3 0 0
30 5 3 0 10 0 13 3 0 0
31 24 3 0 10 0 13 4 0 0
31 25 3 0 10 0 13 1 0 0
31 27 3 0 10 0 13 1 0 0
31 30 3 0 10 0 13 3 0 0
31 5 3 0 10 0 13 1 0 0
11 9 4 0 16 0 11 3 0 0
33 11 4 0 16 0 11 4 0 0
33 9 4 0 16 0 11 3 0 0
33 13 4 0 16 0 11 6 0 0
13 11 4 0 16 0 11 6 0 0
13 9 4 0 16 0 11 5 0 0
29 28 5 0 20 0 11 5 0 0
29 15 5 0 20 0 11 6 0 0
29 17 5 0 20 0 11 8 0 0
28 15 5 0 20 0 11 5 0 0
28 17 5 0 20 0 11 7 0 0
17 15 5 0 20 0 11 8 0 0
38 37 6 0 24 0 9 10 0 0
14 10 7 0 26 0 10 12 0 0
18 14 7 0 26 0 10 14 0 0
18 10 7 0 26 0 10 3 0 0
39 34 8 0 29 0 9 5 0 0
35 23 9 0 31 0 9 4 0 0
####
6 9 16 11 4 0 13
7 21 6 11 2 0 30
3 25 10 13 3 0 7
8 35 31 9 9 0 10
31 9 0 10 1 5 2
5 13 0 10 1 4 8
37 14 0 5 1 10 5
13 17 0 8 1 8 7
7 16 0 13 1 0 30
27 11 0 10 1 5 10
0 10 26 10 7 0 10
6 17 20 11 5 0 13
10 34 0 5 1 11 1
17 37 0 6 1 9 6
2 19 6 11 2 0 23
16 36 0 10 1 1 25
1 14 26 10 7 0 6
9 28 0 8 1 7 1
8 20 6 11 2 0 10
33 15 0 8 1 7 4
32 38 18 8 5 1 3
19 25 0 10 1 3 17
2 15 20 11 5 0 23
6 37 24 9 6 0 13
12 21 0 10 1 1 3
0 33 16 11 4 0 10
12 34 23 8 7 1 3
39 35 0 4 1 14 2
7 32 0 13 1 0 30
1 23 31 9 9 0 6
2 31 10 13 3 0 23
20 31 0 10 1 3 4
38 10 0 5 1 10 2
37 18 0 5 1 10 5
0 18 26 10 7 0 10
8 11 16 11 4 0 10
27 13 0 10 1 5 10
21 30 0 10 1 3 1
18 39 0 5 1 12 3
15 38 0 6 1 8 3
16 19 0 10 1 1 25
7 22 0 13 1 0 30
2 36 6 11 2 0 23
39 23 0 4 1 14 2
0 26 0 13 1 0 10
1 12 0 13 1 0 6
20 24 0 10 1 3 4
36 5 0 10 1 3 9
19 27 0 10 1 3 17
11 29 0 8 1 7 1
25 33 0 10 1 5 5
8 39 29 9 8 0 10
16 20 0 10 1 1 25
6 27 10 13 3 0 13
3 4 0 13 1 0 7
