1 0 2 0 2 0 10 0
1 0 2 0 2 0 10 0
1 0 3 0 3 0 8 0
1 0 3 0 3 0 9 0
1 0 3 0 1 0 5 0
1 0 2 0 2 0 9 0
4 2 1 2 1 6 4 0
2 1 0 0 0 1 0 1
2 1 2 0 1 1 6 0
1 0 2 0 2 0 9 0
6 2 1 2 1 13 2 0
4 2 1 2 1 5 2 0
2 1 1 0 1 1 4 0
7 2 1 2 0 14 1 0
3 2 1 1 1 3 4 0
5 2 1 2 0 7 1 0
2 2 1 0 1 2 6 0
3 1 0 2 0 3 0 1
5 2 1 4 1 11 3 0
3 2 1 2 1 4 5 0
8 1 0 2 0 15 0 1
3 2 0 1 0 2 0 0
6 2 0 2 0 9 0 0
2 2 1 0 0 2 1 0
3 2 1 1 1 3 3 0
####
1 0 0 7 0 17 8 0 10 0
2 0 0 7 0 17 8 0 11 0
2 1 0 7 0 17 8 0 9 0
3 0 0 7 0 17 8 0 11 0
3 1 0 7 0 17 8 0 9 0
3 2 0 7 0 17 8 0 10 0
4 0 0 7 0 17 8 0 8 0
4 1 0 7 0 17 8 0 6 0
4 2 0 7 0 17 8 0 7 0
4 3 0 7 0 17 8 0 7 0
5 0 0 7 0 17 8 0 10 0
5 1 0 7 0 17 8 0 8 0
5 2 0 7 0 17 8 0 9 0
5 3 0 7 0 17 8 0 9 0
5 4 0 7 0 17 8 0 6 0
9 0 0 7 0 17 8 0 12 0
9 1 0 7 0 17 8 0 10 0
9 2 0 7 0 17 8 0 11 0
9 3 0 7 0 17 8 0 11 0
9 4 0 7 0 17 8 0 8 0
9 5 0 7 0 17 8 0 10 0
16 8 0 6 0 12 6 0 9 0
23 8 1 0 0 0 12 0 0 0
23 16 1 0 0 0 12 0 0 0
19 14 0 5 0 7 6 0 7 0
19 17 2 0 5 0 12 2 0 0
21 14 2 0 5 0 12 2 0 0
21 17 2 0 5 0 12 2 0 0
17 14 2 0 5 0 12 2 0 0
24 14 2 0 5 0 12 0 0 0
11 6 3 0 10 0 9 2 0 0
18 15 4 0 12 0 9 4 0 0
22 10 5 0 14 0 9 6 0 0
####
4 7 0 12 1 0 5
3 21 5 12 2 0 9
0 16 0 12 1 0 10
1 6 10 9 3 0 10
4 22 14 9 5 0 5
8 14 0 10 1 1 6
2 19 5 12 2 0 8
23 17 0 10 1 2 1
14 18 2 7 2 3 4
12 24 0 10 1 1 4
2 13 16 8 6 0 8
0 11 10 9 3 0 10
13 20 0 2 1 14 1
4 10 14 9 5 0 5
15 22 0 4 1 7 1
6 18 0 4 1 6 4
19 6 0 7 1 4 5
3 23 0 12 1 0 9
10 13 0 3 1 13 2
8 21 0 10 1 1 6
5 24 5 12 2 0 9
9 16 0 12 1 0 9
16 19 0 10 1 2 6
24 11 0 7 1 3 3
18 10 0 4 1 11 3
1 12 0 12 1 0 10
9 23 0 12 1 0 9
3 8 0 12 1 0 9
5 14 5 12 2 0 9
2 15 12 9 4 0 8
11 15 0 4 1 5 2
