1 0 3 0 4 0 12 0
1 0 4 0 5 0 13 0
1 0 3 0 2 0 12 0
6 2 1 2 0 9 1 0
1 0 3 0 3 0 6 0
2 1 0 0 0 1 0 1
1 0 2 0 3 0 12 0
1 0 2 0 2 0 6 0
7 2 1 2 0 10 1 0
1 0 3 0 2 0 8 0
6 2 1 2 0 8 1 0
1 0 1 0 2 0 3 0
4 2 1 2 1 5 3 0
1 0 4 0 5 0 23 0
2 1 1 0 1 1 3 0
1 0 3 0 4 0 18 0
2 1 2 0 0 1 2 0
6 2 1 2 1 9 2 0
2 2 2 0 2 2 10 0
7 2 1 2 0 11 1 0
4 2 0 3 0 7 0 0
2 2 1 0 2 2 3 0
3 2 0 1 0 3 0 0
5 2 1 2 0 8 1 0
2 1 3 0 2 1 13 0
4 2 0 2 0 5 0 0
4 2 1 2 2 5 6 0
3 2 1 2 1 4 5 0
2 1 0 0 0 1 0 1
7 1 0 2 0 9 0 1
4 2 1 2 1 5 4 0
3 2 2 2 0 4 2 0
6 1 0 2 0 9 0 1
5 2 2 2 2 7 5 0
3 1 0 1 0 2 0 1
5 2 1 2 1 7 3 0
6 2 1 2 1 9 2 0
5 2 1 2 1 7 2 0
3 2 1 2 1 4 3 0
7 2 0 3 0 10 0 0
8 1 0 2 0 11 0 1
3 2 2 1 2 3 11 0
8 1 0 2 0 12 0 1
4 2 1 3 1 7 2 0
####
1 0 0 7 0 32 12 0 11 0
2 0 0 7 0 32 12 0 7 0
2 1 0 6 0 28 14 0 4 0
4 0 0 7 0 32 12 0 4 0
4 2 0 7 0 32 12 0 5 0
6 0 0 7 0 32 12 0 8 0
6 1 0 6 0 28 14 0 5 0
6 2 0 7 0 32 12 0 9 0
6 4 0 7 0 32 12 0 6 0
7 0 0 7 0 32 12 0 5 0
7 1 0 7 0 32 12 0 8 0
7 2 0 7 0 32 12 0 6 0
7 4 0 7 0 32 12 0 3 0
7 6 0 7 0 32 12 0 7 0
9 1 0 5 0 23 15 0 7 0
9 4 0 3 0 13 16 0 3 0
11 4 0 3 0 13 16 0 2 0
11 9 0 3 0 13 16 0 3 0
13 0 0 7 0 32 12 0 9 0
13 1 0 7 0 32 12 0 9 0
13 2 0 7 0 32 12 0 10 0
13 4 0 7 0 32 12 0 7 0
13 6 0 7 0 32 12 0 11 0
13 7 0 7 0 32 12 0 8 0
13 9 0 5 0 23 15 0 6 0
15 0 0 7 0 32 12 0 11 0
15 1 0 7 0 32 12 0 12 0
15 2 0 6 0 28 14 0 5 0
15 4 0 3 0 13 16 0 3 0
15 6 0 6 0 28 14 0 6 0
15 7 0 7 0 32 12 0 8 0
15 9 0 5 0 23 15 0 7 0
15 11 0 3 0 13 16 0 3 0
15 13 0 7 0 32 12 0 9 0
18 14 0 4 0 16 12 0 5 0
21 14 1 0 0 0 17 0 0 0
21 16 0 2 0 6 13 0 1 0
21 18 1 0 0 0 17 0 0 0
28 16 1 0 0 0 17 0 0 0
31 27 2 0 7 0 16 2 0 0
34 22 2 0 7 0 16 1 0 0
38 22 2 0 7 0 16 0 0 0
38 27 2 0 7 0 16 2 0 0
38 31 2 0 7 0 16 2 0 0
38 34 2 0 7 0 16 1 0 0
41 22 2 0 7 0 16 1 0 0
41 34 2 0 7 0 16 2 0 0
41 38 2 0 7 0 16 1 0 0
30 20 3 0 13 0 16 4 0 0
30 25 3 0 13 0 16 4 0 0
25 20 3 0 13 0 16 4 0 0
26 12 3 0 13 0 16 0 0 0
43 30 3 0 13 0 16 4 0 0
43 20 3 0 13 0 16 3 0 0
43 25 3 0 13 0 16 3 0 0
43 12 3 0 13 0 16 3 0 0
43 26 3 0 13 0 16 3 0 0
35 33 4 0 19 0 14 2 0 0
35 23 4 0 19 0 14 6 0 0
33 23 4 0 19 0 14 5 0 0
37 35 4 0 19 0 14 3 0 0
37 33 4 0 19 0 14 2 0 0
37 23 4 0 19 0 14 5 0 0
36 3 5 0 23 0 15 4 0 0
36 17 5 0 23 0 15 4 0 0
36 10 5 0 23 0 15 5 0 0
36 32 5 0 23 0 15 8 0 0
17 3 5 0 23 0 15 2 0 0
17 10 5 0 23 0 15 4 0 0
10 3 5 0 23 0 15 4 0 0
32 3 5 0 23 0 15 4 0 0
32 17 5 0 23 0 15 7 0 0
32 10 5 0 23 0 15 7 0 0
19 8 6 0 28 0 14 6 0 0
29 8 6 0 28 0 14 7 0 0
29 19 6 0 28 0 14 6 0 0
39 8 6 0 28 0 14 6 0 0
39 19 6 0 28 0 14 4 0 0
39 29 6 0 28 0 14 6 0 0
42 40 7 0 32 0 12 8 0 0
####
13 22 7 16 2 0 23
24 41 0 13 1 1 13
0 27 7 16 2 0 12
1 3 23 15 5 0 13
37 10 0 9 1 7 2
38 43 0 12 1 4 3
8 40 0 6 1 10 1
23 32 0 9 1 8 1
2 12 13 16 3 0 12
2 5 0 17 1 0 12
9 25 13 16 3 0 8
41 12 0 12 1 3 11
2 26 13 16 3 0 12
41 26 0 12 1 3 11
33 3 0 9 1 7 5
4 19 28 14 6 0 6
36 8 0 9 1 9 2
11 31 7 16 2 0 3
9 21 0 17 1 0 8
6 10 23 15 5 0 12
18 27 0 13 1 2 10
33 17 0 9 1 7 5
12 37 0 10 1 5 3
16 22 0 13 1 1 2
43 23 0 10 1 7 2
21 31 0 13 1 2 3
18 38 0 13 1 2 10
24 34 0 13 1 1 13
15 18 0 17 1 0 18
31 25 0 12 1 4 2
35 36 0 9 1 7 3
0 33 19 14 4 0 12
14 43 6 13 2 1 3
17 19 0 9 1 9 2
9 14 0 17 1 0 8
4 28 0 17 1 0 6
24 39 21 11 5 1 13
1 23 19 14 4 0 13
13 35 19 14 4 0 23
13 24 0 17 1 0 23
26 33 0 10 1 5 6
4 16 0 17 1 0 6
7 36 23 15 5 0 6
0 30 13 16 3 0 12
19 42 0 6 1 11 1
16 20 6 13 2 1 2
6 41 7 16 2 0 12
30 35 0 10 1 5 4
15 21 0 17 1 0 18
1 18 0 17 1 0 13
13 38 7 16 2 0 23
1 8 28 14 6 0 13
27 30 0 12 1 4 5
7 17 23 15 5 0 6
31 20 0 12 1 4 2
3 39 0 9 1 9 1
10 29 0 9 1 8 1
15 37 19 14 4 0 18
