1 0 2 0 5 0 16 0
1 0 3 0 2 0 6 0
1 0 3 0 3 0 20 0
1 0 3 0 1 0 4 0
1 0 4 0 6 0 12 0
9 2 1 2 0 18 1 0
1 0 3 0 4 0 9 0
2 1 2 0 1 1 7 0
2 1 3 0 2 1 15 0
5 2 1 2 1 7 2 0
4 2 1 2 1 4 5 0
3 1 0 1 0 2 0 1
2 1 0 0 0 1 0 1
2 1 2 0 4 1 19 0
3 2 2 2 3 4 13 0
5 2 1 3 1 8 5 0
5 2 1 2 1 5 4 0
4 2 1 2 2 6 4 0
10 1 0 2 0 19 0 1
6 2 1 2 1 7 3 0
2 1 0 0 0 1 0 1
6 2 1 2 1 9 4 0
4 2 0 2 0 4 0 0
5 2 2 2 1 8 3 0
7 2 1 2 1 10 3 0
6 2 0 3 0 9 0 0
3 2 2 1 1 3 7 0
6 2 1 4 0 11 1 0
4 2 2 2 2 5 9 0
7 2 0 2 0 12 0 0
8 2 1 4 1 16 2 0
3 1 0 1 0 2 0 1
####
1 0 0 6 0 21 8 0 11 0
2 0 0 9 0 25 7 0 20 0
2 1 0 6 0 21 8 0 11 0
3 0 0 9 0 25 7 0 9 0
3 2 0 9 0 25 7 0 13 0
4 0 0 9 0 25 7 0 14 0
4 1 0 6 0 21 8 0 6 0
4 2 0 9 0 25 7 0 18 0
4 3 0 9 0 25 7 0 7 0
6 0 0 9 0 25 7 0 15 0
6 2 0 9 0 25 7 0 19 0
6 3 0 9 0 25 7 0 8 0
6 4 0 9 0 25 7 0 13 0
8 7 0 8 0 20 6 0 12 0
13 7 0 8 0 20 6 0 16 0
13 8 0 8 0 20 6 0 18 0
20 12 1 0 0 0 11 0 0 0
26 14 2 7 5 16 11 2 11 1
31 14 2 0 5 0 10 2 0 0
17 10 3 0 9 0 10 4 0 0
22 17 3 0 9 0 10 4 0 0
22 10 3 0 9 0 10 4 0 0
28 17 3 3 9 8 12 4 4 1
28 10 3 6 9 12 11 4 9 1
28 22 3 0 9 0 10 4 0 0
23 16 4 0 13 0 10 6 0 0
23 9 4 2 13 4 12 6 2 1
23 15 4 0 13 0 10 6 0 0
16 9 4 0 13 0 10 6 0 0
16 15 4 5 13 8 11 6 7 1
15 9 4 0 13 0 10 6 0 0
25 19 5 0 17 0 10 8 0 0
25 21 5 0 17 0 10 8 0 0
21 19 5 4 17 4 11 8 5 1
27 25 5 0 17 0 10 10 0 0
27 19 5 0 17 0 10 10 0 0
27 21 5 0 17 0 10 10 0 0
29 24 6 0 21 0 8 12 0 0
####
24 30 0 3 1 10 3
14 17 0 8 1 4 13
13 26 0 9 1 1 19
1 17 9 10 3 0 6
6 21 17 10 5 0 9
2 22 9 10 3 0 20
7 11 0 9 1 1 7
1 29 21 8 6 0 6
27 29 0 6 1 11 1
0 28 9 10 3 0 16
8 14 0 9 1 1 15
6 7 0 11 1 0 9
7 15 8 9 3 1 7
5 18 0 2 1 18 1
28 9 0 8 1 5 9
3 20 0 11 1 0 4
2 13 0 11 1 0 20
4 23 13 10 4 0 12
30 5 0 2 1 16 2
17 23 0 8 1 6 4
23 25 0 8 1 8 3
8 25 12 9 4 1 15
4 10 9 10 3 0 12
14 28 0 8 1 4 13
4 16 13 10 4 0 12
1 9 13 10 4 0 6
2 24 21 8 6 0 20
16 19 0 8 1 5 4
0 8 0 11 1 0 16
3 5 24 7 8 0 4
6 19 17 10 5 0 9
9 27 0 8 1 7 2
3 12 0 11 1 0 4
13 14 0 9 1 1 19
10 16 0 8 1 4 5
15 21 0 8 1 8 5
26 22 0 8 1 3 7
8 31 0 9 1 1 15
4 26 5 10 2 0 12
28 15 0 8 1 5 9
19 30 2 5 2 7 3
26 10 0 8 1 3 7
23 27 0 8 1 8 3
21 24 0 6 1 9 4
