1 0 3 0 1 0 21 0
1 0 4 0 5 0 19 0
1 0 3 0 5 0 24 0
14 2 1 2 1 19 6 0
1 0 2 0 3 0 17 0
1 0 2 0 2 0 12 0
1 0 1 0 2 0 13 0
7 2 1 2 2 10 16 0
1 0 3 0 4 0 22 0
2 1 3 0 3 1 23 0
4 2 1 2 1 5 19 0
11 2 1 2 0 16 1 0
8 1 2 2 1 11 15 0
11 2 1 2 1 16 10 0
18 2 0 4 0 24 0 0
9 2 1 1 2 12 13 0
15 2 1 3 2 20 5 0
12 2 1 2 2 17 9 0
9 1 0 1 0 12 0 1
16 2 2 2 2 21 4 0
17 2 1 2 0 22 1 0
10 2 2 2 2 14 12 0
17 2 1 2 0 22 1 0
13 2 2 2 1 18 8 0
3 2 2 1 1 3 21 0
5 2 1 2 1 7 18 0
6 2 1 2 1 8 17 0
4 1 0 2 0 4 0 1
3 2 0 1 0 3 0 0
14 1 0 2 0 19 0 1
18 2 0 2 0 23 0 0
####
1 0 0 17 0 22 9 0 27 0
2 0 0 17 0 22 9 0 30 0
2 1 0 17 0 22 9 0 29 0
4 0 0 17 0 22 9 0 25 0
4 1 0 17 0 22 9 0 24 0
4 2 0 17 0 22 9 0 27 0
5 0 0 17 0 22 9 0 21 0
5 1 0 17 0 22 9 0 20 0
5 2 0 17 0 22 9 0 23 0
5 4 0 17 0 22 9 0 18 0
6 0 0 17 0 22 9 0 22 0
6 1 0 17 0 22 9 0 21 0
6 2 0 17 0 22 9 0 24 0
6 4 0 17 0 22 9 0 19 0
6 5 0 17 0 22 9 0 15 0
8 0 0 17 0 22 9 0 29 0
8 1 0 17 0 22 9 0 28 0
8 2 0 17 0 22 9 0 31 0
8 4 0 17 0 22 9 0 26 0
8 5 0 17 0 22 9 0 22 0
8 6 0 17 0 22 9 0 23 0
28 24 2 0 1 0 9 2 0 0
27 10 3 0 3 0 9 2 0 0
18 15 8 0 9 0 9 10 0 0
13 11 10 7 12 8 11 14 6 1
29 3 13 0 16 0 9 20 0 0
22 20 16 0 20 0 9 26 0 0
30 14 17 0 22 0 9 29 0 0
####
4 7 7 8 6 0 17
1 3 16 9 13 0 19
7 12 0 2 1 10 16
5 13 12 9 10 0 12
6 21 11 8 9 0 13
1 15 9 9 8 0 19
23 3 0 3 1 18 8
13 17 0 3 1 16 10
2 22 20 9 16 0 24
0 10 3 9 3 0 21
11 14 8 4 7 16 1
19 22 0 3 1 21 4
21 13 0 3 1 14 12
0 28 1 9 2 0 21
8 24 1 9 2 0 22
1 25 5 8 4 0 19
2 9 0 8 1 0 24
4 19 19 8 15 0 17
24 27 0 4 1 3 21
20 30 0 4 1 22 1
9 28 0 3 1 1 23
8 20 20 9 16 0 22
22 14 0 4 1 22 1
25 26 0 2 1 7 18
17 23 0 2 1 17 9
3 16 0 3 1 19 6
26 7 0 2 1 8 17
9 24 0 3 1 1 23
24 10 0 4 1 3 21
5 11 12 9 10 0 12
1 23 15 8 12 0 19
23 29 0 3 1 18 8
12 18 0 3 1 11 15
9 16 17 2 13 1 23
21 11 0 3 1 14 12
0 30 22 9 17 0 21
16 19 0 2 1 20 5
19 20 0 3 1 21 4
8 26 6 8 5 0 22
2 17 14 8 11 0 24
12 15 0 3 1 11 15
15 21 0 3 1 12 13
10 25 0 3 1 5 19
