1 0 2 0 2 0 5 0
1 0 4 0 4 0 12 0
1 0 4 0 6 0 18 0
1 0 2 0 1 0 3 0
1 0 2 0 3 0 12 0
4 2 1 2 1 4 6 0
5 2 1 4 1 9 5 0
2 1 3 0 4 1 15 0
3 2 2 1 1 3 8 0
3 2 1 1 1 3 2 0
8 2 1 2 1 13 2 0
2 1 3 0 3 1 10 0
4 2 1 2 0 5 1 0
10 1 0 2 0 16 0 1
4 1 0 2 0 4 0 1
6 2 1 3 1 10 4 0
5 2 0 2 0 6 0 0
5 2 0 2 0 7 0 0
3 2 1 1 1 3 2 0
7 2 1 2 1 11 3 0
4 2 1 2 1 4 6 0
3 2 1 1 1 3 7 0
4 2 1 2 0 5 1 0
9 2 1 2 0 15 1 0
####
1 0 0 9 0 18 6 0 10 0
2 0 0 9 0 18 6 0 12 0
2 1 0 9 0 18 6 0 18 0
3 0 0 9 0 18 6 0 3 0
3 1 0 9 0 18 6 0 9 0
3 2 0 9 0 18 6 0 11 0
4 0 0 9 0 18 6 0 9 0
4 1 0 9 0 18 6 0 15 0
4 2 0 9 0 18 6 0 17 0
4 3 0 9 0 18 6 0 8 0
11 7 0 8 0 16 3 0 14 0
9 8 2 0 2 0 9 2 0 0
18 8 2 0 2 0 9 2 0 0
18 9 2 0 2 0 9 2 0 0
21 8 2 7 2 12 10 1 12 1
21 9 2 0 2 0 9 1 0 0
21 18 2 0 2 0 9 1 0 0
12 5 3 0 6 0 10 3 0 0
14 12 3 0 6 0 10 4 0 0
14 5 3 0 6 0 10 3 0 0
20 12 3 0 6 0 10 4 0 0
20 14 3 0 6 0 10 4 0 0
20 5 3 6 6 7 11 3 10 1
22 12 3 0 6 0 10 4 0 0
22 14 3 0 6 0 10 4 0 0
22 20 3 0 6 0 10 4 0 0
22 5 3 0 6 0 10 4 0 0
17 6 4 0 11 0 8 8 0 0
17 16 4 0 11 0 8 6 0 0
16 6 4 0 11 0 8 6 0 0
####
18 22 0 9 1 3 2
4 8 2 9 2 0 12
5 6 0 8 1 4 6
0 10 16 6 7 0 5
15 19 0 2 1 10 4
3 17 11 8 4 0 3
1 11 0 7 1 0 12
8 14 0 9 1 3 8
2 19 15 6 6 0 18
4 9 2 9 2 0 12
1 16 11 8 4 0 12
22 16 0 8 1 5 1
11 22 4 7 2 1 10
8 20 0 9 1 3 8
1 5 6 10 3 0 12
12 17 0 8 1 5 1
21 5 0 9 1 3 7
19 10 0 2 1 11 3
6 15 0 4 1 9 5
3 23 17 6 8 0 3
2 20 6 10 3 0 18
7 18 0 6 1 1 15
0 12 6 10 3 0 5
11 21 0 6 1 1 10
10 23 0 2 1 13 2
7 9 0 6 1 1 15
2 7 0 7 1 0 18
2 21 2 9 2 0 18
1 18 2 9 2 0 12
20 6 0 8 1 4 6
11 15 12 3 4 1 10
23 13 0 2 1 15 1
7 8 0 6 1 1 15
9 12 0 9 1 3 2
