1 0 3 0 3 0 7 0
1 0 2 0 2 0 10 0
1 0 3 0 2 0 19 0
1 0 2 0 2 0 17 0
1 0 3 0 3 0 17 0
1 0 3 0 4 0 13 0
1 0 3 0 4 0 14 0
2 1 2 0 0 1 2 0
14 2 1 2 1 20 2 0
8 2 1 2 1 11 8 0
3 1 0 1 0 2 0 1
9 2 1 2 1 13 7 0
2 1 1 0 1 1 17 0
2 1 1 0 0 1 1 0
16 1 0 2 0 22 0 1
5 2 1 2 2 7 13 0
3 2 0 1 0 3 0 0
8 2 0 3 0 13 0 0
12 2 1 2 1 16 4 0
6 2 2 2 3 9 12 0
3 2 1 1 2 3 16 0
5 2 0 2 0 7 0 0
2 1 0 0 0 1 0 1
10 2 1 2 1 14 6 0
7 2 2 2 1 10 5 0
13 2 1 4 1 18 3 0
15 2 1 2 0 21 1 0
4 2 2 2 1 5 15 0
11 2 1 2 1 15 5 0
7 2 1 2 1 10 9 0
####
1 0 0 15 0 22 8 0 9 0
2 0 0 15 0 22 8 0 17 0
2 1 0 15 0 22 8 0 22 0
3 0 0 15 0 22 8 0 15 0
3 1 0 15 0 22 8 0 20 0
3 2 0 15 0 22 8 0 28 0
4 0 0 15 0 22 8 0 16 0
4 1 0 15 0 22 8 0 21 0
4 2 0 15 0 22 8 0 29 0
4 3 0 15 0 22 8 0 27 0
5 0 0 15 0 22 8 0 13 0
5 1 0 15 0 22 8 0 18 0
5 2 0 15 0 22 8 0 26 0
5 3 0 15 0 22 8 0 24 0
5 4 0 15 0 22 8 0 25 0
6 0 0 15 0 22 8 0 14 0
6 1 0 15 0 22 8 0 19 0
6 2 0 15 0 22 8 0 27 0
6 3 0 15 0 22 8 0 25 0
6 4 0 15 0 22 8 0 26 0
6 5 0 15 0 22 8 0 23 0
12 7 0 6 0 9 6 0 5 0
22 12 1 0 0 0 11 0 0 0
21 15 4 0 8 0 9 6 0 0
29 24 6 9 11 9 10 10 11 1
17 9 7 0 13 0 9 12 0 0
####
28 18 0 2 1 15 5
26 14 0 2 1 21 1
27 21 0 3 1 5 15
24 17 0 4 1 10 5
27 15 0 3 1 5 15
29 9 0 4 1 10 9
0 7 0 11 1 0 7
5 19 10 8 5 0 13
11 23 0 2 1 13 7
2 22 0 11 1 0 19
6 24 11 9 6 0 14
2 12 0 11 1 0 19
15 19 0 3 1 7 13
25 8 0 2 1 18 3
1 11 15 8 8 0 10
12 20 0 7 1 1 17
4 9 13 9 7 0 17
0 21 8 9 4 0 7
19 29 0 3 1 9 12
5 18 18 8 11 0 13
13 16 0 7 1 1 1
2 23 16 8 9 0 19
9 11 0 3 1 11 8
7 10 0 7 1 1 2
3 16 4 10 2 0 17
6 15 8 9 4 0 14
3 27 7 8 3 0 17
20 27 0 4 1 3 16
1 13 0 11 1 0 10
19 24 0 3 1 9 12
5 28 17 8 10 0 13
6 26 21 8 14 0 14
0 8 20 8 13 0 7
4 20 4 10 2 0 17
8 26 0 2 1 20 2
4 29 11 9 6 0 17
18 25 0 2 1 16 4
23 28 0 2 1 14 6
24 25 6 3 6 10 5
7 17 9 6 6 1 2
