1 0 4 0 5 0 19 0
1 0 3 0 5 0 16 0
1 0 2 0 5 0 16 0
1 0 2 0 1 0 14 0
1 0 1 0 3 0 15 0
1 0 2 0 1 0 11 0
9 2 1 2 1 15 7 0
2 1 3 0 2 1 15 0
2 1 3 0 2 1 14 0
10 2 1 4 2 16 6 0
3 2 0 1 0 3 0 0
13 2 1 2 1 20 2 0
7 2 1 2 2 13 9 0
5 2 1 2 2 8 12 0
2 1 0 0 0 1 0 1
2 1 3 0 2 1 18 0
3 1 0 1 0 2 0 1
3 2 2 1 2 3 15 0
3 1 0 1 0 2 0 1
4 2 1 2 1 4 4 0
15 1 0 2 0 22 0 1
8 2 2 2 2 14 8 0
12 1 0 2 0 18 0 1
3 2 0 2 0 4 0 0
4 2 1 3 1 6 13 0
11 2 2 2 1 17 5 0
14 2 1 3 0 21 1 0
12 2 1 4 1 19 3 0
6 2 2 3 1 11 11 0
7 2 0 2 0 12 0 0
####
1 0 0 14 0 23 7 0 27 0
2 0 0 14 0 23 7 0 26 0
2 1 0 14 0 23 7 0 25 0
3 0 0 14 0 23 7 0 24 0
3 1 0 14 0 23 7 0 23 0
3 2 0 14 0 23 7 0 22 0
4 0 0 14 0 23 7 0 24 0
4 1 0 14 0 23 7 0 23 0
4 2 0 14 0 23 7 0 22 0
4 3 0 14 0 23 7 0 20 0
5 0 0 14 0 23 7 0 22 0
5 1 0 14 0 23 7 0 21 0
5 2 0 14 0 23 7 0 20 0
5 3 0 14 0 23 7 0 18 0
5 4 0 14 0 23 7 0 18 0
8 7 0 13 0 19 5 0 20 0
15 7 0 13 0 19 5 0 24 0
15 8 0 13 0 19 5 0 22 0
17 16 2 0 4 0 11 2 0 0
18 16 2 0 4 0 11 2 0 0
18 17 2 0 4 0 11 2 0 0
23 10 2 0 4 0 11 2 0 0
24 19 3 11 9 12 9 4 13 1
29 12 6 0 13 0 8 10 0 0
27 22 11 0 19 0 8 21 0 0
####
1 21 15 7 7 0 16
6 9 0 2 1 15 7
8 23 0 9 1 1 14
4 8 0 10 1 0 15
28 29 0 3 1 11 11
1 17 4 11 2 0 16
21 9 1 2 2 14 8
25 27 0 3 1 17 5
24 13 0 3 1 6 13
27 11 0 3 1 19 3
8 28 8 5 4 1 14
21 6 0 2 1 14 8
1 11 21 7 12 0 16
28 12 0 3 1 11 11
9 25 0 2 1 16 6
3 14 0 10 1 0 14
26 20 0 2 1 21 1
0 15 0 10 1 0 19
5 12 13 8 6 0 11
7 24 5 6 2 1 15
8 10 0 9 1 1 14
17 24 0 7 1 3 15
15 18 0 9 1 1 18
25 22 0 3 1 17 5
7 23 0 9 1 1 15
0 29 13 8 6 0 19
12 21 0 3 1 13 9
17 19 0 7 1 3 15
3 13 11 7 4 0 14
11 26 0 2 1 20 2
13 28 0 2 1 8 12
15 17 0 9 1 1 18
2 7 0 10 1 0 16
5 10 4 11 2 0 11
7 26 18 5 12 1 15
0 19 9 8 3 0 19
19 27 8 4 8 4 4
0 6 16 7 8 0 19
2 25 18 7 10 0 16
15 16 0 9 1 1 18
