1 0 4 0 4 0 14 0
1 0 2 0 2 0 4 0
1 0 4 0 7 0 16 0
5 2 1 2 1 5 8 0
2 1 1 0 0 1 1 0
2 1 0 0 0 1 0 1
1 0 4 0 4 0 13 0
2 1 2 0 2 1 5 0
4 2 1 2 0 5 1 0
2 1 3 0 5 1 15 0
3 2 2 1 2 2 13 0
1 0 2 0 4 0 7 0
3 1 0 1 0 2 0 1
5 1 0 2 0 6 0 1
9 2 1 2 1 12 3 0
4 2 1 2 2 4 7 0
6 2 1 2 2 6 7 0
3 2 2 1 1 3 2 0
5 2 2 2 1 5 6 0
7 2 2 2 1 8 6 0
8 2 0 2 0 9 0 0
12 2 0 4 0 17 0 0
8 2 1 4 1 11 4 0
3 2 2 1 1 3 3 0
10 2 1 2 1 13 2 0
4 1 0 2 0 4 0 1
3 1 0 1 0 2 0 1
11 2 1 4 0 16 1 0
4 2 1 2 1 4 9 0
6 1 0 2 0 6 0 1
####
1 0 0 4 0 13 8 0 4 0
2 0 0 11 0 24 6 0 18 0
6 0 0 11 0 24 6 0 15 0
6 2 0 11 0 24 6 0 23 0
11 0 0 11 0 24 6 0 7 0
11 1 0 4 0 13 8 0 3 0
11 2 0 11 0 24 6 0 15 0
11 6 0 11 0 24 6 0 12 0
7 5 1 0 0 0 9 0 0 0
17 10 2 9 4 15 11 2 11 1
23 12 2 0 4 0 10 2 0 0
23 17 2 0 4 0 10 0 0 0
25 8 3 0 9 0 9 4 0 0
28 15 3 8 9 11 10 4 12 1
18 3 4 7 13 8 9 6 10 1
29 16 5 0 16 0 7 8 0 0
22 20 7 0 19 0 7 2 0 0
####
18 22 3 5 3 5 6
8 13 0 7 1 5 1
27 21 0 2 1 16 1
7 12 0 9 1 1 5
0 20 19 7 7 0 14
6 28 9 9 3 0 13
2 18 13 8 4 0 16
23 8 0 9 1 3 3
0 7 0 9 1 0 14
10 15 0 9 1 2 13
11 23 4 10 2 0 7
6 24 22 6 9 0 13
19 22 0 3 1 8 6
6 14 21 6 8 0 13
2 9 0 9 1 0 16
24 27 0 2 1 13 2
22 14 0 3 1 11 4
9 17 0 9 1 1 15
15 18 0 7 1 4 7
3 16 0 5 1 5 8
6 15 9 9 3 0 13
7 23 0 9 1 1 5
23 25 0 9 1 3 3
14 24 0 2 1 12 3
1 4 0 9 1 0 4
2 10 4 10 2 0 16
9 10 0 9 1 1 15
28 3 0 7 1 4 9
9 16 12 6 4 1 15
0 5 0 9 1 0 14
2 3 13 8 4 0 16
16 19 0 3 1 6 7
17 27 14 6 8 3 2
19 20 0 3 1 8 6
10 28 0 9 1 2 13
11 17 4 10 2 0 7
0 19 18 6 6 0 14
17 21 15 6 9 3 2
1 8 9 9 3 0 4
4 26 0 9 1 1 1
18 29 0 5 1 5 6
