1 0 4 0 2 0 12 0
1 0 2 0 3 0 14 0
1 0 4 0 3 0 8 0
1 0 4 0 5 0 16 0
1 0 2 0 2 0 11 0
3 2 1 1 1 3 9 0
2 1 0 0 0 1 0 1
2 1 3 0 3 1 15 0
2 1 0 0 0 1 0 1
3 1 0 1 0 2 0 1
8 2 1 2 2 12 6 0
4 2 1 2 1 4 10 0
5 2 1 2 1 6 9 0
9 2 2 2 2 14 5 0
6 2 1 3 1 10 8 0
2 1 1 0 1 1 10 0
10 2 1 2 0 15 1 0
10 2 1 2 1 15 2 0
11 2 1 3 0 16 1 0
11 1 0 2 0 16 0 1
7 2 1 2 1 11 7 0
12 2 0 2 0 17 0 0
5 2 0 2 0 6 0 0
3 2 2 1 2 3 13 0
4 2 1 2 0 4 1 0
####
1 0 0 11 0 19 6 0 17 0
2 0 0 11 0 19 6 0 11 0
2 1 0 11 0 19 6 0 12 0
3 0 0 11 0 19 6 0 18 0
3 1 0 11 0 19 6 0 19 0
3 2 0 11 0 19 6 0 13 0
4 0 0 11 0 19 6 0 16 0
4 1 0 11 0 19 6 0 17 0
4 2 0 11 0 19 6 0 11 0
4 3 0 11 0 19 6 0 18 0
15 7 0 10 0 15 5 0 16 0
23 9 2 0 4 0 8 2 0 0
23 5 0 9 0 12 4 0 14 0
24 11 3 0 7 0 7 2 0 0
22 12 4 0 9 0 7 4 0 0
17 16 9 0 15 0 7 12 0 0
19 18 10 0 17 0 7 14 0 0
####
0 20 12 6 6 0 12
2 8 0 9 1 0 8
3 11 7 7 3 0 16
3 21 19 6 11 0 16
13 17 0 3 1 14 5
2 22 9 7 4 0 8
3 7 0 9 1 0 16
24 22 0 4 1 4 1
15 5 0 7 1 1 10
23 11 0 5 1 3 13
13 16 0 3 1 14 5
2 13 14 6 8 0 8
3 16 15 7 9 0 16
7 23 0 7 1 1 15
4 10 13 6 7 0 11
1 24 7 7 3 0 14
12 14 0 3 1 6 9
1 23 4 8 2 0 14
10 13 0 2 1 12 6
7 18 13 6 9 1 15
0 12 9 7 4 0 12
20 10 0 2 1 11 7
0 5 4 8 2 0 12
14 20 0 2 1 10 8
18 21 0 3 1 16 1
16 19 0 4 1 15 1
11 12 0 4 1 4 10
23 24 0 5 1 3 13
2 17 15 7 9 0 8
7 9 0 7 1 1 15
17 18 0 4 1 15 2
4 15 0 9 1 0 11
5 14 4 4 3 3 9
0 6 0 9 1 0 12
