1 0 3 0 3 0 18 0
1 0 3 0 4 0 14 0
1 0 4 0 7 0 15 0
9 2 1 2 1 14 3 0
1 0 3 0 3 0 12 0
1 0 1 0 1 0 5 0
1 0 2 0 2 0 9 0
2 1 2 0 2 1 8 0
2 1 2 0 2 1 14 0
11 2 1 2 0 20 1 0
6 2 0 3 0 7 0 0
3 2 2 1 4 3 13 0
5 2 1 2 1 6 3 0
2 1 0 0 0 1 0 1
7 2 1 2 1 11 5 0
3 2 2 1 1 2 6 0
4 2 2 2 2 5 10 0
4 2 2 2 1 5 8 0
5 2 1 2 0 6 1 0
4 2 0 2 0 4 0 0
10 2 1 4 1 19 2 0
5 1 0 2 0 6 0 1
8 2 1 2 1 13 4 0
5 2 1 2 1 7 7 0
4 2 1 2 1 4 4 0
3 1 0 1 0 2 0 1
6 2 1 4 1 10 6 0
12 1 0 2 0 21 0 1
####
1 0 0 11 0 21 7 0 23 0
2 0 0 11 0 21 7 0 24 0
2 1 0 11 0 21 7 0 21 0
4 0 0 11 0 21 7 0 21 0
4 1 0 11 0 21 7 0 18 0
4 2 0 11 0 21 7 0 19 0
5 0 0 11 0 21 7 0 17 0
5 1 0 11 0 21 7 0 14 0
5 2 0 11 0 21 7 0 15 0
5 4 0 11 0 21 7 0 12 0
6 0 0 11 0 21 7 0 21 0
6 1 0 11 0 21 7 0 18 0
6 2 0 11 0 21 7 0 19 0
6 4 0 11 0 21 7 0 16 0
6 5 0 11 0 21 7 0 12 0
8 7 0 10 0 18 4 0 15 0
13 8 1 0 0 0 9 0 0 0
15 11 0 9 0 15 4 0 13 0
25 15 2 0 3 0 9 2 0 0
17 16 3 8 6 11 11 4 13 1
19 16 3 0 6 0 10 0 0 0
19 17 3 0 6 0 10 2 0 0
24 16 3 8 6 11 11 2 10 1
24 17 3 8 6 11 11 2 9 1
24 19 3 0 6 0 10 4 0 0
18 12 4 0 10 0 10 4 0 0
21 18 4 0 10 0 10 6 0 0
21 12 4 0 10 0 10 4 0 0
23 18 4 0 10 0 10 6 0 0
23 21 4 0 10 0 10 6 0 0
23 12 4 7 10 7 11 4 8 1
26 10 5 0 14 0 8 9 0 0
####
11 16 0 7 1 3 13
26 14 0 3 1 10 6
1 3 18 7 8 0 14
4 18 10 10 4 0 12
7 25 0 6 1 1 8
23 26 0 6 1 7 7
15 19 0 7 1 2 6
1 11 3 9 2 0 14
14 22 0 2 1 11 5
12 20 5 5 5 6 3
7 15 0 6 1 1 8
2 9 20 7 10 0 15
4 19 6 10 3 0 12
0 24 6 10 3 0 18
3 20 0 2 1 14 3
8 10 11 5 4 1 14
1 14 16 7 6 0 14
20 9 0 2 1 19 2
5 22 17 7 7 0 5
2 15 3 9 2 0 15
16 18 0 8 1 5 10
22 3 0 2 1 13 4
8 11 0 6 1 1 14
16 23 0 8 1 5 10
4 16 6 10 3 0 12
6 23 10 10 4 0 9
6 12 10 10 4 0 9
0 8 0 9 1 0 18
2 17 6 10 3 0 15
18 10 0 6 1 6 1
2 7 0 9 1 0 15
11 17 0 7 1 3 13
15 24 0 7 1 2 6
9 27 0 2 1 20 1
0 13 0 9 1 0 18
17 21 0 8 1 5 8
24 12 0 8 1 4 4
17 26 4 6 2 5 8
