1 0 3 0 4 0 18 0
1 0 4 0 5 0 20 0
9 1 2 2 2 13 4 0
1 0 3 0 3 0 16 0
1 0 3 0 2 0 5 0
1 0 2 0 2 0 14 0
2 1 0 0 0 1 0 1
12 2 1 3 0 17 1 0
6 2 1 2 1 8 4 0
10 2 1 4 2 16 3 0
6 2 1 2 1 8 12 0
1 0 4 0 4 0 22 0
13 2 0 4 0 19 0 0
2 1 2 0 2 1 12 0
10 2 1 2 1 14 3 0
2 2 1 0 2 2 18 0
2 2 2 0 1 2 6 0
11 1 2 2 0 17 2 0
4 2 1 2 2 5 15 0
7 2 1 3 2 11 11 0
8 2 2 2 3 12 10 0
4 2 0 2 0 5 0 0
11 2 1 2 1 16 2 0
2 2 1 0 0 2 1 0
12 1 0 1 0 18 0 1
3 2 2 2 1 3 17 0
2 1 0 0 0 1 0 1
5 2 2 2 2 7 14 0
3 2 0 2 0 3 0 0
12 1 0 1 0 18 0 1
9 2 1 4 1 14 4 0
2 1 0 0 0 1 0 1
####
1 0 0 12 0 25 7 0 20 0
3 0 0 12 0 25 7 0 17 0
3 1 0 12 0 25 7 0 19 0
4 0 0 12 0 25 7 0 12 0
4 1 0 12 0 25 7 0 14 0
4 3 0 12 0 25 7 0 11 0
5 0 0 12 0 25 7 0 16 0
5 1 0 12 0 25 7 0 18 0
5 3 0 12 0 25 7 0 15 0
5 4 0 12 0 25 7 0 10 0
11 0 0 12 0 25 7 0 21 0
11 1 0 12 0 25 7 0 23 0
11 3 0 12 0 25 7 0 20 0
11 4 0 12 0 25 7 0 15 0
11 5 0 12 0 25 7 0 19 0
13 6 1 0 0 0 13 0 0 0
15 13 0 11 0 18 8 0 16 0
16 13 0 10 0 15 10 0 8 0
16 15 1 10 0 15 16 0 13 1
23 13 0 11 0 18 8 0 6 0
23 15 1 11 0 18 14 0 10 1
23 16 1 0 0 0 13 0 0 0
26 23 1 0 0 0 13 0 0 0
31 15 1 0 0 0 13 0 0 0
28 25 2 0 7 0 8 2 0 0
21 18 3 0 9 0 8 4 0 0
10 8 5 6 12 8 11 4 7 1
30 2 8 0 16 0 8 11 0 0
14 9 9 0 18 0 8 14 0 0
22 17 10 0 20 0 8 16 0 0
24 7 11 0 22 0 9 18 0 0
29 7 11 0 22 0 9 18 0 0
29 24 11 0 22 0 9 20 0 0
####
11 16 0 13 1 0 22
7 12 0 4 1 17 1
17 29 0 5 1 17 2
5 6 0 13 1 0 14
11 28 7 8 2 0 22
5 13 0 13 1 0 14
16 28 0 9 1 2 6
3 21 9 8 3 0 16
11 23 0 13 1 0 22
1 15 0 13 1 0 20
0 16 0 13 1 0 18
8 9 4 4 4 8 4
0 10 12 8 5 0 18
4 22 20 8 10 0 5
23 12 18 8 11 2 1
1 20 15 7 7 0 20
14 22 0 4 1 14 3
1 25 7 8 2 0 20
30 9 0 4 1 14 4
18 27 0 3 1 5 15
20 30 0 3 1 12 10
4 23 0 13 1 0 5
27 10 0 3 1 7 14
22 7 0 5 1 16 2
9 17 0 4 1 16 3
17 24 0 5 1 17 2
3 27 11 7 4 0 16
15 25 0 9 1 2 18
25 18 0 4 1 3 17
16 30 9 9 7 2 6
10 19 0 3 1 8 12
0 18 9 8 3 0 18
13 19 7 8 5 1 12
25 21 0 4 1 3 17
2 14 0 4 1 13 4
19 20 0 2 1 11 11
1 31 0 13 1 0 20
2 7 4 5 3 13 4
13 14 11 9 8 1 12
20 2 0 3 1 12 10
3 8 12 8 5 0 16
4 26 0 13 1 0 5
27 8 0 3 1 7 14
11 15 0 13 1 0 22
