1 0 4 0 4 0 21 0
1 0 3 0 2 0 14 0
1 0 4 0 4 0 8 0
2 1 3 0 3 1 18 0
1 0 3 0 3 0 14 0
1 0 3 0 6 0 23 0
1 0 2 0 2 0 9 0
13 2 0 3 0 23 0 0
4 2 1 2 1 5 5 0
4 2 1 3 1 6 12 0
5 2 1 2 2 7 4 0
2 1 3 0 3 1 22 0
8 2 1 2 1 12 8 0
9 2 1 2 2 13 7 0
10 2 2 2 2 15 6 0
3 2 1 1 0 2 1 0
13 1 0 2 0 18 0 1
11 2 1 2 1 16 2 0
6 2 1 3 1 8 10 0
6 2 2 2 1 8 3 0
4 2 0 2 0 4 0 0
7 2 0 2 0 9 0 0
3 2 1 1 1 3 6 0
12 2 1 2 0 17 1 0
5 2 1 2 1 7 11 0
11 2 1 2 1 16 2 0
7 2 1 2 0 10 1 0
3 2 1 1 1 3 13 0
7 2 1 2 1 10 9 0
12 2 1 2 0 17 1 0
####
1 0 0 12 0 22 8 0 16 0
2 0 0 12 0 22 8 0 13 0
2 1 0 12 0 22 8 0 9 0
4 0 0 12 0 22 8 0 20 0
4 1 0 12 0 22 8 0 16 0
4 2 0 12 0 22 8 0 13 0
5 0 0 12 0 22 8 0 21 0
5 1 0 12 0 22 8 0 17 0
5 2 0 12 0 22 8 0 14 0
5 4 0 12 0 22 8 0 21 0
6 0 0 12 0 22 8 0 15 0
6 1 0 12 0 22 8 0 11 0
6 2 0 12 0 22 8 0 8 0
6 4 0 12 0 22 8 0 15 0
6 5 0 12 0 22 8 0 16 0
11 3 0 11 0 20 4 0 19 0
22 15 2 0 2 0 9 2 0 0
27 15 2 0 2 0 9 2 0 0
27 22 2 10 2 17 11 2 13 1
20 8 3 0 5 0 9 2 0 0
20 9 3 0 5 0 9 1 0 0
9 8 3 9 5 14 11 3 11 1
24 10 4 8 8 12 10 5 9 1
19 18 5 7 10 10 10 7 7 1
26 21 6 0 12 0 9 10 0 0
28 21 6 0 12 0 9 9 0 0
28 26 6 6 12 7 11 9 5 1
25 17 10 0 18 0 8 16 0 0
29 23 11 0 20 0 8 18 0 0
16 7 12 0 22 0 8 25 0 0
####
1 21 12 9 6 0 14
14 17 0 3 1 15 6
2 29 20 8 11 0 8
0 20 5 9 3 0 21
15 20 0 6 1 2 1
19 26 0 5 1 8 3
4 27 2 9 2 0 14
5 19 10 8 5 0 23
0 3 0 8 1 0 21
28 12 0 4 1 10 9
2 26 12 9 6 0 8
24 18 0 4 1 7 11
12 13 0 2 1 12 8
8 10 0 5 1 5 5
11 22 0 5 1 1 22
2 23 20 8 11 0 8
11 27 0 5 1 1 22
1 28 12 9 6 0 14
17 23 0 4 1 16 2
4 24 8 8 4 0 14
1 10 8 8 4 0 14
9 24 0 5 1 6 12
26 7 7 5 6 10 1
19 21 0 5 1 8 3
0 22 2 9 2 0 21
25 29 0 4 1 16 2
29 7 0 4 1 17 1
23 16 0 4 1 17 1
5 11 0 8 1 0 23
0 25 18 8 10 0 21
10 19 0 4 1 7 4
3 9 3 5 2 1 18
5 15 2 9 2 0 23
18 28 0 5 1 8 10
6 12 15 7 7 0 9
2 14 17 7 9 0 8
27 9 0 6 1 3 13
13 14 0 2 1 13 7
14 25 0 3 1 15 6
4 17 18 8 10 0 14
3 8 3 5 2 1 18
3 18 8 4 4 1 18
22 8 0 6 1 3 6
6 13 16 7 8 0 9
11 15 0 5 1 1 22
