1 0 3 0 3 0 10 0
1 0 3 0 3 0 6 0
3 2 1 2 1 3 2 0
4 1 1 2 0 4 1 0
1 0 2 0 1 0 10 0
1 0 3 0 1 0 4 0
3 2 1 2 1 3 3 0
7 2 1 2 0 12 1 0
3 2 1 2 2 4 7 0
1 0 2 0 1 0 5 0
1 0 3 0 3 0 12 0
4 1 2 2 2 5 6 0
2 1 0 0 0 1 0 1
1 0 1 0 1 0 4 0
5 2 1 1 1 7 3 0
6 2 0 2 0 9 0 0
2 1 0 0 0 1 0 1
5 1 0 1 0 5 0 1
2 2 1 0 0 2 1 0
2 2 1 0 1 2 8 0
2 2 1 0 1 2 4 0
6 2 1 4 1 10 2 0
8 2 0 3 0 14 0 0
2 2 1 0 1 2 3 0
5 2 1 1 0 7 1 0
####
1 0 0 5 0 14 9 0 4 0
4 0 0 7 0 17 8 0 13 0
4 1 0 5 0 14 9 0 5 0
5 0 0 7 0 17 8 0 9 0
5 4 0 7 0 17 8 0 8 0
9 0 0 7 0 17 8 0 10 0
9 1 0 5 0 14 9 0 1 0
9 4 0 7 0 17 8 0 9 0
9 5 0 7 0 17 8 0 5 0
10 0 0 7 0 17 8 0 16 0
10 1 0 5 0 14 9 0 5 0
10 4 0 7 0 17 8 0 15 0
10 5 0 7 0 17 8 0 11 0
10 9 0 7 0 17 8 0 12 0
13 1 0 4 0 11 10 0 6 0
18 12 1 0 0 0 13 0 0 0
19 16 1 0 0 0 13 0 0 0
19 18 1 6 0 11 14 0 5 1
20 18 1 6 0 11 14 0 3 1
20 19 1 6 0 11 14 0 8 1
8 6 2 5 6 8 11 1 6 1
24 14 4 0 11 0 10 4 0 0
24 17 4 0 11 0 10 3 0 0
21 15 5 0 14 0 9 8 0 0
####
19 8 0 9 1 2 8
18 22 11 7 6 2 1
0 20 0 13 1 0 10
6 21 5 5 3 3 3
11 14 0 5 1 5 6
11 24 0 5 1 5 6
3 17 0 5 1 4 1
1 2 6 10 2 0 6
4 19 0 13 1 0 10
9 15 14 9 5 0 5
5 12 0 13 1 0 4
5 18 0 13 1 0 4
23 2 0 9 1 2 3
10 18 0 13 1 0 12
1 24 11 10 4 0 6
9 14 11 10 4 0 5
1 23 0 13 1 0 6
8 11 0 5 1 4 7
10 19 0 13 1 0 12
24 15 0 5 1 7 1
4 16 0 13 1 0 10
2 3 0 5 1 3 2
7 22 0 2 1 12 1
0 8 6 10 2 0 10
13 23 0 13 1 0 4
5 7 16 8 6 0 4
0 6 6 10 2 0 10
10 20 0 13 1 0 12
14 21 0 5 1 7 3
20 6 0 9 1 2 4
21 7 0 3 1 10 2
