1 0 2 0 2 0 9 0
1 0 3 0 6 0 16 0
1 0 1 0 0 0 1 0
1 0 3 0 3 0 7 0
5 2 1 2 1 6 2 0
1 0 2 0 3 0 9 0
1 0 3 0 3 0 7 0
2 1 3 0 4 1 15 0
5 2 1 2 1 7 4 0
3 2 2 1 2 2 6 0
8 2 1 4 0 15 1 0
2 1 2 0 2 1 8 0
6 2 1 2 1 8 3 0
4 2 1 2 0 5 1 0
4 2 1 2 1 4 3 0
5 1 0 2 0 5 0 1
7 2 1 2 1 10 2 0
5 2 0 4 0 10 0 0
3 2 2 1 2 3 8 0
3 1 0 1 0 2 0 1
3 2 1 1 0 3 1 0
2 1 0 0 0 1 0 1
9 2 0 2 0 16 0 0
4 2 1 2 0 4 1 0
4 2 1 3 1 6 5 0
####
1 0 0 8 0 18 7 0 16 0
3 0 0 8 0 18 7 0 8 0
3 1 0 8 0 18 7 0 12 0
5 0 0 8 0 18 7 0 12 0
5 1 0 8 0 18 7 0 16 0
5 3 0 8 0 18 7 0 8 0
6 0 0 8 0 18 7 0 10 0
6 1 0 8 0 18 7 0 14 0
6 3 0 8 0 18 7 0 6 0
6 5 0 8 0 18 7 0 10 0
11 7 0 7 0 15 4 0 14 0
18 9 2 6 3 11 11 2 8 1
19 9 2 0 3 0 10 2 0 0
19 18 2 0 3 0 10 2 0 0
20 18 0 2 0 4 8 0 1 0
14 13 3 0 7 0 10 4 0 0
23 14 3 0 7 0 10 4 0 0
23 13 3 0 7 0 10 0 0 0
24 14 3 5 7 7 11 4 6 1
24 13 3 0 7 0 10 2 0 0
24 23 3 0 7 0 10 4 0 0
17 4 4 0 11 0 10 6 0 0
17 15 4 0 11 0 10 6 0 0
17 8 4 0 11 0 10 4 0 0
15 4 4 0 11 0 10 6 0 0
15 8 4 0 11 0 10 6 0 0
8 4 4 4 11 3 11 6 4 1
####
24 8 0 8 1 6 5
14 4 0 8 1 4 3
13 17 0 8 1 5 1
12 16 0 2 1 8 3
11 24 4 7 2 1 8
20 17 4 8 2 3 1
6 14 7 10 3 0 7
16 10 0 2 1 10 2
5 12 15 7 5 0 9
7 19 0 7 1 1 15
23 15 0 8 1 4 1
10 22 0 2 1 15 1
4 10 2 5 3 6 2
18 13 0 8 1 3 8
0 22 18 7 8 0 9
9 14 0 8 1 2 6
3 13 7 10 3 0 7
5 11 0 9 1 0 9
18 24 0 8 1 3 8
3 23 7 10 3 0 7
0 18 3 10 2 0 9
7 18 0 7 1 1 15
1 9 3 10 2 0 16
7 9 0 7 1 1 15
8 12 0 5 1 7 4
2 21 0 9 1 0 1
9 23 0 8 1 2 6
6 20 3 10 2 0 7
1 8 11 10 4 0 16
11 20 0 7 1 1 8
1 7 0 9 1 0 16
3 4 11 10 4 0 7
6 16 16 7 6 0 7
