1 0 4 0 4 0 26 0
1 0 3 0 6 0 22 0
1 0 2 0 1 0 14 0
1 0 2 0 3 0 12 0
1 0 3 0 4 0 23 0
1 0 3 0 3 0 16 0
15 2 1 2 2 19 4 0
16 1 2 2 1 20 3 0
10 2 1 2 1 14 10 0
17 1 1 1 0 21 1 0
13 2 1 2 2 17 7 0
2 1 2 0 4 1 24 0
6 2 1 2 1 7 14 0
2 1 0 0 0 1 0 1
15 1 0 2 0 19 0 1
8 2 1 2 2 10 12 0
11 2 1 4 1 15 9 0
3 2 2 1 1 3 3 0
17 1 0 1 0 21 0 1
3 2 2 1 4 3 22 0
4 2 2 2 2 5 16 0
4 2 2 2 2 5 4 0
7 2 1 2 1 9 13 0
9 2 2 2 2 12 11 0
6 1 0 2 0 9 0 1
14 2 2 2 1 18 6 0
5 2 1 2 0 7 1 0
5 2 1 2 1 6 15 0
18 2 0 1 0 22 0 0
6 2 0 3 0 9 0 0
12 2 1 4 1 16 8 0
5 2 1 4 0 8 1 0
####
1 0 0 17 0 25 7 0 30 0
2 0 0 17 0 25 7 0 27 0
2 1 0 17 0 25 7 0 25 0
3 0 0 17 0 25 7 0 25 0
3 1 0 17 0 25 7 0 23 0
3 2 0 17 0 25 7 0 20 0
4 0 0 17 0 25 7 0 31 0
4 1 0 17 0 25 7 0 29 0
4 2 0 17 0 25 7 0 26 0
4 3 0 17 0 25 7 0 24 0
5 0 0 17 0 25 7 0 24 0
5 1 0 17 0 25 7 0 22 0
5 2 0 17 0 25 7 0 19 0
5 3 0 17 0 25 7 0 17 0
5 4 0 17 0 25 7 0 23 0
13 11 1 0 0 0 8 0 0 0
19 17 2 3 2 5 11 2 2 1
21 20 3 0 4 0 8 4 0 0
27 26 4 0 6 0 9 6 0 0
31 26 4 0 6 0 9 7 0 0
31 27 4 0 6 0 9 7 0 0
29 12 5 0 9 0 9 9 0 0
29 24 5 0 9 0 9 10 0 0
24 12 5 0 9 0 9 9 0 0
14 6 14 0 20 0 8 26 0 0
18 9 16 0 23 0 8 30 0 0
####
1 21 4 8 3 0 22
0 27 6 9 4 0 26
17 29 5 5 3 3 3
23 8 0 2 1 12 11
4 12 9 9 5 0 23
2 22 12 7 6 0 14
5 26 6 9 4 0 16
11 19 0 4 1 1 24
5 8 15 7 9 0 16
1 20 4 8 3 0 22
23 30 2 2 3 12 11
6 7 0 3 1 19 4
15 23 0 2 1 10 12
1 25 19 7 13 0 22
4 19 2 8 2 0 23
3 10 18 7 12 0 12
26 29 0 6 1 7 1
9 28 0 3 1 21 1
0 11 0 8 1 0 26
21 31 0 5 1 5 4
8 16 0 2 1 14 10
20 27 0 5 1 5 16
19 21 0 4 1 3 22
21 26 0 5 1 5 4
3 23 14 7 8 0 12
5 17 2 8 2 0 16
16 30 0 2 1 15 9
22 15 0 2 1 9 13
7 18 0 3 1 20 3
17 31 2 5 2 3 3
30 10 0 2 1 16 8
25 14 0 3 1 18 6
31 24 0 6 1 8 1
19 20 0 4 1 3 22
12 22 0 4 1 7 14
7 9 0 3 1 20 3
11 17 0 4 1 1 24
2 28 25 7 17 0 14
4 15 13 7 7 0 23
0 13 0 8 1 0 26
27 12 0 6 1 6 15
25 6 0 3 1 18 6
10 25 0 2 1 17 7
0 6 20 8 14 0 26
20 16 10 3 7 5 16
