1 0 3 0 4 0 8 0
1 0 3 0 2 0 15 0
1 0 3 0 2 0 13 0
1 0 2 0 2 0 6 0
1 0 3 0 2 0 7 0
2 1 1 0 1 1 9 0
2 1 0 0 0 1 0 1
1 0 3 0 1 0 5 0
5 2 0 2 0 8 0 0
2 1 2 0 2 1 12 0
5 2 1 2 1 8 5 0
8 2 1 2 1 12 2 0
2 1 0 0 0 1 0 1
6 2 1 2 1 9 4 0
3 2 1 2 2 4 8 0
2 1 0 0 0 1 0 1
2 2 1 0 1 2 2 0
3 2 1 1 1 3 2 0
4 2 2 2 1 6 7 0
7 2 1 2 1 10 3 0
10 2 0 2 0 14 0 0
9 2 1 2 0 13 1 0
5 1 0 2 0 8 0 1
2 1 0 0 0 1 0 1
4 2 1 4 0 7 1 0
####
1 0 0 9 0 18 7 0 14 0
2 0 0 9 0 18 7 0 14 0
2 1 0 9 0 18 7 0 16 0
3 0 0 9 0 18 7 0 8 0
3 1 0 9 0 18 7 0 10 0
3 2 0 9 0 18 7 0 10 0
4 0 0 9 0 18 7 0 11 0
4 1 0 9 0 18 7 0 13 0
4 2 0 9 0 18 7 0 13 0
4 3 0 9 0 18 7 0 7 0
7 1 0 4 0 11 9 0 5 0
7 2 0 4 0 11 9 0 4 0
7 3 0 4 0 11 9 0 4 0
9 5 0 8 0 11 8 0 14 0
9 6 1 0 0 0 13 0 0 0
15 12 1 0 0 0 13 0 0 0
16 5 1 0 0 0 13 0 0 0
16 9 0 3 0 4 10 0 3 0
16 12 1 0 0 0 13 0 0 0
16 15 1 0 0 0 13 0 0 0
23 6 1 0 0 0 13 0 0 0
23 9 1 0 0 0 13 0 0 0
17 14 2 0 7 0 8 2 0 0
24 18 3 0 9 0 8 4 0 0
10 8 4 0 11 0 9 2 0 0
22 8 4 0 11 0 9 6 0 0
22 10 4 0 11 0 9 6 0 0
####
4 8 11 9 4 0 7
7 12 0 13 1 0 5
3 11 16 7 7 0 6
1 6 0 13 1 0 15
7 16 0 13 1 0 5
18 8 0 5 1 6 7
24 22 0 5 1 7 1
3 17 7 8 2 0 6
2 5 0 13 1 0 13
16 24 2 9 2 2 2
19 11 0 2 1 10 3
21 20 0 2 1 13 1
0 21 17 7 8 0 8
7 15 0 13 1 0 5
4 19 15 7 6 0 7
14 18 0 4 1 4 8
17 24 0 4 1 3 2
9 17 0 9 1 1 12
4 10 11 9 4 0 7
2 16 0 13 1 0 13
9 14 0 9 1 1 12
1 23 0 13 1 0 15
10 13 0 4 1 8 5
2 20 18 7 9 0 13
0 18 9 8 3 0 8
1 9 0 13 1 0 15
11 21 0 2 1 12 2
13 19 0 2 1 9 4
18 10 0 5 1 6 7
0 13 14 7 5 0 8
5 14 0 9 1 1 9
