1 0 4 0 3 0 13 0
1 0 4 0 2 0 5 0
1 0 2 0 2 0 13 0
1 0 4 0 6 0 16 0
1 0 2 0 2 0 17 0
1 0 1 0 0 0 1 0
2 1 0 0 0 1 0 1
7 2 1 2 1 9 11 0
8 2 1 2 2 10 10 0
2 1 1 0 1 1 16 0
12 2 0 2 0 14 0 0
4 2 1 2 1 4 14 0
9 2 2 2 3 11 9 0
10 2 2 2 3 12 6 0
12 2 1 1 0 15 1 0
5 2 1 2 1 5 13 0
11 1 0 2 0 14 0 1
6 2 1 2 1 7 12 0
11 2 2 2 0 13 2 0
3 2 1 1 1 3 15 0
2 1 0 0 0 1 0 1
11 1 1 2 1 13 2 0
2 1 0 0 0 1 0 1
10 2 1 2 0 13 1 0
12 1 0 2 0 14 0 1
13 2 0 2 0 16 0 0
####
1 0 0 12 0 19 7 0 7 0
2 0 0 12 0 19 7 0 13 0
2 1 0 12 0 19 7 0 8 0
3 0 0 12 0 19 7 0 16 0
3 1 0 12 0 19 7 0 11 0
3 2 0 12 0 19 7 0 17 0
4 0 0 12 0 19 7 0 17 0
4 1 0 12 0 19 7 0 12 0
4 2 0 12 0 19 7 0 18 0
4 3 0 12 0 19 7 0 21 0
23 13 9 0 11 0 8 6 0 0
18 16 10 0 13 0 9 8 0 0
21 18 10 0 13 0 9 8 0 0
21 16 10 0 13 0 9 8 0 0
14 10 11 0 16 0 9 10 0 0
24 10 11 0 16 0 9 10 0 0
24 14 11 0 16 0 9 10 0 0
####
21 14 0 6 1 13 2
17 7 0 2 1 7 12
5 6 0 10 1 0 1
2 8 9 7 7 0 13
0 20 0 10 1 0 13
3 11 5 7 3 0 16
0 7 8 7 6 0 13
0 10 16 9 11 0 13
13 21 0 5 1 12 6
19 11 0 2 1 3 15
4 9 0 10 1 0 17
1 25 19 7 12 0 5
12 13 0 3 1 11 9
1 14 16 9 11 0 5
23 16 0 5 1 13 1
3 13 11 8 9 0 16
1 23 11 8 9 0 5
18 24 0 6 1 13 2
0 18 13 9 10 0 13
3 19 4 7 2 0 16
2 17 7 7 5 0 13
15 17 0 2 1 5 13
18 10 0 6 1 13 2
3 12 10 7 8 0 16
1 22 0 10 1 0 5
8 12 0 2 1 10 10
14 25 0 4 1 15 1
4 15 6 7 4 0 17
13 18 0 5 1 12 6
11 15 0 2 1 4 14
12 23 0 3 1 11 9
9 19 0 5 1 1 16
7 8 0 2 1 9 11
