1 0 3 0 3 0 8 0
1 0 3 0 3 0 8 0
1 0 3 0 4 0 11 0
5 2 1 2 1 6 6 0
2 1 2 0 3 1 10 0
2 1 0 0 0 1 0 1
6 2 1 2 1 7 5 0
7 2 1 3 2 8 4 0
3 2 2 1 1 2 9 0
8 2 2 2 1 9 3 0
9 2 1 2 0 10 1 0
4 2 0 2 0 3 0 0
10 1 0 2 0 11 0 1
4 2 1 2 1 4 7 0
9 1 0 2 0 10 0 1
####
1 0 0 9 0 11 4 0 11 0
2 0 0 9 0 11 4 0 13 0
2 1 0 9 0 11 4 0 14 0
13 11 3 0 3 0 5 4 0 0
14 10 8 0 9 0 5 8 0 0
####
4 7 5 3 5 1 10
8 13 0 3 1 2 9
9 14 0 3 1 9 3
0 9 8 4 7 0 8
4 8 0 3 1 1 10
13 3 0 3 1 4 7
2 8 2 4 2 0 11
8 11 0 3 1 2 9
1 13 3 5 3 0 8
2 11 3 5 3 0 11
10 12 0 3 1 10 1
6 7 0 2 1 7 5
9 10 0 3 1 9 3
1 6 6 4 5 0 8
0 5 0 5 1 0 8
3 6 0 2 1 6 6
1 10 9 5 8 0 8
0 3 5 4 4 0 8
2 4 0 5 1 0 11
7 9 0 2 1 8 4
