1 0 3 0 3 0 8 0
1 0 4 0 6 0 21 0
1 0 3 0 4 0 14 0
4 1 0 2 0 4 0 1
1 0 1 0 1 0 5 0
2 1 1 0 1 1 2 0
1 0 2 0 2 0 4 0
1 0 4 0 4 0 13 0
1 0 4 0 3 0 10 0
2 2 2 0 2 2 7 0
4 2 1 2 1 6 4 0
3 2 1 2 2 4 4 0
2 1 1 0 1 1 2 0
2 1 0 0 0 1 0 1
2 2 2 0 3 2 9 0
2 2 1 0 0 2 1 0
5 2 1 2 0 8 1 0
5 2 1 4 1 7 3 0
3 2 1 2 0 3 1 0
4 2 2 2 1 6 3 0
6 2 1 2 1 8 2 0
4 2 0 2 0 5 0 0
8 1 0 2 0 10 0 1
3 2 1 1 0 3 1 0
7 2 1 2 0 9 1 0
3 2 2 2 2 4 8 0
5 2 0 4 0 9 0 0
5 2 1 2 0 8 1 0
6 1 0 2 0 9 0 1
6 2 0 2 0 9 0 0
4 2 1 2 1 6 2 0
####
1 0 0 7 0 23 8 0 10 0
2 0 0 7 0 23 8 0 9 0
2 1 0 7 0 23 8 0 11 0
4 1 0 5 0 19 10 0 7 0
4 2 0 5 0 19 10 0 6 0
6 0 0 5 0 19 10 0 3 0
6 1 0 5 0 19 10 0 5 0
6 2 0 5 0 19 10 0 4 0
6 4 0 4 0 15 11 0 3 0
7 0 0 7 0 23 8 0 10 0
7 1 0 7 0 23 8 0 12 0
7 2 0 7 0 23 8 0 11 0
7 6 0 5 0 19 10 0 5 0
8 1 0 5 0 19 10 0 8 0
8 2 0 5 0 19 10 0 7 0
8 4 0 5 0 19 10 0 7 0
8 6 0 4 0 15 11 0 5 0
8 7 0 3 0 10 12 0 1 0
9 5 1 0 0 0 13 0 0 0
12 9 0 4 0 13 9 0 4 0
14 5 1 0 0 0 13 0 0 0
14 9 1 0 0 0 13 0 0 0
14 13 1 0 0 0 13 0 0 0
15 9 1 3 0 9 17 0 2 1
18 11 2 0 6 0 11 2 0 0
23 11 2 0 6 0 11 2 0 0
23 18 2 0 6 0 11 2 0 0
25 11 2 0 6 0 11 2 0 0
25 18 2 0 6 0 11 2 0 0
25 23 2 0 6 0 11 2 0 0
19 3 3 0 10 0 12 4 0 0
19 10 3 0 10 0 12 4 0 0
21 3 3 0 10 0 12 4 0 0
21 19 3 0 10 0 12 4 0 0
21 10 3 0 10 0 12 4 0 0
10 3 3 0 10 0 12 4 0 0
30 3 3 0 10 0 12 4 0 0
30 19 3 0 10 0 12 4 0 0
30 21 3 0 10 0 12 4 0 0
30 10 3 0 10 0 12 0 0 0
17 16 4 0 15 0 11 2 0 0
26 17 4 0 15 0 11 6 0 0
26 16 4 0 15 0 11 6 0 0
27 17 4 0 15 0 11 6 0 0
27 26 4 0 15 0 11 6 0 0
27 16 4 0 15 0 11 6 0 0
29 20 5 0 19 0 10 8 0 0
29 28 5 0 19 0 10 8 0 0
28 20 5 0 19 0 10 4 0 0
####
14 17 9 10 3 2 9
12 27 9 10 3 1 2
10 17 0 9 1 6 4
0 20 19 10 5 0 8
19 26 0 9 1 6 3
17 20 0 7 1 7 3
16 28 0 7 1 8 1
8 9 0 13 1 0 10
0 10 10 12 3 0 8
2 12 0 13 1 0 14
9 18 0 10 1 2 7
24 22 0 2 1 9 1
5 23 0 10 1 1 2
11 19 0 9 1 4 4
15 26 9 10 3 2 1
27 29 0 7 1 8 1
2 19 10 12 3 0 14
25 30 0 9 1 4 8
7 24 22 8 6 0 13
1 14 0 13 1 0 21
1 5 0 13 1 0 21
23 21 0 9 1 3 1
9 11 0 10 1 2 7
8 29 19 10 5 0 10
6 15 0 13 1 0 4
7 23 6 11 2 0 13
8 15 0 13 1 0 10
7 14 0 13 1 0 13
8 21 10 12 3 0 10
1 9 0 13 1 0 21
30 16 0 9 1 6 2
0 30 10 12 3 0 8
4 11 6 11 2 0 5
25 10 0 9 1 4 8
18 3 0 9 1 3 1
20 24 0 4 1 8 2
14 25 0 10 1 2 9
7 13 0 13 1 0 13
19 27 0 9 1 6 3
1 18 6 11 2 0 21
2 25 6 11 2 0 14
6 16 15 11 4 0 4
