1 0 3 0 4 0 12 0
1 0 3 0 2 0 11 0
1 0 4 0 3 0 15 0
1 0 2 0 2 0 5 0
4 2 1 2 1 5 7 0
1 0 1 0 2 0 10 0
2 1 2 0 3 1 9 0
5 2 1 3 1 6 6 0
1 0 3 0 2 0 13 0
7 2 1 2 1 9 4 0
2 1 0 0 0 1 0 1
4 2 1 2 1 6 4 0
5 2 1 2 2 7 3 0
9 2 1 2 1 12 2 0
6 2 1 2 1 8 5 0
2 2 1 0 1 2 6 0
2 1 0 0 0 1 0 1
6 2 2 2 0 9 2 0
3 2 2 1 2 3 8 0
10 2 1 2 0 13 1 0
7 1 0 2 0 10 0 1
3 2 1 2 1 4 5 0
7 2 0 2 0 10 0 0
8 2 1 3 1 10 3 0
11 1 0 2 0 14 0 1
####
1 0 0 10 0 18 7 0 10 0
2 0 0 10 0 18 7 0 15 0
2 1 0 10 0 18 7 0 9 0
3 0 0 6 0 12 9 0 4 0
3 1 0 6 0 12 9 0 8 0
3 2 0 6 0 12 9 0 7 0
5 0 0 10 0 18 7 0 17 0
5 1 0 10 0 18 7 0 11 0
5 2 0 10 0 18 7 0 16 0
8 0 0 10 0 18 7 0 13 0
8 1 0 10 0 18 7 0 7 0
8 2 0 10 0 18 7 0 12 0
8 3 0 6 0 12 9 0 8 0
8 5 0 10 0 18 7 0 14 0
15 10 1 0 0 0 10 0 0 0
11 4 3 0 6 0 8 1 0 0
12 7 4 0 8 0 8 3 0 0
17 14 5 0 10 0 8 3 0 0
20 9 6 0 12 0 9 5 0 0
22 9 6 0 12 0 9 5 0 0
22 20 6 0 12 0 9 2 0 0
####
4 7 0 4 1 5 7
5 6 0 10 1 0 10
3 11 6 8 3 0 5
17 20 0 5 1 9 2
1 15 0 10 1 0 11
18 4 0 4 1 3 8
14 9 0 5 1 8 5
18 23 9 3 5 3 8
8 14 10 8 5 0 13
2 19 17 7 9 0 15
6 7 4 6 3 1 9
0 17 10 8 5 0 12
12 17 0 4 1 7 3
1 10 0 10 1 0 11
8 15 0 10 1 0 13
2 16 0 10 1 0 15
7 14 0 4 1 6 6
6 18 0 6 1 1 9
1 13 16 7 8 0 11
0 18 4 8 2 0 12
19 24 0 2 1 13 1
17 22 0 5 1 9 2
13 19 0 2 1 12 2
21 11 0 4 1 4 5
11 12 0 4 1 6 4
3 12 8 8 4 0 5
8 22 12 9 6 0 13
2 21 4 8 2 0 15
15 21 0 6 1 2 6
9 23 0 4 1 9 4
0 9 12 9 6 0 12
23 13 0 2 1 10 3
2 4 6 8 3 0 15
