1 0 3 0 2 0 11 0
1 0 3 0 3 0 5 0
1 0 3 0 5 0 15 0
1 0 2 0 2 0 11 0
1 0 3 0 5 0 15 0
1 0 3 0 4 0 11 0
2 1 1 0 1 1 9 0
2 1 3 0 2 1 13 0
3 2 2 1 1 2 10 0
2 1 2 0 3 1 13 0
6 2 1 2 1 9 6 0
8 2 1 2 2 14 4 0
3 2 2 1 2 2 6 0
3 1 0 1 0 2 0 1
4 2 1 3 1 5 8 0
6 2 1 2 0 7 1 0
2 1 0 0 0 1 0 1
4 2 2 2 1 4 4 0
9 2 2 2 1 16 3 0
3 2 1 1 1 3 6 0
7 2 1 4 1 13 5 0
4 1 0 2 0 3 0 1
10 1 0 2 0 17 0 1
10 2 1 2 0 17 1 0
3 1 0 1 0 2 0 1
5 2 1 2 1 6 2 0
7 2 0 2 0 9 0 0
4 2 0 2 0 4 0 0
5 2 1 2 1 7 7 0
11 2 0 4 0 20 0 0
####
1 0 0 10 0 23 7 0 10 0
2 0 0 10 0 23 7 0 17 0
2 1 0 10 0 23 7 0 11 0
3 0 0 10 0 23 7 0 14 0
3 1 0 10 0 23 7 0 8 0
3 2 0 10 0 23 7 0 15 0
4 0 0 10 0 23 7 0 17 0
4 1 0 10 0 23 7 0 11 0
4 2 0 10 0 23 7 0 18 0
4 3 0 10 0 23 7 0 15 0
5 0 0 10 0 23 7 0 14 0
5 1 0 10 0 23 7 0 8 0
5 2 0 10 0 23 7 0 15 0
5 3 0 10 0 23 7 0 12 0
5 4 0 10 0 23 7 0 15 0
7 6 0 9 0 19 5 0 15 0
9 6 0 9 0 19 5 0 14 0
9 7 0 9 0 19 5 0 15 0
16 6 1 0 0 0 10 0 0 0
12 8 0 8 0 14 6 0 8 0
13 8 2 0 4 0 11 2 0 0
19 8 0 8 0 14 6 0 11 0
19 12 2 8 4 14 12 2 5 1
24 8 2 0 4 0 11 2 0 0
24 13 2 0 4 0 11 2 0 0
17 14 0 7 0 10 5 0 6 0
21 14 3 0 9 0 10 4 0 0
27 14 3 0 9 0 10 2 0 0
27 17 3 0 9 0 10 4 0 0
27 21 3 0 9 0 10 2 0 0
28 25 4 0 13 0 8 0 0 0
15 10 5 0 15 0 8 2 0 0
26 20 6 0 17 0 8 4 0 0
23 22 9 0 21 0 8 14 0 0
####
18 22 0 3 1 16 3
3 25 13 8 4 0 11
12 27 0 9 1 2 6
1 26 17 8 6 0 5
17 29 10 5 7 4 4
2 8 4 11 2 0 15
5 19 4 11 2 0 11
4 12 4 11 2 0 15
0 16 0 10 1 0 11
17 25 0 6 1 4 4
3 28 13 8 4 0 11
15 26 0 4 1 7 1
6 14 5 8 2 1 9
18 23 0 3 1 16 3
8 14 0 9 1 2 10
4 9 0 10 1 0 15
7 24 0 9 1 1 13
0 11 19 7 7 0 11
12 17 0 9 1 2 6
25 15 0 4 1 6 2
11 18 0 2 1 14 4
2 27 9 10 3 0 15
4 10 15 8 5 0 15
14 28 0 6 1 5 8
1 23 21 8 9 0 5
5 17 9 10 3 0 11
28 10 0 4 1 7 7
23 29 0 3 1 17 1
8 21 0 9 1 2 10
5 15 15 8 5 0 11
19 20 8 7 4 3 6
2 7 0 10 1 0 15
7 13 0 9 1 1 13
20 11 0 3 1 13 5
1 18 20 7 8 0 5
0 6 0 10 1 0 11
10 20 0 4 1 9 6
9 19 0 9 1 1 13
7 8 0 9 1 1 13
9 12 0 9 1 1 13
