1 0 3 0 6 0 22 0
1 0 3 0 4 0 14 0
1 0 3 0 3 0 10 0
4 1 2 2 1 6 7 0
1 0 1 0 1 0 2 0
1 0 4 0 4 0 17 0
2 1 3 0 3 1 17 0
1 0 4 0 6 0 23 0
9 2 1 2 0 18 1 0
3 2 1 2 2 4 8 0
6 2 1 2 1 9 3 0
2 2 1 0 1 2 9 0
10 1 0 2 0 19 0 1
3 2 1 2 1 4 7 0
7 2 1 2 1 10 2 0
4 2 2 3 2 6 7 0
5 1 0 2 0 7 0 1
7 2 1 2 1 15 3 0
2 2 2 0 1 2 6 0
8 2 1 2 0 12 1 0
6 2 0 3 0 13 0 0
9 2 0 2 0 13 0 0
8 2 1 2 1 16 2 0
2 2 2 0 2 2 17 0
4 2 1 2 1 5 6 0
5 2 2 2 1 8 5 0
5 2 1 3 1 11 5 0
3 2 1 3 2 5 8 0
3 2 0 3 0 5 0 0
6 2 1 4 1 13 4 0
####
1 0 0 9 0 23 7 0 20 0
2 0 0 9 0 23 7 0 14 0
2 1 0 9 0 23 7 0 12 0
4 0 0 9 0 23 7 0 12 0
4 1 0 9 0 23 7 0 10 0
4 2 0 9 0 23 7 0 4 0
5 0 0 9 0 23 7 0 18 0
5 1 0 9 0 23 7 0 16 0
5 2 0 9 0 23 7 0 10 0
5 4 0 9 0 23 7 0 8 0
7 0 0 9 0 23 7 0 23 0
7 1 0 9 0 23 7 0 21 0
7 2 0 9 0 23 7 0 15 0
7 4 0 9 0 23 7 0 13 0
7 5 0 9 0 23 7 0 19 0
11 6 0 8 0 19 5 0 14 0
18 6 0 8 0 19 5 0 11 0
18 11 1 8 0 19 11 0 11 1
23 6 1 8 0 19 11 0 14 1
23 11 1 8 0 19 11 0 14 1
23 18 1 8 0 19 11 0 11 1
13 9 2 0 4 0 10 2 0 0
27 9 2 3 4 6 13 2 3 1
27 13 2 7 4 15 11 2 12 1
28 9 2 0 4 0 10 2 0 0
28 13 2 0 4 0 10 2 0 0
28 27 2 0 4 0 10 2 0 0
15 3 3 2 8 3 12 5 1 1
24 15 3 0 8 0 9 5 0 0
24 3 3 6 8 12 10 4 10 1
25 16 4 0 11 0 9 8 0 0
26 16 4 0 11 0 9 10 0 0
26 25 4 0 11 0 9 10 0 0
20 10 5 0 14 0 9 12 0 0
29 10 5 0 14 0 9 12 0 0
29 20 5 0 14 0 9 14 0 0
17 14 6 0 17 0 8 14 0 0
22 19 7 0 19 0 8 16 0 0
21 8 8 0 21 0 8 18 0 0
####
5 9 4 10 2 0 17
4 8 21 8 8 0 2
6 28 0 8 1 1 17
5 13 4 10 2 0 17
24 26 0 6 1 5 6
7 11 0 10 1 0 23
1 11 0 10 1 0 14
9 15 0 7 1 4 8
26 29 0 6 1 11 5
3 20 3 6 2 6 7
11 27 0 8 1 2 9
7 10 14 9 5 0 23
6 15 4 7 2 1 17
7 23 0 10 1 0 23
19 21 0 4 1 12 1
29 17 0 5 1 13 4
0 22 19 8 7 0 22
13 24 0 7 1 4 7
15 25 0 6 1 6 7
14 19 0 4 1 10 2
7 18 0 10 1 0 23
5 24 8 9 3 0 17
1 19 19 8 7 0 14
17 22 0 4 1 15 3
18 28 0 8 1 2 6
3 26 0 6 1 6 7
0 23 0 10 1 0 22
2 17 17 8 6 0 10
25 10 0 6 1 8 5
8 12 0 3 1 18 1
2 21 21 8 8 0 10
23 9 0 8 1 2 17
1 18 0 10 1 0 14
5 14 17 8 6 0 17
0 6 0 10 1 0 22
10 14 0 5 1 9 3
18 29 10 7 4 2 6
22 8 0 4 1 16 2
25 20 0 6 1 8 5
2 25 11 9 4 0 10
6 27 0 8 1 1 17
23 13 0 8 1 2 17
15 16 0 6 1 6 7
27 3 0 7 1 5 8
