1 0 3 0 3 0 8 0
1 0 3 0 4 0 14 0
4 1 2 2 2 4 10 0
1 0 3 0 4 0 15 0
1 0 4 0 5 0 13 0
1 0 2 0 2 0 9 0
4 2 1 2 1 4 5 0
1 0 4 0 5 0 17 0
2 1 3 0 2 1 6 0
3 2 1 2 0 4 1 0
5 2 1 1 1 5 5 0
4 2 0 2 0 5 0 0
3 2 1 1 1 3 2 0
6 2 1 2 1 9 2 0
3 2 0 1 0 2 0 0
2 1 3 0 2 1 12 0
7 2 1 2 1 13 3 0
3 2 1 1 1 3 6 0
4 2 1 2 0 5 1 0
8 2 1 2 1 15 2 0
5 2 1 2 1 7 3 0
2 2 2 0 2 2 14 0
6 2 1 4 1 11 4 0
7 2 1 2 0 10 1 0
9 2 1 2 0 16 1 0
3 2 1 1 0 3 1 0
3 1 0 1 0 2 0 1
3 2 1 2 2 3 11 0
8 1 0 2 0 11 0 1
5 2 0 4 0 10 0 0
10 1 0 2 0 17 0 1
####
1 0 0 9 0 24 7 0 10 0
3 0 0 9 0 24 7 0 11 0
3 1 0 9 0 24 7 0 15 0
4 0 0 9 0 24 7 0 5 0
4 1 0 9 0 24 7 0 9 0
4 3 0 9 0 24 7 0 10 0
5 0 0 9 0 24 7 0 9 0
5 1 0 9 0 24 7 0 13 0
5 3 0 9 0 24 7 0 14 0
5 4 0 9 0 24 7 0 8 0
7 0 0 9 0 24 7 0 11 0
7 1 0 9 0 24 7 0 15 0
7 3 0 9 0 24 7 0 16 0
7 4 0 9 0 24 7 0 10 0
7 5 0 9 0 24 7 0 14 0
21 8 0 3 0 11 6 0 3 0
21 15 0 8 0 21 4 0 13 0
12 9 2 2 3 4 16 1 1 1
14 12 2 0 3 0 13 2 0 0
17 9 2 0 3 0 13 0 0 0
25 12 2 0 3 0 13 2 0 0
25 14 2 0 3 0 13 2 0 0
26 17 2 0 3 0 13 2 0 0
27 12 2 0 3 0 13 1 0 0
27 17 0 7 0 14 8 0 11 0
27 9 2 0 3 0 13 2 0 0
6 2 0 6 0 10 5 0 9 0
18 11 3 0 10 0 10 1 0 0
18 2 3 0 10 0 10 3 0 0
11 6 3 0 10 0 10 2 0 0
20 10 4 0 14 0 9 6 0 0
29 10 4 0 14 0 9 5 0 0
29 20 4 0 14 0 9 5 0 0
22 13 5 0 17 0 8 5 0 0
23 16 6 0 19 0 8 7 0 0
28 19 7 0 21 0 8 9 0 0
####
24 30 0 2 1 16 1
5 9 3 13 2 0 9
7 21 0 9 1 0 17
4 8 0 9 1 0 13
7 12 3 13 2 0 17
15 20 11 6 3 1 12
3 21 0 9 1 0 15
1 15 0 9 1 0 14
9 29 4 10 2 4 1
21 9 0 10 1 2 14
0 16 19 8 6 0 8
1 6 10 10 3 0 14
27 2 0 11 1 3 11
1 11 10 10 3 0 14
15 26 0 10 1 1 12
8 14 0 10 1 1 6
17 6 0 11 1 3 6
4 19 21 8 7 0 13
21 27 0 10 1 2 14
7 24 23 7 8 0 17
22 16 0 4 1 11 4
4 13 17 8 5 0 13
7 10 14 9 4 0 17
6 22 3 6 2 4 5
10 22 0 5 1 5 5
3 27 3 13 2 0 15
20 13 0 5 1 7 3
8 25 0 10 1 1 6
25 11 0 11 1 3 1
0 25 3 13 2 0 8
3 23 19 8 6 0 15
5 17 3 13 2 0 9
2 20 0 7 1 4 10
4 14 3 13 2 0 13
2 10 0 7 1 4 10
19 24 0 3 1 15 2
0 18 10 10 3 0 8
12 18 0 11 1 3 2
16 19 0 4 1 13 3
15 17 0 10 1 1 12
13 23 0 4 1 9 2
8 12 0 10 1 1 6
23 28 0 4 1 10 1
18 29 0 7 1 5 1
