1 0 3 0 3 0 19 0
2 1 1 0 3 1 18 0
1 0 2 0 3 0 10 0
1 0 3 0 3 0 12 0
1 0 2 0 3 0 12 0
7 2 1 2 1 9 3 0
1 0 2 0 1 0 3 0
1 0 3 0 2 0 5 0
3 1 3 1 4 2 17 0
7 2 1 2 0 10 1 0
9 2 1 2 0 15 1 0
5 2 0 2 0 6 0 0
4 2 2 1 2 4 11 0
5 2 1 2 2 6 7 0
5 2 1 2 1 5 2 0
6 2 1 2 1 7 3 0
8 1 0 2 0 11 0 1
4 2 1 1 1 4 5 0
10 2 0 2 0 17 0 0
7 1 0 2 0 8 0 1
6 2 2 2 2 8 6 0
5 2 1 2 1 5 4 0
8 2 1 4 1 14 2 0
6 2 1 2 0 7 1 0
4 2 1 1 0 4 1 0
####
2 0 0 9 0 18 7 0 18 0
3 0 0 9 0 18 7 0 16 0
3 2 0 9 0 18 7 0 12 0
4 0 0 9 0 18 7 0 17 0
4 2 0 9 0 18 7 0 13 0
4 3 0 9 0 18 7 0 11 0
6 0 0 9 0 18 7 0 11 0
6 2 0 9 0 18 7 0 7 0
6 3 0 9 0 18 7 0 5 0
6 4 0 9 0 18 7 0 6 0
7 0 0 9 0 18 7 0 14 0
7 2 0 9 0 18 7 0 10 0
7 3 0 9 0 18 7 0 8 0
7 4 0 9 0 18 7 0 9 0
7 6 0 9 0 18 7 0 3 0
17 12 3 6 2 13 10 4 9 1
24 12 3 0 2 0 9 4 0 0
24 17 3 0 2 0 9 4 0 0
13 11 4 0 5 0 10 6 0 0
14 13 4 0 5 0 10 6 0 0
14 11 4 0 5 0 10 6 0 0
21 13 4 5 5 9 11 6 7 1
21 14 4 0 5 0 10 6 0 0
21 11 4 0 5 0 10 6 0 0
20 15 5 4 9 6 10 8 5 1
23 20 5 0 9 0 9 8 0 0
23 15 5 0 9 0 9 8 0 0
9 5 6 0 12 0 9 10 0 0
19 5 6 0 12 0 9 10 0 0
19 9 6 0 12 0 9 10 0 0
22 16 7 0 15 0 8 15 0 0
####
6 9 12 9 6 0 3
4 12 2 9 3 0 12
7 11 5 10 4 0 5
3 24 2 9 3 0 12
8 24 0 4 1 2 17
0 21 5 10 4 0 19
7 15 9 9 5 0 5
12 13 0 7 1 4 11
10 18 0 2 1 15 1
20 9 0 6 1 8 6
7 10 17 7 8 0 5
5 22 0 5 1 9 3
13 20 0 7 1 6 7
22 10 0 3 1 14 2
14 23 0 7 1 5 2
15 22 3 5 2 7 3
6 18 18 7 9 0 3
12 14 0 7 1 4 11
3 13 5 10 4 0 12
3 23 9 9 5 0 12
2 20 9 9 5 0 10
4 14 5 10 4 0 12
9 16 0 5 1 10 1
0 5 12 9 6 0 19
20 5 0 6 1 8 6
8 17 0 4 1 2 17
24 11 0 7 1 4 1
2 17 2 9 3 0 10
0 1 0 7 1 0 19
23 19 0 6 1 7 1
21 15 0 7 1 5 4
8 12 0 4 1 2 17
17 21 0 7 1 4 5
1 8 0 2 1 1 18
