1 0 4 0 4 0 14 0
1 0 3 0 3 0 7 0
2 1 0 0 0 1 0 1
1 0 3 0 3 0 18 0
1 0 3 0 3 0 14 0
1 0 4 0 2 0 12 0
8 2 1 2 1 13 3 0
1 0 4 0 6 0 19 0
4 2 1 2 0 5 1 0
4 2 1 2 2 5 6 0
1 0 2 0 3 0 10 0
4 2 1 2 1 5 2 0
1 0 2 0 3 0 12 0
2 1 2 0 2 1 15 0
9 1 1 2 1 14 2 0
4 1 0 2 0 4 0 1
4 2 1 2 0 5 1 0
5 2 1 2 2 7 10 0
2 1 2 0 3 1 6 0
10 2 1 1 0 15 1 0
6 2 2 2 3 8 9 0
3 2 1 1 1 3 2 0
7 2 1 2 1 10 2 0
3 2 1 1 1 3 12 0
8 2 1 2 0 12 1 0
2 1 2 0 4 1 9 0
8 2 0 2 0 13 0 0
5 2 1 4 0 9 1 0
3 2 2 1 2 3 4 0
7 2 2 4 1 12 5 0
9 1 0 2 0 13 0 1
3 2 2 1 0 3 2 0
3 2 1 1 1 3 7 0
3 2 2 1 1 3 4 0
6 2 0 4 0 14 0 0
4 1 0 2 0 4 0 1
5 2 0 2 0 6 0 0
11 2 0 2 0 16 0 0
4 1 0 2 0 4 0 1
4 2 1 2 1 5 11 0
2 1 0 0 0 1 0 1
####
1 0 0 5 0 22 10 0 4 0
3 0 0 10 0 32 9 0 17 0
4 0 0 10 0 32 9 0 13 0
4 1 0 5 0 22 10 0 3 0
4 3 0 10 0 32 9 0 18 0
5 0 0 10 0 32 9 0 13 0
5 3 0 10 0 32 9 0 18 0
5 4 0 10 0 32 9 0 14 0
7 0 0 10 0 32 9 0 14 0
7 1 0 5 0 22 10 0 6 0
7 3 0 10 0 32 9 0 19 0
7 4 0 10 0 32 9 0 15 0
7 5 0 10 0 32 9 0 15 0
10 0 0 5 0 22 10 0 5 0
10 1 0 5 0 22 10 0 5 0
10 3 0 8 0 29 10 0 9 0
10 4 0 8 0 29 10 0 7 0
10 5 0 8 0 29 10 0 6 0
10 7 0 8 0 29 10 0 8 0
12 0 0 5 0 22 10 0 8 0
12 1 0 5 0 22 10 0 8 0
12 3 0 8 0 29 10 0 8 0
12 4 0 8 0 29 10 0 6 0
12 5 0 8 0 29 10 0 5 0
12 7 0 8 0 29 10 0 7 0
12 10 0 8 0 29 10 0 3 0
25 18 0 4 0 17 7 0 7 0
23 21 2 0 5 0 14 0 0 0
28 21 0 3 0 11 8 0 2 0
31 21 2 0 5 0 14 2 0 0
32 23 2 8 5 21 15 2 12 1
32 28 2 0 5 0 14 0 0 0
33 21 2 3 5 11 16 0 3 1
33 23 2 0 5 0 14 0 0 0
33 28 2 3 5 11 16 2 3 1
16 8 3 0 11 0 16 2 0 0
16 9 3 0 11 0 16 2 0 0
16 11 3 0 11 0 16 4 0 0
15 11 3 0 11 0 16 1 0 0
9 8 3 0 11 0 16 2 0 0
11 8 3 2 11 3 18 4 1 1
35 15 3 0 11 0 16 2 0 0
35 11 3 0 11 0 16 1 0 0
38 8 3 0 11 0 16 4 0 0
38 16 3 0 11 0 16 4 0 0
38 11 3 0 11 0 16 4 0 0
39 8 3 0 11 0 16 0 0 0
39 16 3 0 11 0 16 2 0 0
39 9 3 7 11 13 17 4 10 1
39 11 3 0 11 0 16 2 0 0
39 38 3 0 11 0 16 2 0 0
27 17 4 0 19 0 11 5 0 0
36 27 4 0 19 0 11 6 0 0
36 17 4 0 19 0 11 4 0 0
34 20 5 0 22 0 10 3 0 0
29 22 6 0 24 0 10 12 0 0
24 6 7 0 26 0 11 14 0 0
26 24 7 0 26 0 11 14 0 0
26 6 7 0 26 0 11 6 0 0
30 14 8 0 29 0 10 16 0 0
####
24 30 0 5 1 12 1
5 9 11 16 3 0 12
7 21 5 14 2 0 19
5 37 32 9 10 0 12
4 8 11 16 3 0 14
17 20 0 5 1 7 10
28 8 0 14 1 3 4
19 37 0 2 1 15 1
9 29 5 10 3 5 6
20 29 0 4 1 8 9
5 26 26 11 7 0 12
39 17 0 11 1 5 11
32 9 0 14 1 3 7
1 11 11 16 3 0 7
13 32 0 11 1 1 15
0 28 5 14 2 0 14
7 20 22 10 5 0 19
1 2 0 13 1 0 7
6 14 0 5 1 13 3
0 32 5 14 2 0 14
4 19 31 9 9 0 14
16 36 0 11 1 5 1
21 27 8 9 2 3 2
7 33 5 14 2 0 19
10 18 0 13 1 0 10
12 24 26 11 7 0 12
11 27 0 11 1 5 2
18 31 0 11 1 1 6
31 35 0 14 1 3 2
3 16 11 16 3 0 18
10 22 24 10 6 0 10
29 26 0 5 1 12 5
7 23 5 14 2 0 19
33 11 0 14 1 3 4
0 40 0 13 1 0 14
23 39 0 14 1 3 12
22 24 0 5 1 10 2
20 22 0 4 1 8 9
28 16 0 14 1 3 4
14 19 0 3 1 14 2
5 17 19 11 4 0 12
3 13 0 13 1 0 18
12 25 0 13 1 0 12
31 15 0 14 1 3 2
33 38 0 14 1 3 4
18 21 0 11 1 1 6
3 36 19 11 4 0 18
25 28 0 11 1 1 9
1 31 5 14 2 0 7
29 6 0 5 1 12 5
4 39 11 16 3 0 14
13 23 0 11 1 1 15
8 34 3 10 2 5 1
0 6 26 11 7 0 14
25 33 0 11 1 1 9
27 34 0 5 1 9 1
