1 0 4 0 5 0 12 0
1 0 3 0 2 0 5 0
1 0 1 0 2 0 10 0
1 0 3 0 2 0 5 0
1 0 3 0 4 0 11 0
1 0 3 0 7 0 20 0
2 1 2 0 1 1 6 0
5 2 1 2 0 6 1 0
6 2 1 2 2 8 3 0
7 2 2 2 0 9 2 0
2 1 3 0 2 1 13 0
5 2 1 2 0 6 1 0
8 2 0 2 0 11 0 0
6 2 0 3 0 9 0 0
2 1 2 0 3 1 9 0
8 1 0 2 0 10 0 1
3 2 1 1 2 3 9 0
3 2 2 1 2 3 6 0
4 2 2 2 2 5 8 0
6 2 1 2 0 8 1 0
3 2 1 1 0 3 1 0
7 2 0 4 0 14 0 0
2 1 0 0 0 1 0 1
4 1 0 2 0 4 0 1
3 1 0 1 0 2 0 1
4 1 0 2 0 4 0 1
3 2 1 1 0 3 1 0
4 2 2 2 2 4 4 0
4 1 0 2 0 4 0 1
5 2 1 2 1 7 2 0
5 2 1 2 1 7 4 0
####
1 0 0 7 0 23 8 0 5 0
2 0 0 6 0 21 8 0 8 0
2 1 0 6 0 21 8 0 7 0
3 2 0 5 0 18 9 0 5 0
4 0 0 7 0 23 8 0 10 0
4 1 0 7 0 23 8 0 5 0
4 2 0 6 0 21 8 0 7 0
4 3 0 5 0 18 9 0 2 0
5 0 0 7 0 23 8 0 11 0
5 1 0 7 0 23 8 0 6 0
5 2 0 6 0 21 8 0 12 0
5 3 0 5 0 18 9 0 4 0
5 4 0 7 0 23 8 0 11 0
10 6 0 6 0 19 6 0 8 0
14 6 0 4 0 14 7 0 3 0
14 10 0 5 0 17 6 0 7 0
17 16 2 4 4 12 13 1 5 1
20 16 2 0 4 0 11 0 0 0
20 17 2 0 4 0 11 2 0 0
24 16 2 0 4 0 11 2 0 0
24 17 2 0 4 0 11 1 0 0
26 16 2 0 4 0 11 2 0 0
26 17 2 0 4 0 11 1 0 0
26 24 2 0 4 0 11 2 0 0
25 18 3 0 9 0 11 3 0 0
25 23 3 0 9 0 11 3 0 0
23 18 3 0 9 0 11 4 0 0
27 18 3 3 9 7 13 3 3 1
27 25 3 0 9 0 11 4 0 0
27 23 3 0 9 0 11 3 0 0
28 18 3 0 9 0 11 2 0 0
28 25 3 0 9 0 11 4 0 0
28 27 3 0 9 0 11 4 0 0
11 7 4 0 14 0 10 6 0 0
29 7 4 2 14 3 12 0 1 1
29 11 4 0 14 0 10 5 0 0
30 7 4 0 14 0 10 5 0 0
30 11 4 0 14 0 10 5 0 0
30 29 4 0 14 0 10 4 0 0
13 8 5 0 18 0 9 4 0 0
19 13 5 0 18 0 9 3 0 0
19 8 5 0 18 0 9 6 0 0
21 9 6 0 21 0 8 8 0 0
15 12 7 0 23 0 8 10 0 0
####
14 17 0 9 1 1 9
7 21 3 6 2 6 1
29 19 0 7 1 7 2
0 20 4 11 2 0 12
4 18 9 11 3 0 11
26 23 0 10 1 3 1
30 8 0 7 1 7 4
3 11 14 10 4 0 5
8 9 0 5 1 8 3
0 16 4 11 2 0 12
17 25 0 10 1 3 6
27 11 0 9 1 4 4
10 26 0 9 1 1 13
1 29 14 10 4 0 5
18 30 0 9 1 5 8
4 19 18 9 5 0 11
9 15 0 4 1 9 2
16 18 0 10 1 3 9
19 21 0 5 1 8 1
11 13 0 7 1 6 1
5 17 4 11 2 0 20
6 30 10 8 3 1 6
10 24 0 9 1 1 13
14 20 0 9 1 1 9
3 26 4 11 2 0 5
2 14 0 10 1 0 10
0 8 18 9 5 0 12
17 27 0 10 1 3 6
5 10 0 10 1 0 20
4 6 0 10 1 0 11
1 12 23 8 7 0 5
3 22 0 10 1 0 5
5 27 9 11 3 0 20
10 16 0 9 1 1 13
27 7 0 9 1 4 4
18 29 0 9 1 5 8
20 28 0 10 1 3 1
6 13 14 7 4 1 6
1 7 14 10 4 0 5
0 9 21 8 6 0 12
9 12 0 4 1 9 2
