1 0 3 0 3 0 15 0
1 0 4 0 5 0 12 0
1 0 2 0 2 0 6 0
1 0 2 0 3 0 8 0
1 0 4 0 3 0 9 0
1 0 3 0 6 0 13 0
5 2 1 2 1 6 4 0
6 2 1 2 0 8 1 0
5 2 1 2 0 7 1 0
2 1 3 0 3 1 12 0
3 2 2 1 2 3 6 0
6 2 1 4 1 9 3 0
2 1 2 0 1 1 5 0
3 2 2 1 2 2 5 0
2 1 2 0 3 1 9 0
3 2 2 1 1 3 7 0
8 2 1 2 0 11 1 0
9 1 0 2 0 12 0 1
4 2 1 3 1 6 3 0
3 2 0 1 0 3 0 0
5 2 1 2 1 7 2 0
4 2 0 2 0 4 0 0
3 2 1 1 1 3 3 0
7 2 1 2 1 10 2 0
7 1 0 2 0 9 0 1
4 2 1 2 1 5 5 0
4 2 1 3 1 5 2 0
4 2 1 3 0 5 1 0
3 2 1 1 1 3 4 0
5 2 0 2 0 7 0 0
6 1 0 2 0 8 0 1
####
1 0 0 8 0 24 7 0 12 0
2 0 0 8 0 24 7 0 13 0
2 1 0 8 0 24 7 0 9 0
3 0 0 5 0 18 9 0 4 0
3 1 0 6 0 21 8 0 8 0
4 0 0 8 0 24 7 0 14 0
4 1 0 8 0 24 7 0 10 0
4 2 0 8 0 24 7 0 11 0
5 0 0 5 0 18 9 0 8 0
5 1 0 6 0 21 8 0 9 0
5 3 0 6 0 21 8 0 9 0
5 4 0 4 0 14 10 0 4 0
12 9 0 5 0 18 5 0 7 0
13 10 2 2 3 5 16 2 2 1
19 15 2 0 3 0 12 1 0 0
22 10 2 0 3 0 12 2 0 0
22 13 2 3 3 9 15 2 4 1
22 15 2 0 3 0 12 1 0 0
22 19 2 0 3 0 12 0 0 0
28 10 2 0 3 0 12 0 0 0
28 15 2 6 3 15 13 2 8 1
28 19 2 0 3 0 12 1 0 0
28 22 2 0 3 0 12 1 0 0
25 21 3 0 9 0 11 4 0 0
26 18 3 0 9 0 11 5 0 0
26 21 3 0 9 0 11 3 0 0
26 25 3 0 9 0 11 3 0 0
27 18 3 0 9 0 11 2 0 0
27 26 3 0 9 0 11 6 0 0
20 8 4 0 14 0 10 2 0 0
8 6 4 0 14 0 10 5 0 0
29 20 4 0 14 0 10 4 0 0
29 6 4 0 14 0 10 2 0 0
29 8 4 0 14 0 10 8 0 0
11 7 5 0 18 0 9 4 0 0
30 7 5 0 18 0 9 4 0 0
30 11 5 0 18 0 9 8 0 0
24 23 6 0 21 0 8 6 0 0
####
5 9 0 9 1 0 13
0 14 0 9 1 0 15
22 26 0 11 1 3 3
13 26 0 11 1 2 5
5 13 3 12 2 0 13
9 22 0 9 1 1 12
11 23 0 5 1 9 3
20 7 0 7 1 7 2
1 20 14 10 4 0 12
27 29 0 9 1 5 1
16 17 0 2 1 11 1
7 24 0 5 1 8 1
10 18 0 11 1 3 6
26 8 0 9 1 5 2
10 27 0 11 1 3 6
1 28 3 12 2 0 12
1 10 3 12 2 0 12
18 20 0 9 1 6 3
0 22 3 12 2 0 15
14 28 0 9 1 1 9
2 6 14 10 4 0 6
23 16 0 3 1 10 2
15 25 0 11 1 3 7
6 11 0 7 1 6 4
1 23 21 8 6 0 12
4 16 23 7 7 0 9
9 10 0 9 1 1 12
12 18 6 8 2 1 5
8 30 0 7 1 7 1
14 15 0 9 1 1 9
4 29 14 10 4 0 9
9 13 0 9 1 1 12
3 12 0 9 1 0 8
28 11 9 9 3 3 4
0 19 3 12 2 0 15
15 21 0 11 1 3 7
25 6 0 9 1 5 5
5 7 18 9 5 0 13
12 19 0 9 1 1 5
13 27 0 11 1 2 5
3 8 14 10 4 0 8
4 15 3 12 2 0 9
2 25 9 11 3 0 6
4 21 9 11 3 0 9
