1 0 3 0 3 0 12 0
1 0 2 0 2 0 4 0
2 1 1 0 1 1 7 0
4 1 2 2 1 4 5 0
1 0 2 0 1 0 3 0
1 0 2 0 2 0 4 0
8 2 0 3 0 10 0 0
1 0 4 0 3 0 11 0
5 2 1 1 2 5 4 0
1 0 4 0 4 0 11 0
2 2 1 0 1 2 2 0
2 1 0 0 0 1 0 1
3 2 1 2 1 3 2 0
3 2 1 2 0 4 1 0
4 2 0 2 0 5 0 0
3 1 0 2 0 3 0 1
6 2 2 2 1 7 3 0
3 2 1 1 2 3 6 0
4 2 1 2 0 5 1 0
2 2 1 0 0 2 1 0
2 2 1 0 1 2 3 0
7 2 1 2 0 9 1 0
7 1 0 2 0 8 0 1
5 1 0 2 0 6 0 1
2 1 0 0 0 1 0 1
####
1 0 0 4 0 13 8 0 4 0
4 1 0 3 0 10 9 0 3 0
5 0 0 7 0 18 7 0 7 0
7 0 0 7 0 18 7 0 11 0
7 1 0 3 0 10 9 0 3 0
7 4 0 3 0 10 9 0 4 0
7 5 0 7 0 18 7 0 6 0
9 0 0 7 0 18 7 0 8 0
9 1 0 4 0 13 8 0 4 0
9 5 0 7 0 18 7 0 3 0
9 7 0 7 0 18 7 0 7 0
11 10 1 0 0 0 12 0 0 0
20 2 1 0 0 0 12 0 0 0
20 19 1 0 0 0 12 0 0 0
24 19 1 0 0 0 12 0 0 0
24 20 1 0 0 0 12 0 0 0
17 13 2 0 6 0 10 1 0 0
17 12 2 0 6 0 10 2 0 0
15 12 2 0 6 0 10 2 0 0
14 3 3 0 10 0 9 3 0 0
18 14 3 0 10 0 9 1 0 0
18 3 3 0 10 0 9 4 0 0
23 8 4 0 13 0 8 6 0 0
22 21 6 0 16 0 8 10 0 0
####
0 20 0 12 1 0 12
5 19 0 12 1 0 4
19 15 0 10 1 2 1
17 3 0 7 1 3 6
16 21 0 3 1 7 3
21 6 0 3 1 9 1
7 11 0 12 1 0 11
18 23 0 5 1 5 1
20 12 0 10 1 2 3
16 22 0 3 1 7 3
3 6 5 4 4 4 5
7 10 0 12 1 0 11
9 24 0 12 1 0 11
8 16 0 3 1 5 4
4 10 0 12 1 0 3
9 20 0 12 1 0 11
1 13 6 10 2 0 4
10 13 0 10 1 2 2
4 14 10 9 3 0 3
0 12 6 10 2 0 12
12 18 0 7 1 3 2
9 16 15 7 5 0 11
5 21 16 8 6 0 4
2 17 0 10 1 1 7
13 14 0 7 1 4 1
3 8 0 5 1 4 5
1 18 10 9 3 0 4
7 17 6 10 2 0 11
9 19 0 12 1 0 11
7 8 13 8 4 0 11
0 2 0 12 1 0 12
