1 0 3 0 4 0 9 0
1 0 3 0 2 0 5 0
1 0 3 0 2 0 5 0
2 1 0 0 0 1 0 1
2 1 2 0 1 1 8 0
3 2 1 1 1 2 6 0
3 1 0 1 0 2 0 1
4 2 1 2 1 3 5 0
5 2 1 2 1 5 4 0
6 2 1 2 1 7 3 0
7 2 1 2 1 8 2 0
8 2 1 2 0 9 1 0
9 2 0 2 0 10 0 0
####
1 0 0 8 0 9 4 0 10 0
2 0 0 8 0 9 4 0 11 0
2 1 0 8 0 9 4 0 7 0
6 5 2 0 2 0 5 2 0 0
####
7 8 0 2 1 3 5
1 3 0 5 1 0 5
10 11 0 2 1 8 2
4 6 0 4 1 1 8
4 5 0 4 1 1 8
2 8 5 4 4 0 5
5 7 0 3 1 2 6
0 7 4 4 3 0 9
2 10 7 4 6 0 5
9 10 0 2 1 7 3
8 9 0 2 1 5 4
0 5 2 5 2 0 9
2 12 9 4 8 0 5
1 9 6 4 5 0 5
0 4 0 5 1 0 9
1 11 8 4 7 0 5
11 12 0 2 1 9 1
