1 0 4 0 2 0 9 0
1 0 3 0 3 0 9 0
1 0 3 0 4 0 11 0
1 0 4 0 5 0 13 0
1 0 2 0 2 0 4 0
1 0 2 0 2 0 8 0
2 2 1 0 1 2 2 0
2 1 2 0 2 1 11 0
2 1 1 0 1 1 2 0
3 2 1 1 1 3 4 0
2 2 1 0 2 2 4 0
4 2 1 2 2 4 3 0
6 2 1 4 0 9 1 0
4 2 1 2 1 4 4 0
2 1 0 0 0 1 0 1
6 2 1 2 1 7 2 0
2 1 0 0 0 1 0 1
3 2 1 1 1 3 5 0
7 2 0 4 0 10 0 0
5 2 2 2 1 6 2 0
5 2 1 2 1 6 3 0
3 2 1 1 0 3 1 0
4 2 0 2 0 6 0 0
3 2 2 2 1 4 3 0
7 2 1 4 0 12 1 0
8 1 0 2 0 13 0 1
4 1 0 2 0 4 0 1
####
1 0 0 3 0 10 10 0 1 0
2 0 0 6 0 18 8 0 6 0
2 1 0 7 0 20 7 0 9 0
3 0 0 6 0 18 8 0 10 0
3 1 0 7 0 20 7 0 12 0
3 2 0 7 0 20 7 0 9 0
4 1 0 7 0 20 7 0 9 0
4 2 0 7 0 20 7 0 6 0
4 3 0 7 0 20 7 0 9 0
5 0 0 6 0 18 8 0 6 0
5 1 0 7 0 20 7 0 9 0
5 2 0 7 0 20 7 0 6 0
5 3 0 7 0 20 7 0 9 0
5 4 0 7 0 20 7 0 6 0
7 6 1 5 0 12 14 0 5 1
10 6 1 0 0 0 12 0 0 0
10 7 0 6 0 14 7 0 7 0
10 8 1 0 0 0 12 0 0 0
17 9 2 0 6 0 10 2 0 0
21 9 2 0 6 0 10 0 0 0
23 17 2 5 6 10 11 0 5 1
23 21 2 0 6 0 10 2 0 0
13 11 3 0 10 0 10 4 0 0
22 11 3 0 10 0 10 1 0 0
22 13 3 0 10 0 10 2 0 0
26 11 3 0 10 0 10 2 0 0
26 22 3 0 10 0 10 1 0 0
20 19 4 0 14 0 8 6 0 0
15 12 5 0 16 0 8 9 0 0
24 18 6 0 18 0 8 4 0 0
####
5 6 0 12 1 0 8
0 14 0 12 1 0 9
23 22 0 8 1 4 3
2 8 0 12 1 0 11
1 17 6 10 2 0 9
3 11 10 10 3 0 13
3 7 0 12 1 0 13
11 19 0 6 1 4 3
19 18 2 4 2 6 2
2 19 14 8 4 0 11
0 21 6 10 2 0 9
1 16 0 12 1 0 9
9 11 0 8 1 3 4
3 6 0 12 1 0 13
13 20 0 6 1 4 4
0 22 10 10 3 0 9
21 26 0 8 1 3 1
3 13 10 10 3 0 13
1 23 6 10 2 0 9
8 21 0 10 1 1 2
2 10 0 12 1 0 11
12 18 0 4 1 9 1
10 23 0 10 1 2 4
6 12 10 8 4 2 2
17 13 0 8 1 3 5
4 20 14 8 4 0 4
23 24 8 6 4 4 3
7 9 0 10 1 1 11
15 24 0 4 1 7 2
5 10 0 12 1 0 8
4 15 16 8 5 0 4
24 25 0 3 1 12 1
19 12 0 4 1 6 2
7 17 0 10 1 1 11
0 9 6 10 2 0 9
20 15 0 4 1 6 3
