1 0 3 0 4 0 10 0
1 0 3 0 1 0 8 0
1 0 4 0 4 0 16 0
1 0 2 0 3 0 22 0
4 2 1 2 0 5 1 0
1 0 3 0 4 0 18 0
1 0 2 0 3 0 8 0
2 1 0 0 0 1 0 1
2 1 3 0 2 1 5 0
4 2 1 2 3 5 7 0
2 1 2 0 3 1 21 0
8 1 0 2 0 11 0 1
5 1 0 2 0 6 0 1
4 2 1 2 1 4 8 0
9 2 1 2 2 12 3 0
5 1 3 2 2 6 6 0
10 2 2 2 0 13 2 0
7 2 1 2 1 10 5 0
3 2 2 1 2 3 17 0
5 2 1 2 1 6 7 0
11 2 0 2 0 14 0 0
11 1 0 2 0 14 0 1
6 2 1 2 1 8 6 0
3 2 1 1 1 3 2 0
3 1 0 1 0 2 0 1
6 2 1 1 1 7 2 0
6 2 1 2 0 9 1 0
6 2 0 1 0 8 0 0
8 2 1 2 1 11 4 0
7 1 0 2 0 10 0 1
7 2 1 3 0 10 1 0
####
2 0 0 7 0 19 8 0 6 0
2 1 0 10 0 23 8 0 9 0
3 0 0 7 0 19 8 0 8 0
3 1 0 10 0 23 8 0 14 0
3 2 0 10 0 23 8 0 13 0
5 0 0 7 0 19 8 0 7 0
5 1 0 10 0 23 8 0 13 0
5 2 0 10 0 23 8 0 12 0
5 3 0 10 0 23 8 0 17 0
6 1 0 10 0 23 8 0 11 0
6 2 0 10 0 23 8 0 10 0
6 3 0 10 0 23 8 0 15 0
6 5 0 10 0 23 8 0 14 0
8 7 1 0 0 0 9 0 0 0
10 8 0 6 0 16 5 0 6 0
23 18 2 0 3 0 9 2 0 0
24 23 2 0 3 0 9 1 0 0
9 4 3 0 6 0 9 0 0 0
13 9 3 0 6 0 9 4 0 0
13 4 3 0 6 0 9 4 0 0
15 12 4 0 9 0 9 2 0 0
19 15 4 0 9 0 9 6 0 0
19 12 4 0 9 0 9 6 0 0
25 22 5 0 12 0 10 8 0 0
26 22 5 0 12 0 10 8 0 0
26 25 5 0 12 0 10 4 0 0
27 22 5 0 12 0 10 0 0 0
27 25 5 0 12 0 10 4 0 0
27 26 5 0 12 0 10 4 0 0
29 17 6 0 16 0 9 3 0 0
30 17 6 0 16 0 9 3 0 0
30 29 6 0 16 0 9 3 0 0
28 11 7 0 19 0 8 5 0 0
21 20 10 0 23 0 8 10 0 0
####
23 4 0 6 1 3 2
15 27 0 7 1 6 6
3 25 12 10 5 0 22
5 13 6 9 3 0 18
0 7 0 9 1 0 10
4 12 0 6 1 5 1
16 21 0 3 1 13 2
19 22 0 7 1 6 7
2 4 6 9 3 0 16
15 26 0 7 1 6 6
1 20 23 8 10 0 8
8 24 0 6 1 1 5
25 30 0 7 1 7 2
2 9 6 9 3 0 16
9 15 0 6 1 5 7
17 28 0 5 1 10 5
3 10 0 9 1 0 22
26 29 0 7 1 9 1
5 18 3 9 2 0 18
10 18 0 6 1 1 21
18 9 0 6 1 3 17
18 13 0 6 1 3 17
15 25 0 7 1 6 6
22 17 0 7 1 8 6
8 30 13 6 5 1 5
28 14 0 3 1 11 4
13 19 0 6 1 4 8
10 23 0 6 1 1 21
0 8 0 9 1 0 10
8 26 9 7 4 1 5
0 23 3 9 2 0 10
2 17 16 9 6 0 16
6 19 9 9 4 0 8
1 22 12 10 5 0 8
2 28 19 8 7 0 16
14 16 0 2 1 12 3
1 27 12 10 5 0 8
30 11 0 5 1 10 1
5 14 21 7 8 0 18
16 20 0 3 1 13 2
6 16 22 7 9 0 8
