1 0 4 0 5 0 15 0
11 2 1 2 0 14 1 0
1 0 4 0 6 0 15 0
1 0 3 0 2 0 7 0
1 0 3 0 4 0 14 0
2 1 0 0 0 1 0 1
4 2 1 2 1 5 5 0
1 0 4 0 2 0 10 0
5 2 1 2 0 6 1 0
12 2 0 4 0 20 0 0
4 2 1 2 1 4 10 0
2 1 2 0 3 1 13 0
6 2 1 2 2 7 8 0
2 1 1 0 2 1 8 0
3 2 2 1 3 3 7 0
7 2 2 2 2 8 7 0
4 2 1 2 0 4 1 0
8 2 1 4 1 11 4 0
9 2 1 3 1 12 3 0
4 2 2 2 2 4 4 0
5 2 0 2 0 5 0 0
2 1 0 0 0 1 0 1
5 2 1 2 1 6 9 0
10 2 1 2 1 13 2 0
2 1 0 0 0 1 0 1
3 2 2 1 2 3 12 0
8 2 1 4 0 13 1 0
9 1 0 2 0 14 0 1
####
2 0 0 11 0 22 6 0 21 0
3 0 0 11 0 22 6 0 16 0
3 2 0 11 0 22 6 0 15 0
4 0 0 11 0 22 6 0 22 0
4 2 0 11 0 22 6 0 21 0
4 3 0 11 0 22 6 0 16 0
7 0 0 11 0 22 6 0 15 0
7 2 0 11 0 22 6 0 14 0
7 3 0 11 0 22 6 0 9 0
7 4 0 11 0 22 6 0 15 0
13 11 0 10 0 17 6 0 13 0
21 13 1 0 0 0 10 0 0 0
24 11 1 0 0 0 10 0 0 0
25 14 0 9 0 15 3 0 11 0
19 16 3 0 7 0 9 2 0 0
19 6 0 8 0 11 5 0 5 0
19 10 0 8 0 11 5 0 8 0
10 6 3 8 7 11 10 4 11 1
20 8 4 0 11 0 8 4 0 0
22 8 4 7 11 8 9 2 6 1
22 20 4 0 11 0 8 2 0 0
26 17 7 0 16 0 7 13 0 0
27 18 8 0 18 0 7 15 0 0
####
19 8 0 7 1 4 4
7 21 0 10 1 0 10
4 8 11 8 4 0 14
19 26 5 6 4 4 4
8 9 8 4 7 6 1
2 22 11 8 4 0 15
7 16 7 9 3 0 10
2 12 14 6 5 0 15
6 17 5 6 4 5 5
15 26 0 3 1 8 7
7 20 11 8 4 0 10
18 23 0 3 1 12 3
2 19 7 9 3 0 15
0 15 15 6 6 0 15
0 24 0 10 1 0 15
0 11 0 10 1 0 15
3 6 7 9 3 0 7
11 18 13 7 7 1 13
10 22 0 7 1 4 10
4 10 7 9 3 0 14
14 19 0 6 1 3 7
3 23 20 6 9 0 7
4 25 5 7 2 0 14
1 9 0 2 1 14 1
23 1 0 2 1 13 2
2 14 5 7 2 0 15
15 17 0 3 1 8 7
25 10 0 6 1 3 12
17 18 0 4 1 11 4
0 1 21 6 10 0 15
12 15 0 2 1 7 8
26 27 0 4 1 13 1
14 16 0 6 1 3 7
3 5 0 10 1 0 7
13 14 0 7 1 1 8
22 12 0 4 1 6 9
7 13 0 10 1 0 10
25 6 0 6 1 3 12
16 20 0 7 1 4 1
11 25 0 7 1 1 13
