1 0 4 0 4 0 10 0
1 0 3 0 4 0 12 0
1 0 4 0 5 0 14 0
1 0 3 0 2 0 7 0
2 1 3 0 4 1 12 0
5 2 1 2 0 4 1 0
1 0 2 0 2 0 13 0
7 2 1 2 0 10 1 0
2 2 1 0 1 2 4 0
3 1 1 1 2 2 5 0
5 2 1 2 0 7 1 0
5 2 1 2 2 8 4 0
2 2 1 0 1 2 7 0
3 2 1 2 1 4 3 0
7 1 0 2 0 10 0 1
5 2 1 2 0 5 1 0
3 2 1 2 1 4 6 0
4 2 2 2 2 3 4 0
6 2 0 2 0 6 0 0
8 1 0 2 0 11 0 1
4 2 1 2 1 6 2 0
2 1 0 0 0 1 0 1
6 2 2 2 1 9 3 0
6 2 0 4 0 13 0 0
4 2 1 3 1 7 5 0
####
1 0 0 7 0 19 6 0 11 0
2 0 0 7 0 19 6 0 10 0
2 1 0 7 0 19 6 0 11 0
3 0 0 5 0 14 8 0 6 0
3 1 0 5 0 14 8 0 7 0
3 2 0 5 0 14 8 0 8 0
6 0 0 7 0 19 6 0 11 0
6 1 0 7 0 19 6 0 12 0
6 2 0 7 0 19 6 0 11 0
6 3 0 5 0 14 8 0 8 0
8 4 0 4 0 10 7 0 6 0
12 4 0 6 0 15 5 0 9 0
12 8 1 0 0 0 9 0 0 0
21 4 1 0 0 0 9 0 0 0
13 9 0 3 0 7 6 0 4 0
16 13 2 0 4 0 8 1 0 0
20 17 0 2 0 4 6 0 2 0
24 17 3 0 7 0 8 3 0 0
24 20 3 0 7 0 8 1 0 0
15 5 4 0 10 0 9 6 0 0
15 10 4 0 10 0 9 3 0 0
15 11 4 0 10 0 9 5 0 0
10 5 0 1 0 0 7 0 0 0
11 5 4 0 10 0 9 5 0 0
11 10 4 0 10 0 9 3 0 0
23 18 5 0 14 0 8 8 0 0
23 22 5 0 14 0 8 5 0 0
22 18 5 0 14 0 8 7 0 0
14 7 6 0 17 0 7 8 0 0
####
3 15 10 9 4 0 7
8 13 0 7 1 2 4
0 20 7 8 3 0 10
0 7 17 7 6 0 10
0 16 4 8 2 0 10
0 10 10 9 4 0 10
12 16 0 7 1 2 7
2 5 10 9 4 0 14
5 23 0 7 1 4 1
16 24 0 6 1 4 6
17 15 0 7 1 3 4
4 9 0 7 1 1 12
11 22 0 7 1 8 4
22 14 0 5 1 9 3
7 19 0 3 1 10 1
22 7 0 5 1 9 3
9 17 0 6 1 2 5
15 18 0 7 1 5 1
4 24 3 7 2 1 12
13 20 0 6 1 4 3
17 5 0 7 1 3 4
1 13 4 8 2 0 12
20 10 0 7 1 6 2
10 23 0 7 1 7 1
6 12 0 9 1 0 13
24 11 0 7 1 7 5
1 22 14 8 5 0 12
6 8 0 9 1 0 13
1 12 0 9 1 0 12
2 21 0 9 1 0 14
4 17 3 7 2 1 12
2 11 10 9 4 0 14
3 8 0 9 1 0 7
3 18 14 8 5 0 7
2 4 0 9 1 0 14
