1 0 4 0 4 0 18 0
1 0 3 0 4 0 23 0
1 0 3 0 5 0 16 0
1 0 4 0 6 0 24 0
9 1 2 2 2 13 10 0
1 0 2 0 2 0 6 0
1 0 3 0 3 0 14 0
4 2 1 2 1 5 2 0
3 2 1 2 1 4 18 0
16 2 1 4 0 25 1 0
2 1 1 0 0 1 1 0
10 2 1 3 1 17 9 0
1 0 3 0 6 0 26 0
2 2 2 0 2 2 13 0
3 1 0 1 0 2 0 1
3 2 1 2 0 4 1 0
11 2 1 4 2 18 8 0
7 1 0 2 0 9 0 1
2 1 1 0 2 1 12 0
7 2 1 4 2 11 12 0
2 1 0 0 0 1 0 1
4 1 1 2 2 5 17 0
3 2 1 2 0 4 1 0
5 2 2 1 2 6 16 0
12 2 2 2 2 19 7 0
3 1 0 2 0 3 0 1
13 2 1 4 1 20 4 0
17 2 0 4 0 28 0 0
13 2 1 2 0 20 1 0
8 2 2 2 3 12 11 0
6 2 1 2 1 8 13 0
14 1 0 2 0 21 0 1
3 2 2 1 2 3 11 0
6 2 1 2 0 8 1 0
2 1 0 0 0 1 0 1
14 2 1 2 1 22 3 0
2 2 2 0 2 2 4 0
4 1 0 2 0 5 0 1
15 2 1 3 1 23 2 0
2 2 2 0 1 2 20 0
####
1 0 0 16 0 32 8 0 28 0
2 0 0 16 0 32 8 0 25 0
2 1 0 16 0 32 8 0 29 0
3 0 0 16 0 32 8 0 28 0
3 1 0 16 0 32 8 0 32 0
3 2 0 16 0 32 8 0 29 0
5 0 0 16 0 32 8 0 15 0
5 1 0 16 0 32 8 0 19 0
5 2 0 16 0 32 8 0 16 0
5 3 0 16 0 32 8 0 19 0
6 0 0 16 0 32 8 0 22 0
6 1 0 16 0 32 8 0 26 0
6 2 0 16 0 32 8 0 23 0
6 3 0 16 0 32 8 0 26 0
6 5 0 16 0 32 8 0 13 0
12 0 0 16 0 32 8 0 30 0
12 1 0 16 0 32 8 0 34 0
12 2 0 16 0 32 8 0 31 0
12 3 0 16 0 32 8 0 34 0
12 5 0 16 0 32 8 0 21 0
12 6 0 16 0 32 8 0 28 0
18 13 0 15 0 25 8 0 19 0
20 18 1 0 0 0 14 0 0 0
34 13 1 0 0 0 14 0 0 0
36 13 1 15 0 25 15 0 11 1
36 18 0 15 0 25 8 0 10 0
39 10 1 0 0 0 14 0 0 0
39 13 1 15 0 25 15 0 24 1
39 18 0 15 0 25 8 0 23 0
39 36 1 15 0 25 15 0 15 1
14 8 2 0 7 0 13 2 0 0
32 22 0 14 0 19 7 0 8 0
32 8 0 14 0 19 7 0 21 0
15 8 2 0 7 0 13 1 0 0
22 14 2 0 7 0 13 1 0 0
22 15 2 0 7 0 13 2 0 0
22 8 2 14 7 19 14 1 13 1
25 14 2 0 7 0 13 2 0 0
25 15 2 0 7 0 13 2 0 0
25 22 2 0 7 0 13 1 0 0
25 8 2 0 7 0 13 2 0 0
37 21 3 0 13 0 10 3 0 0
21 7 0 13 0 16 4 0 13 0
33 30 5 0 17 0 9 6 0 0
19 17 6 0 19 0 9 2 0 0
28 26 12 0 26 0 9 14 0 0
35 31 13 0 28 0 9 16 0 0
####
11 16 0 2 1 17 9
2 29 21 8 7 0 16
36 15 0 13 1 2 4
13 26 19 9 11 2 13
24 26 0 3 1 19 7
26 35 0 4 1 20 4
0 7 13 10 3 0 18
12 36 0 14 1 0 26
6 24 25 8 11 0 14
29 4 0 2 1 12 11
16 24 0 2 1 18 8
39 8 0 13 1 2 20
23 30 0 3 1 6 16
38 9 0 2 1 23 2
19 29 0 3 1 11 12
12 13 0 14 1 0 26
22 27 19 7 14 4 1
3 10 0 14 1 0 24
2 30 17 9 5 0 16
33 17 0 4 1 8 1
32 7 0 9 1 3 11
39 25 0 13 1 2 20
1 36 0 14 1 0 23
36 22 0 13 1 2 4
1 28 26 9 12 0 23
30 19 0 4 1 8 13
5 35 28 9 13 0 6
0 33 17 9 5 0 18
28 31 0 4 1 20 1
6 18 0 14 1 0 14
4 38 7 2 6 13 10
24 28 0 3 1 19 7
3 23 16 8 4 0 24
21 23 0 4 1 5 17
8 21 0 9 1 4 18
2 32 7 13 2 0 16
32 11 10 7 7 3 11
5 15 7 13 2 0 6
13 19 12 9 5 2 13
0 34 0 14 1 0 18
4 11 0 2 1 13 10
7 9 15 4 12 5 2
29 16 2 2 3 12 11
18 32 0 13 1 1 12
9 27 0 2 1 25 1
3 22 7 13 2 0 24
12 39 0 14 1 0 26
0 13 0 14 1 0 18
6 20 0 14 1 0 14
1 8 7 13 2 0 23
10 14 0 13 1 1 1
35 38 0 3 1 22 3
23 33 0 3 1 6 16
3 39 0 14 1 0 24
15 37 0 9 1 4 1
