1 0 4 0 5 0 17 0
1 0 4 0 4 0 25 0
1 0 4 0 5 0 16 0
8 2 1 2 1 11 6 0
1 0 3 0 3 0 7 0
4 2 1 2 0 5 1 0
7 2 1 2 1 9 4 0
1 0 4 0 4 0 18 0
2 1 3 0 5 1 15 0
6 2 1 2 0 8 1 0
9 1 1 2 1 12 5 0
5 2 2 2 3 6 12 0
11 2 1 4 1 17 3 0
12 2 1 3 1 18 2 0
5 1 0 2 0 6 0 1
2 1 2 0 4 1 23 0
4 2 1 2 0 5 1 0
6 2 2 3 1 9 9 0
3 2 2 1 2 3 17 0
4 2 1 2 1 5 3 0
7 2 0 2 0 10 0 0
7 2 1 2 1 10 7 0
5 2 0 2 0 6 0 0
13 2 1 2 0 19 1 0
5 2 1 2 1 7 2 0
14 2 0 4 0 23 0 0
6 2 1 2 1 7 5 0
10 2 1 1 1 13 4 0
3 2 2 2 2 4 4 0
2 1 0 0 0 1 0 1
4 2 1 2 2 5 13 0
####
1 0 0 13 0 25 6 0 32 0
2 0 0 13 0 25 6 0 24 0
2 1 0 13 0 25 6 0 26 0
4 0 0 13 0 25 6 0 21 0
4 1 0 13 0 25 6 0 23 0
4 2 0 13 0 25 6 0 15 0
7 0 0 13 0 25 6 0 31 0
7 1 0 13 0 25 6 0 33 0
7 2 0 13 0 25 6 0 25 0
7 4 0 13 0 25 6 0 22 0
15 8 0 12 0 22 4 0 24 0
29 15 1 0 0 0 8 0 0 0
28 18 2 0 3 0 7 2 0 0
19 5 3 0 5 0 9 4 0 0
19 16 3 0 5 0 9 4 0 0
16 5 3 0 5 0 9 4 0 0
30 19 3 10 5 16 10 0 13 1
30 5 3 0 5 0 9 4 0 0
30 16 3 0 5 0 9 4 0 0
24 14 4 0 9 0 9 6 0 0
24 22 4 0 9 0 9 6 0 0
24 11 4 9 9 12 10 2 11 1
14 11 4 0 9 0 9 6 0 0
22 14 4 0 9 0 9 6 0 0
22 11 4 0 9 0 9 6 0 0
17 9 5 8 13 9 9 4 7 1
26 9 5 8 13 9 9 4 4 1
26 17 5 8 13 9 9 4 11 1
20 6 6 0 16 0 8 6 0 0
21 20 6 0 16 0 8 6 0 0
21 6 6 7 16 6 9 6 9 1
####
8 13 20 4 10 1 15
1 26 13 8 5 0 25
2 8 0 8 1 0 16
17 20 0 6 1 9 9
1 15 0 8 1 0 25
2 22 9 9 4 0 16
18 19 0 6 1 3 17
8 28 0 5 1 1 15
1 29 0 8 1 0 25
0 3 19 6 7 0 17
26 6 0 6 1 7 5
18 30 0 6 1 3 17
9 25 9 4 8 8 1
7 20 16 8 6 0 18
28 5 0 6 1 4 4
24 9 0 7 1 7 2
4 9 13 8 5 0 7
12 13 0 2 1 17 3
3 10 0 2 1 11 6
16 22 0 8 1 5 1
1 5 5 9 3 0 25
0 11 9 9 4 0 17
10 27 0 2 1 12 5
15 18 0 5 1 1 23
4 24 9 9 4 0 7
7 23 24 6 12 0 18
23 25 0 2 1 19 1
2 16 5 9 3 0 16
28 16 0 6 1 4 4
7 27 21 6 9 0 18
7 18 3 7 2 0 18
19 24 0 8 1 5 3
11 26 0 7 1 6 12
8 17 10 6 4 1 15
0 30 5 9 3 0 17
6 12 3 4 4 9 4
13 23 0 2 1 18 2
11 17 0 7 1 6 12
4 6 16 8 6 0 7
0 19 5 9 3 0 17
2 21 16 8 6 0 16
27 12 0 2 1 13 4
21 3 0 4 1 10 7
5 14 0 8 1 5 1
17 21 0 6 1 9 9
15 28 0 5 1 1 23
30 11 0 8 1 5 13
