1 0 3 0 5 0 20 0
1 0 4 0 3 0 9 0
1 0 2 0 2 0 5 0
1 0 4 0 5 0 14 0
5 2 1 2 1 7 4 0
1 0 2 0 3 0 11 0
2 1 2 0 3 1 9 0
2 1 2 0 2 1 7 0
8 2 1 3 0 12 1 0
1 0 4 0 4 0 15 0
2 1 2 0 2 1 11 0
5 2 1 3 0 7 1 0
6 2 1 2 1 9 3 0
3 2 1 2 1 4 6 0
2 2 1 0 1 2 2 0
3 2 2 1 3 3 7 0
3 2 1 2 0 4 1 0
6 1 0 2 0 8 0 1
4 2 2 2 2 5 4 0
4 2 0 2 0 6 0 0
5 1 0 2 0 6 0 1
9 2 0 2 0 13 0 0
7 2 1 2 1 11 2 0
5 2 1 2 0 7 1 0
3 2 1 1 1 3 3 0
4 2 1 2 0 5 1 0
4 2 1 2 1 6 5 0
5 2 1 2 0 6 1 0
6 2 0 4 0 13 0 0
4 2 1 2 1 5 2 0
####
1 0 0 8 0 23 7 0 9 0
2 0 0 5 0 18 9 0 5 0
2 1 0 3 0 8 11 0 2 0
3 0 0 8 0 23 7 0 14 0
3 1 0 8 0 23 7 0 9 0
3 2 0 3 0 8 11 0 3 0
5 0 0 8 0 23 7 0 12 0
5 1 0 8 0 23 7 0 7 0
5 2 0 5 0 18 9 0 3 0
5 3 0 8 0 23 7 0 12 0
9 0 0 8 0 23 7 0 10 0
9 1 0 8 0 23 7 0 5 0
9 2 0 5 0 18 9 0 4 0
9 3 0 8 0 23 7 0 10 0
9 5 0 8 0 23 7 0 8 0
10 6 1 4 0 14 13 0 7 1
10 7 0 7 0 19 5 0 12 0
15 13 2 0 4 0 10 2 0 0
16 13 2 0 4 0 10 1 0 0
16 15 2 0 4 0 10 1 0 0
24 13 2 0 4 0 10 2 0 0
24 15 2 3 4 10 13 2 4 1
24 16 2 0 4 0 10 0 0 0
19 18 3 0 8 0 11 3 0 0
25 18 3 0 8 0 11 4 0 0
25 19 3 0 8 0 11 0 0 0
26 18 3 0 8 0 11 4 0 0
26 19 3 0 8 0 11 3 0 0
26 25 3 0 8 0 11 4 0 0
29 18 3 2 8 5 14 4 2 1
29 19 3 0 8 0 11 0 0 0
29 25 3 0 8 0 11 4 0 0
29 26 3 0 8 0 11 4 0 0
23 20 4 0 13 0 11 6 0 0
23 4 4 0 13 0 11 6 0 0
23 11 4 0 13 0 11 7 0 0
20 4 4 0 13 0 11 6 0 0
20 11 4 0 13 0 11 7 0 0
27 23 4 0 13 0 11 6 0 0
27 20 4 0 13 0 11 6 0 0
27 4 4 0 13 0 11 6 0 0
27 11 4 1 13 0 14 7 0 1
11 4 4 0 13 0 11 7 0 0
17 12 5 0 18 0 9 8 0 0
28 17 5 0 18 0 9 12 0 0
28 12 5 0 18 0 9 12 0 0
####
0 27 13 11 4 0 20
13 26 0 9 1 4 6
11 28 0 8 1 7 1
4 12 0 8 1 7 4
5 26 8 11 3 0 11
0 10 0 10 1 0 20
3 7 0 10 1 0 14
1 29 8 11 3 0 9
18 23 0 10 1 5 4
3 24 4 10 2 0 14
1 25 8 11 3 0 9
23 17 0 8 1 7 1
9 15 4 10 2 0 15
9 21 23 7 8 0 15
18 27 0 10 1 5 4
5 18 8 11 3 0 11
2 23 13 11 4 0 5
15 18 0 9 1 3 7
3 16 4 10 2 0 14
6 15 0 8 1 1 9
27 28 0 8 1 6 1
9 14 0 10 1 0 15
15 25 0 9 1 3 7
6 11 9 9 3 1 9
10 13 0 8 1 1 11
8 21 0 2 1 12 1
29 11 0 10 1 5 2
10 24 0 8 1 1 11
1 19 8 11 3 0 9
26 4 0 10 1 6 5
16 19 0 9 1 4 1
2 14 0 10 1 0 5
12 22 0 4 1 9 3
7 8 18 5 6 1 7
24 29 0 9 1 3 3
1 22 21 7 6 0 9
14 16 0 8 1 2 2
7 13 0 8 1 1 7
0 6 0 10 1 0 20
22 8 0 2 1 11 2
25 20 0 10 1 5 1
3 4 13 11 4 0 14
9 12 18 9 5 0 15
