1 0 2 0 0 0 2 0
1 0 3 0 5 0 20 0
11 1 1 2 2 15 4 0
1 0 3 0 4 0 16 0
1 0 3 0 3 0 11 0
6 2 1 2 1 8 9 0
1 0 2 0 2 0 13 0
1 0 4 0 4 0 12 0
13 2 1 2 0 19 1 0
4 2 1 2 2 5 12 0
13 2 0 2 0 19 0 0
2 1 3 0 4 1 16 0
9 2 1 2 1 13 6 0
2 1 1 0 2 1 6 0
2 1 0 0 0 1 0 1
3 2 2 1 1 3 10 0
3 2 2 1 2 3 5 0
2 1 0 0 0 1 0 1
7 2 1 4 1 10 8 0
12 2 2 3 1 18 3 0
5 2 2 2 1 7 11 0
8 2 1 2 1 12 7 0
6 2 0 4 0 9 0 0
3 2 2 1 1 3 13 0
3 1 0 1 0 2 0 1
2 1 0 0 0 1 0 1
14 2 0 4 0 20 0 0
2 1 0 0 0 1 0 1
10 2 1 2 1 14 5 0
4 1 0 2 0 4 0 1
####
3 1 0 13 0 23 7 0 27 0
4 1 0 13 0 23 7 0 22 0
4 3 0 13 0 23 7 0 19 0
6 1 0 13 0 23 7 0 25 0
6 3 0 13 0 23 7 0 22 0
6 4 0 13 0 23 7 0 17 0
7 1 0 13 0 23 7 0 24 0
7 3 0 13 0 23 7 0 21 0
7 4 0 13 0 23 7 0 16 0
7 6 0 13 0 23 7 0 19 0
13 11 1 12 0 17 13 0 15 1
27 14 1 0 0 0 12 0 0 0
16 15 2 11 6 13 11 2 9 1
23 15 2 11 6 13 11 2 17 1
23 16 2 11 6 13 11 2 12 1
24 15 2 0 6 0 10 2 0 0
24 16 2 0 6 0 10 2 0 0
24 23 2 0 6 0 10 2 0 0
29 9 3 0 10 0 8 4 0 0
22 5 5 0 13 0 8 9 0 0
10 8 12 0 21 0 8 28 0 0
####
19 8 0 3 1 18 3
3 15 6 10 2 0 16
6 9 10 8 3 0 13
0 27 0 12 1 0 2
7 12 17 7 8 0 12
0 14 0 12 1 0 2
6 28 18 7 9 0 13
11 23 0 10 1 1 16
23 26 13 5 11 3 13
11 24 0 10 1 1 16
3 17 0 12 1 0 16
1 11 0 12 1 0 20
7 20 12 7 4 0 12
2 19 0 2 1 15 4
5 18 0 3 1 8 9
16 29 0 6 1 3 5
13 16 0 10 1 1 6
28 2 0 2 1 14 5
1 5 13 8 5 0 20
7 10 21 8 12 0 12
15 18 5 5 4 3 10
21 12 0 2 1 12 7
12 28 0 2 1 13 6
19 10 0 3 1 18 3
15 22 3 6 3 3 10
20 22 0 3 1 7 11
9 20 0 3 1 5 12
3 23 6 10 2 0 16
1 13 0 12 1 0 20
4 16 6 10 2 0 11
4 25 0 12 1 0 11
20 5 0 3 1 7 11
16 19 10 5 9 3 5
18 21 0 2 1 10 8
8 26 0 3 1 19 1
23 9 0 6 1 3 13
4 21 16 7 7 0 11
11 15 0 10 1 1 16
7 8 21 8 12 0 12
