1 0 1 0 2 0 12 0
1 0 4 0 4 0 12 0
1 0 3 0 3 0 9 0
1 0 2 0 3 0 12 0
1 0 3 0 6 0 21 0
2 1 3 0 2 1 10 0
1 0 3 0 3 0 10 0
6 2 1 2 0 10 1 0
2 1 3 0 4 1 20 0
3 1 2 1 3 2 7 0
6 2 1 2 1 8 6 0
3 2 2 1 2 3 11 0
4 2 1 2 1 5 8 0
3 2 1 2 2 4 7 0
3 1 0 1 0 2 0 1
4 2 1 2 0 5 1 0
8 2 1 2 1 11 4 0
4 2 2 2 3 6 6 0
7 1 0 2 0 11 0 1
3 2 1 1 0 3 1 0
11 2 0 2 0 15 0 0
9 2 1 2 2 12 3 0
7 2 1 2 1 9 5 0
2 1 0 0 0 1 0 1
10 2 2 2 0 13 2 0
5 2 2 2 1 8 3 0
5 2 1 3 0 7 1 0
6 2 0 4 0 12 0 0
6 1 0 2 0 9 0 1
5 2 1 2 1 6 7 0
11 2 0 4 0 15 0 0
####
1 0 0 10 0 23 8 0 11 0
2 0 0 10 0 23 8 0 13 0
2 1 0 10 0 23 8 0 8 0
3 0 0 10 0 23 8 0 8 0
3 1 0 10 0 23 8 0 3 0
3 2 0 10 0 23 8 0 5 0
4 0 0 10 0 23 8 0 18 0
4 1 0 10 0 23 8 0 13 0
4 2 0 10 0 23 8 0 15 0
4 3 0 10 0 23 8 0 9 0
6 0 0 10 0 23 8 0 16 0
6 1 0 10 0 23 8 0 11 0
6 2 0 10 0 23 8 0 13 0
6 3 0 10 0 23 8 0 7 0
6 4 0 10 0 23 8 0 18 0
8 5 0 5 0 15 5 0 9 0
11 9 0 3 0 6 9 0 3 0
13 9 2 4 3 10 13 2 6 1
13 11 2 3 3 6 15 2 3 1
14 9 2 0 3 0 11 2 0 0
14 13 2 0 3 0 11 2 0 0
19 11 2 8 3 15 13 2 7 1
19 13 2 0 3 0 11 2 0 0
15 12 3 0 8 0 9 2 0 0
17 12 3 0 8 0 9 4 0 0
17 15 3 2 8 3 13 4 1 1
26 25 4 0 11 0 9 8 0 0
29 25 4 0 11 0 9 6 0 0
29 26 4 0 11 0 9 6 0 0
27 7 5 0 14 0 10 2 0 0
27 10 5 0 14 0 10 5 0 0
28 7 5 0 14 0 10 2 0 0
28 27 5 0 14 0 10 2 0 0
28 10 5 0 14 0 10 8 0 0
10 7 5 0 14 0 10 0 0 0
22 18 6 0 18 0 8 2 0 0
30 20 10 0 23 0 8 16 0 0
####
9 26 3 8 2 2 7
24 30 0 3 1 13 2
5 9 0 8 1 1 10
15 27 3 7 2 5 1
8 13 0 8 1 1 20
4 8 0 9 1 0 21
5 13 0 8 1 1 10
1 15 8 9 3 0 12
13 17 0 8 1 4 7
8 19 0 8 1 1 20
2 22 18 8 6 0 9
16 21 0 2 1 11 4
17 25 0 6 1 6 6
1 25 11 9 4 0 12
6 29 11 9 4 0 10
1 16 20 7 7 0 12
3 20 23 8 10 0 12
22 16 0 3 1 9 5
0 11 3 11 2 0 12
9 17 0 8 1 2 7
4 24 22 7 9 0 21
10 22 0 6 1 8 6
1 23 0 9 1 0 12
8 11 0 8 1 1 20
7 18 0 6 1 10 1
2 10 14 10 5 0 9
25 7 0 7 1 8 3
17 26 0 6 1 6 6
12 29 0 6 1 5 8
6 12 8 9 3 0 10
11 12 0 8 1 3 11
25 28 0 7 1 8 3
24 20 0 3 1 13 2
6 19 3 11 2 0 10
3 5 0 9 1 0 12
2 7 14 10 5 0 9
26 27 0 7 1 7 1
29 10 0 7 1 6 7
5 14 0 8 1 1 10
19 30 15 7 8 3 1
4 21 21 7 8 0 21
11 15 0 8 1 3 11
21 24 0 2 1 12 3
