1 0 3 0 2 0 8 0
1 0 3 0 2 0 12 0
2 1 0 0 0 1 0 1
1 0 3 0 4 0 12 0
1 0 4 0 7 0 16 0
2 1 0 0 0 1 0 1
1 0 4 0 4 0 16 0
1 0 2 0 3 0 7 0
4 2 1 2 1 5 10 0
2 1 3 0 2 1 15 0
4 2 1 2 0 4 1 0
7 2 0 3 0 9 0 0
3 2 1 1 1 2 2 0
5 2 1 2 2 7 9 0
10 2 1 2 1 13 2 0
4 2 1 2 0 4 1 0
7 2 1 2 2 9 6 0
2 1 2 0 2 1 6 0
8 2 2 2 1 10 5 0
3 2 1 1 1 3 2 0
5 1 0 2 0 5 0 1
5 1 0 2 0 6 0 1
3 2 1 1 1 3 2 0
12 2 0 4 0 19 0 0
4 2 1 2 0 5 1 0
6 2 2 2 1 8 8 0
9 2 1 2 1 12 3 0
9 1 0 2 0 11 0 1
11 2 1 2 0 14 1 0
3 2 1 1 1 3 11 0
####
1 0 0 11 0 23 7 0 11 0
3 0 0 11 0 23 7 0 12 0
3 1 0 11 0 23 7 0 17 0
4 0 0 11 0 23 7 0 13 0
4 1 0 11 0 23 7 0 18 0
4 3 0 11 0 23 7 0 19 0
6 0 0 11 0 23 7 0 12 0
6 1 0 11 0 23 7 0 17 0
6 3 0 11 0 23 7 0 18 0
6 4 0 11 0 23 7 0 19 0
7 0 0 11 0 23 7 0 6 0
7 1 0 11 0 23 7 0 11 0
7 3 0 11 0 23 7 0 12 0
7 4 0 11 0 23 7 0 13 0
7 6 0 11 0 23 7 0 12 0
17 9 0 10 0 19 5 0 11 0
22 19 2 0 4 0 10 2 0 0
29 12 2 0 4 0 10 2 0 0
29 22 0 9 0 15 5 0 9 0
15 8 3 0 8 0 10 4 0 0
10 8 0 8 0 11 5 0 7 0
24 15 3 0 8 0 10 0 0 0
24 10 3 0 8 0 10 4 0 0
24 8 3 0 8 0 10 1 0 0
20 13 4 0 12 0 9 6 0 0
21 20 4 0 12 0 9 2 0 0
21 13 4 0 12 0 9 3 0 0
16 11 6 0 16 0 8 6 0 0
27 26 8 0 19 0 8 10 0 0
####
25 16 0 3 1 8 8
3 25 15 7 5 0 12
26 14 0 3 1 12 3
8 13 0 7 1 5 10
15 20 0 7 1 4 1
4 18 18 7 7 0 16
0 2 0 10 1 0 8
18 26 0 3 1 10 5
9 29 0 8 1 1 15
4 12 4 10 2 0 16
6 24 8 10 3 0 16
4 9 0 10 1 0 16
29 8 0 8 1 3 11
6 29 4 10 2 0 16
13 25 0 4 1 7 9
28 23 0 2 1 14 1
18 27 0 3 1 10 5
1 14 21 7 9 0 12
1 5 0 10 1 0 12
9 11 12 6 5 1 15
7 10 8 10 3 0 7
22 10 0 8 1 3 2
6 15 8 10 3 0 16
16 18 0 3 1 9 6
14 28 0 2 1 13 2
25 11 0 3 1 8 8
17 19 0 8 1 1 6
4 28 22 7 10 0 16
3 13 12 9 4 0 12
19 24 0 8 1 3 2
17 22 0 8 1 1 6
10 23 11 5 8 4 1
12 15 0 8 1 2 2
0 26 19 8 8 0 8
3 22 4 10 2 0 12
0 19 4 10 2 0 8
1 8 8 10 3 0 12
7 17 0 10 1 0 7
24 21 0 7 1 5 1
6 16 16 8 6 0 16
9 12 0 8 1 1 15
