1 0 3 0 3 0 9 0
1 0 2 0 2 0 3 0
1 0 3 0 2 0 6 0
2 1 0 0 0 1 0 1
2 1 2 0 2 1 7 0
3 2 1 1 1 2 2 0
4 2 1 2 1 5 2 0
4 2 1 2 0 4 1 0
5 2 1 2 0 6 1 0
3 2 1 1 1 3 3 0
5 2 0 2 0 5 0 0
6 1 0 2 0 7 0 1
####
1 0 0 5 0 8 4 0 6 0
2 0 0 5 0 8 4 0 7 0
2 1 0 5 0 8 4 0 5 0
4 3 1 0 0 0 5 0 0 0
9 5 2 0 2 0 5 2 0 0
7 6 3 0 4 0 5 4 0 0
10 8 4 0 6 0 5 6 0 0
####
2 7 4 5 3 0 6
4 9 0 4 1 1 7
6 8 0 4 1 5 2
2 9 2 5 2 0 6
4 5 0 4 1 1 7
8 11 0 3 1 6 1
5 7 0 4 1 2 2
2 10 6 5 4 0 6
1 8 6 5 4 0 3
1 6 4 5 3 0 3
0 5 2 5 2 0 9
7 10 0 4 1 4 1
0 4 0 5 1 0 9
0 3 0 5 1 0 9
9 6 0 4 1 3 3
