1 0 3 0 3 0 14 0
1 0 2 0 1 0 8 0
1 0 2 0 1 0 3 0
1 0 3 0 2 0 10 0
1 0 2 0 2 0 4 0
1 0 2 0 1 0 2 0
2 1 2 0 2 1 12 0
3 2 1 1 2 3 4 0
4 1 2 2 1 4 3 0
7 2 1 2 1 9 2 0
3 2 1 1 1 3 6 0
8 2 1 2 0 11 1 0
2 1 0 0 0 1 0 1
9 1 0 2 0 12 0 1
5 2 1 2 1 6 4 0
5 2 1 1 0 6 1 0
2 1 0 0 0 1 0 1
2 1 0 0 0 1 0 1
6 2 0 2 0 7 0 0
4 2 1 2 1 4 5 0
5 2 0 1 0 5 0 0
6 2 1 2 1 8 3 0
####
1 0 0 8 0 15 7 0 13 0
2 0 0 8 0 15 7 0 8 0
2 1 0 8 0 15 7 0 7 0
3 0 0 8 0 15 7 0 11 0
3 1 0 8 0 15 7 0 10 0
3 2 0 8 0 15 7 0 5 0
4 0 0 8 0 15 7 0 10 0
4 1 0 8 0 15 7 0 9 0
4 2 0 8 0 15 7 0 4 0
4 3 0 8 0 15 7 0 7 0
5 0 0 5 0 11 8 0 5 0
5 3 0 5 0 11 8 0 4 0
12 6 1 0 0 0 10 0 0 0
10 7 2 0 4 0 8 2 0 0
19 8 3 0 6 0 8 4 0 0
15 14 4 0 8 0 9 6 0 0
20 15 4 0 8 0 9 6 0 0
20 14 4 0 8 0 9 6 0 0
21 18 5 0 11 0 8 8 0 0
####
1 17 0 10 1 0 8
21 9 0 3 1 8 3
3 7 4 8 2 0 10
3 14 8 9 4 0 10
6 7 0 6 1 1 12
4 9 13 7 6 0 4
6 10 0 6 1 1 12
5 18 11 8 5 0 2
3 20 8 9 4 0 10
19 14 0 5 1 4 5
8 20 0 5 1 4 3
9 11 0 2 1 9 2
15 18 0 5 1 6 1
1 10 4 8 2 0 8
8 15 0 5 1 4 3
11 13 0 2 1 11 1
2 16 0 10 1 0 3
10 19 0 4 1 3 6
0 12 0 10 1 0 14
5 15 8 9 4 0 2
0 19 6 8 3 0 14
2 11 14 7 7 0 3
0 6 0 10 1 0 14
14 21 0 5 1 6 4
4 21 11 8 5 0 4
7 8 0 4 1 3 4
