1 0 3 0 4 0 18 0
1 0 2 0 2 0 6 0
2 1 0 0 0 1 0 1
1 0 4 0 4 0 10 0
9 2 1 2 1 13 3 0
1 0 4 0 7 0 19 0
2 1 0 0 0 1 0 1
7 2 1 2 2 9 5 0
10 2 1 4 1 18 2 0
1 0 4 0 1 0 12 0
2 1 2 0 3 1 14 0
2 1 3 0 4 1 12 0
5 1 0 2 0 5 0 1
5 2 1 2 1 5 4 0
3 1 2 1 1 2 11 0
11 2 1 4 0 19 1 0
4 2 1 1 1 4 9 0
3 2 2 1 2 2 8 0
5 2 1 2 2 6 8 0
4 1 0 1 0 3 0 1
3 2 0 1 0 3 0 0
4 2 1 2 1 4 5 0
6 2 1 2 1 7 3 0
6 2 2 2 1 8 7 0
8 2 2 3 2 11 4 0
3 2 1 1 0 3 1 0
7 2 0 2 0 9 0 0
12 1 0 2 0 20 0 1
4 2 1 2 0 4 1 0
1 0 1 0 0 0 1 0
4 2 0 2 0 5 0 0
####
1 0 0 11 0 24 7 0 16 0
3 0 0 11 0 24 7 0 20 0
3 1 0 11 0 24 7 0 10 0
5 0 0 11 0 24 7 0 25 0
5 1 0 11 0 24 7 0 15 0
5 3 0 11 0 24 7 0 19 0
9 0 0 11 0 24 7 0 21 0
9 1 0 11 0 24 7 0 11 0
9 3 0 11 0 24 7 0 15 0
9 5 0 11 0 24 7 0 20 0
11 10 0 10 0 20 5 0 17 0
17 14 0 9 0 16 5 0 13 0
20 17 2 0 4 0 10 2 0 0
25 14 2 0 4 0 10 2 0 0
25 17 2 0 4 0 10 1 0 0
25 20 2 0 4 0 10 1 0 0
19 16 3 0 8 0 11 4 0 0
21 16 3 8 8 11 12 2 11 1
21 19 3 0 8 0 11 2 0 0
28 21 3 0 8 0 11 4 0 0
30 16 3 0 8 0 11 4 0 0
30 19 3 0 8 0 11 4 0 0
30 21 3 0 8 0 11 2 0 0
30 28 3 0 8 0 11 3 0 0
18 13 4 7 13 8 10 4 9 1
18 12 4 0 13 0 9 3 0 0
13 12 4 0 13 0 9 6 0 0
23 22 5 6 16 6 9 6 7 1
26 7 6 0 18 0 8 10 0 0
####
9 26 18 8 6 0 12
15 27 0 2 1 19 1
13 22 0 5 1 5 4
4 8 0 2 1 13 3
24 4 0 2 1 11 4
0 10 0 10 1 0 18
23 26 0 4 1 8 7
11 24 16 5 6 1 12
3 7 18 8 6 0 10
28 12 0 8 1 4 1
23 7 0 4 1 8 7
21 13 0 8 1 4 5
18 23 0 5 1 6 8
0 21 8 11 3 0 18
25 30 0 9 1 3 1
17 28 0 9 1 2 8
7 24 0 3 1 9 5
5 18 13 9 4 0 19
5 25 4 10 2 0 19
3 6 0 10 1 0 10
1 28 8 11 3 0 6
16 18 0 8 1 4 9
8 15 0 2 1 18 2
9 20 4 10 2 0 12
5 11 0 10 1 0 19
14 19 0 9 1 2 11
3 23 16 8 5 0 10
5 17 4 10 2 0 19
24 15 2 2 3 11 4
1 4 21 7 8 0 6
9 16 8 11 3 0 12
29 2 0 10 1 0 1
11 17 0 8 1 1 12
14 16 0 9 1 2 11
3 22 16 8 5 0 10
0 13 13 9 4 0 18
10 25 0 8 1 1 14
17 21 0 9 1 2 8
10 14 0 8 1 1 14
11 20 0 8 1 1 12
9 30 8 11 3 0 12
22 8 4 3 4 7 3
