1 0 2 0 2 0 5 0
1 0 3 0 3 0 9 0
1 0 4 0 5 0 14 0
1 0 3 0 2 0 6 0
2 1 1 0 1 1 2 0
1 0 3 0 4 0 17 0
1 0 2 0 2 0 7 0
2 1 1 0 1 1 2 0
5 2 1 2 1 8 3 0
1 0 4 0 5 0 20 0
2 2 2 0 1 2 7 0
2 1 3 0 2 1 10 0
3 2 1 2 1 4 5 0
3 1 0 1 0 2 0 1
3 2 1 1 1 2 5 0
3 2 1 1 0 3 1 0
7 2 1 2 0 11 1 0
8 2 0 2 0 13 0 0
4 2 1 2 1 4 4 0
4 2 0 2 0 5 0 0
4 2 1 2 0 6 1 0
2 2 1 0 2 2 4 0
4 2 1 2 1 6 4 0
5 2 1 2 1 6 3 0
4 1 0 2 0 5 0 1
5 1 0 2 0 7 0 1
3 2 2 2 1 4 3 0
3 2 0 2 0 4 0 0
8 1 0 2 0 12 0 1
6 2 1 2 1 8 2 0
6 2 1 3 1 10 2 0
7 2 1 3 0 11 1 0
####
1 0 0 3 0 11 12 0 2 0
2 1 0 7 0 23 9 0 10 0
3 0 0 4 0 16 10 0 3 0
3 1 0 7 0 23 9 0 5 0
3 2 0 7 0 23 9 0 8 0
5 0 0 4 0 16 10 0 5 0
5 1 0 7 0 23 9 0 11 0
5 2 0 7 0 23 9 0 9 0
5 3 0 7 0 23 9 0 5 0
6 1 0 7 0 23 9 0 8 0
6 2 0 7 0 23 9 0 8 0
6 3 0 7 0 23 9 0 4 0
6 5 0 7 0 23 9 0 5 0
9 0 0 4 0 16 10 0 5 0
9 1 0 7 0 23 9 0 11 0
9 2 0 7 0 23 9 0 10 0
9 3 0 7 0 23 9 0 6 0
9 5 0 7 0 23 9 0 7 0
9 6 0 7 0 23 9 0 6 0
11 4 0 6 0 18 7 0 6 0
11 10 0 6 0 18 7 0 7 0
21 10 1 0 0 0 12 0 0 0
14 13 2 0 5 0 13 2 0 0
15 12 2 0 5 0 13 1 0 0
26 12 2 0 5 0 13 2 0 0
26 15 2 0 5 0 13 1 0 0
27 12 2 0 5 0 13 2 0 0
27 13 2 0 5 0 13 1 0 0
27 14 2 0 5 0 13 1 0 0
27 15 2 0 5 0 13 1 0 0
27 26 2 0 5 0 13 2 0 0
19 18 3 0 11 0 12 1 0 0
22 18 3 0 11 0 12 2 0 0
22 19 3 0 11 0 12 3 0 0
22 20 3 0 11 0 12 4 0 0
20 18 3 0 11 0 12 2 0 0
20 19 3 0 11 0 12 1 0 0
24 18 3 0 11 0 12 2 0 0
24 19 3 0 11 0 12 1 0 0
24 22 3 0 11 0 12 4 0 0
24 20 3 0 11 0 12 2 0 0
23 8 4 0 16 0 10 4 0 0
25 8 4 0 16 0 10 6 0 0
25 23 4 0 16 0 10 3 0 0
30 29 5 0 19 0 9 7 0 0
31 16 6 0 21 0 9 9 0 0
28 17 7 0 23 0 9 11 0 0
####
26 24 0 11 1 4 3
20 25 0 8 1 6 1
2 22 11 12 3 0 14
11 14 0 11 1 1 10
9 18 11 12 3 0 20
15 19 0 11 1 3 1
4 31 16 7 5 1 2
3 17 23 9 7 0 6
5 23 16 10 4 0 17
18 23 0 8 1 4 4
16 17 0 4 1 11 1
26 20 0 11 1 4 3
7 15 0 11 1 1 2
9 15 5 13 2 0 20
6 29 19 9 5 0 7
9 21 0 12 1 0 20
1 16 21 9 6 0 9
29 31 0 4 1 8 2
14 18 0 11 1 2 5
10 12 0 11 1 2 7
3 20 11 12 3 0 6
10 27 0 11 1 2 7
2 27 5 13 2 0 14
11 13 0 11 1 1 10
21 26 0 11 1 2 4
11 30 14 7 4 1 10
23 29 0 5 1 6 3
9 10 0 12 1 0 20
8 30 0 5 1 8 3
5 21 0 12 1 0 17
30 16 0 4 1 10 2
2 14 5 13 2 0 14
12 22 0 11 1 4 5
31 28 0 4 1 11 1
5 10 0 12 1 0 17
6 8 16 10 4 0 7
1 12 5 13 2 0 9
0 26 5 13 2 0 5
0 19 11 12 3 0 5
2 11 0 12 1 0 14
22 8 0 8 1 6 4
1 7 0 12 1 0 9
3 4 0 12 1 0 6
