6 1 2 2 2 10 3 0
1 0 3 0 5 0 16 0
1 0 3 0 3 0 10 0
1 0 3 0 3 0 6 0
1 0 2 0 1 0 7 0
1 0 1 0 1 0 4 0
4 2 1 2 1 7 5 0
1 0 4 0 3 0 11 0
2 1 3 0 2 1 8 0
8 2 1 3 0 13 1 0
3 2 1 1 1 3 3 0
2 2 1 0 1 2 7 0
4 2 1 2 1 5 2 0
2 2 1 0 1 2 5 0
5 2 1 2 0 6 1 0
2 2 1 0 1 2 7 0
6 2 0 2 0 8 0 0
2 2 1 0 1 2 3 0
3 2 1 3 1 5 6 0
5 2 1 4 2 9 4 0
3 2 1 1 1 3 2 0
7 2 1 3 1 12 2 0
9 2 0 4 0 18 0 0
3 1 0 1 0 2 0 1
4 2 1 2 0 4 1 0
####
2 1 0 8 0 18 7 0 19 0
3 1 0 8 0 18 7 0 12 0
3 2 0 8 0 18 7 0 11 0
4 1 0 8 0 18 7 0 15 0
4 2 0 8 0 18 7 0 14 0
4 3 0 8 0 18 7 0 7 0
5 1 0 5 0 14 8 0 7 0
5 3 0 5 0 14 8 0 5 0
5 4 0 5 0 14 8 0 3 0
7 1 0 8 0 18 7 0 20 0
7 2 0 8 0 18 7 0 19 0
7 3 0 8 0 18 7 0 12 0
7 4 0 8 0 18 7 0 15 0
11 8 1 7 0 13 12 0 8 1
13 8 0 7 0 13 6 0 6 0
13 11 1 7 0 13 12 0 10 1
15 8 0 7 0 13 6 0 8 0
15 11 1 7 0 13 12 0 12 1
15 13 1 7 0 13 12 0 10 1
17 8 0 7 0 13 6 0 4 0
17 11 1 7 0 13 12 0 8 1
17 13 1 7 0 13 12 0 6 1
17 15 1 7 0 13 12 0 8 1
18 10 2 0 5 0 10 2 0 0
20 10 2 0 5 0 10 2 0 0
20 18 2 6 5 9 11 2 6 1
23 10 2 0 5 0 10 2 0 0
23 18 2 0 5 0 10 2 0 0
23 20 2 0 5 0 10 2 0 0
12 6 3 0 9 0 9 4 0 0
24 12 3 0 9 0 9 4 0 0
24 6 3 5 9 6 10 4 4 1
19 14 4 0 12 0 8 6 0 0
16 0 5 0 14 0 8 8 0 0
####
8 23 0 9 1 1 8
9 22 0 2 1 13 1
21 9 0 2 1 12 2
19 0 0 4 1 9 4
7 11 0 11 1 0 11
24 22 6 4 5 4 1
1 11 0 11 1 0 16
3 24 9 9 3 0 6
0 21 0 3 1 10 3
7 15 0 11 1 0 11
0 9 1 3 2 10 3
3 20 5 10 2 0 6
8 10 0 9 1 1 8
10 12 0 7 1 3 3
8 20 0 9 1 1 8
1 14 12 8 4 0 16
2 13 0 11 1 0 10
15 18 0 9 1 2 7
11 18 0 9 1 2 7
12 14 0 5 1 5 2
4 16 14 8 5 0 7
18 6 0 7 1 5 6
13 19 7 7 3 2 5
2 17 0 11 1 0 10
6 19 0 5 1 7 5
3 12 9 9 3 0 6
5 10 5 10 2 0 4
14 16 0 4 1 6 1
20 24 0 7 1 3 2
4 6 9 9 3 0 7
7 13 0 11 1 0 11
17 21 11 6 5 2 3
1 8 0 11 1 0 16
7 17 0 11 1 0 11
2 15 0 11 1 0 10
