1 0 4 0 3 0 19 0
1 0 4 0 5 0 14 0
1 0 3 0 4 0 9 0
1 0 1 0 2 0 17 0
5 2 2 2 2 9 8 0
1 0 2 0 3 0 16 0
1 0 3 0 2 0 9 0
2 1 3 0 4 1 14 0
7 2 1 4 0 16 1 0
5 2 1 3 2 9 4 0
2 1 0 0 0 1 0 1
2 1 2 0 2 1 5 0
2 1 3 0 2 1 7 0
1 0 2 0 3 0 20 0
2 2 1 0 1 2 2 0
3 2 1 1 1 2 2 0
7 2 1 2 2 13 4 0
3 2 1 2 0 4 1 0
2 2 2 0 2 2 16 0
8 2 2 3 1 14 3 0
3 2 1 2 1 4 6 0
8 1 0 2 0 17 0 1
6 2 1 3 1 12 5 0
10 2 0 3 0 17 0 0
6 2 2 3 1 12 3 0
3 2 1 3 1 5 10 0
9 1 0 2 0 15 0 1
4 2 1 2 1 6 5 0
2 1 0 0 0 1 0 1
7 1 0 2 0 13 0 1
3 2 0 1 0 3 0 0
9 2 1 4 0 16 1 0
4 2 0 2 0 6 0 0
2 1 0 0 0 1 0 1
4 2 1 2 2 7 9 0
####
1 0 0 9 0 27 8 0 11 0
2 0 0 9 0 27 8 0 12 0
2 1 0 9 0 27 8 0 11 0
3 0 0 9 0 27 8 0 14 0
3 1 0 9 0 27 8 0 13 0
3 2 0 9 0 27 8 0 14 0
5 0 0 9 0 27 8 0 14 0
5 1 0 9 0 27 8 0 13 0
5 2 0 9 0 27 8 0 14 0
5 3 0 9 0 27 8 0 16 0
6 0 0 7 0 23 9 0 11 0
6 1 0 7 0 23 9 0 8 0
6 3 0 7 0 23 9 0 13 0
6 5 0 7 0 23 9 0 11 0
13 0 0 9 0 27 8 0 14 0
13 1 0 9 0 27 8 0 13 0
13 2 0 9 0 27 8 0 14 0
13 3 0 9 0 27 8 0 16 0
13 5 0 9 0 27 8 0 16 0
13 6 0 7 0 23 9 0 13 0
11 7 0 6 0 15 10 0 8 0
12 7 0 8 0 19 9 0 12 0
18 7 0 8 0 19 9 0 14 0
18 11 0 6 0 15 10 0 10 0
18 12 0 8 0 19 9 0 12 0
18 14 1 0 0 0 15 0 0 0
28 14 1 0 0 0 15 0 0 0
33 12 1 0 0 0 15 0 0 0
20 17 2 0 8 0 12 1 0 0
25 15 0 7 0 14 6 0 7 0
25 17 2 0 8 0 12 2 0 0
25 20 2 5 8 10 14 2 7 1
30 25 2 0 8 0 12 1 0 0
32 27 3 0 13 0 10 3 0 0
34 27 3 4 13 7 12 1 5 1
34 32 3 0 13 0 10 2 0 0
9 4 4 3 16 5 11 3 3 1
24 22 5 0 18 0 9 5 0 0
29 8 6 0 20 0 10 10 0 0
29 16 6 0 20 0 10 7 0 0
16 8 6 0 20 0 10 9 0 0
21 19 7 0 23 0 9 11 0 0
31 26 8 0 25 0 9 10 0 0
####
14 17 0 13 1 2 2
24 8 0 5 1 12 3
4 8 2 5 2 9 8
0 20 8 12 2 0 19
0 14 0 15 1 0 19
19 26 0 4 1 14 3
15 31 12 7 6 2 2
7 25 0 13 1 1 14
4 22 0 4 1 9 8
2 12 0 15 1 0 9
31 23 0 3 1 16 1
11 24 10 10 4 1 5
6 17 8 12 2 0 9
1 11 0 15 1 0 14
34 4 0 5 1 7 9
0 28 0 15 1 0 19
5 30 8 12 2 0 16
1 16 20 10 6 0 14
6 10 0 15 1 0 9
22 16 0 5 1 12 5
7 19 15 10 6 1 14
2 15 8 12 2 0 9
9 24 0 4 1 9 4
1 32 13 10 3 0 14
18 20 0 13 1 2 16
20 27 0 8 1 4 6
11 30 0 13 1 1 5
17 32 0 8 1 4 1
8 21 0 5 1 16 1
1 4 16 9 4 0 14
25 34 0 8 1 5 10
16 19 0 5 1 13 4
27 9 0 5 1 6 5
12 22 10 10 4 1 7
0 34 13 10 3 0 19
7 9 8 10 3 1 14
19 31 0 4 1 14 3
12 15 0 13 1 1 7
24 29 0 5 1 12 3
18 25 0 13 1 2 16
13 14 0 15 1 0 20
5 7 0 15 1 0 16
2 33 0 15 1 0 9
3 18 0 15 1 0 17
13 18 0 15 1 0 20
6 27 13 10 3 0 9
12 23 19 9 8 1 7
