1 0 3 0 4 0 15 0
1 0 2 0 1 0 7 0
1 0 4 0 3 0 17 0
1 0 4 0 5 0 20 0
1 0 3 0 2 0 9 0
1 0 2 0 3 0 6 0
1 0 2 0 2 0 12 0
2 1 2 0 2 1 4 0
4 2 1 2 1 5 11 0
2 1 2 0 1 1 14 0
6 2 1 2 1 8 9 0
13 2 1 2 1 20 2 0
8 2 1 2 1 11 7 0
2 1 2 0 2 1 7 0
3 2 0 1 0 3 0 0
14 2 1 2 0 21 1 0
11 2 1 2 1 15 4 0
3 2 1 1 0 3 1 0
3 2 1 1 1 3 4 0
12 2 1 3 1 18 3 0
4 2 0 2 0 5 0 0
7 2 1 2 1 9 8 0
4 1 0 2 0 4 0 1
3 2 1 1 1 3 12 0
3 2 2 1 0 3 2 0
3 2 0 1 0 3 0 0
9 2 1 2 1 12 6 0
10 2 1 2 1 14 5 0
4 1 0 2 0 4 0 1
5 2 1 2 1 7 10 0
15 1 0 2 0 22 0 1
####
1 0 0 14 0 23 8 0 17 0
2 0 0 14 0 23 8 0 25 0
2 1 0 14 0 23 8 0 18 0
3 0 0 14 0 23 8 0 24 0
3 1 0 14 0 23 8 0 17 0
3 2 0 14 0 23 8 0 25 0
4 0 0 14 0 23 8 0 20 0
4 1 0 14 0 23 8 0 13 0
4 2 0 14 0 23 8 0 21 0
4 3 0 14 0 23 8 0 20 0
5 0 0 14 0 23 8 0 14 0
5 1 0 14 0 23 8 0 7 0
5 2 0 14 0 23 8 0 15 0
5 3 0 14 0 23 8 0 14 0
5 4 0 14 0 23 8 0 10 0
6 0 0 14 0 23 8 0 23 0
6 1 0 14 0 23 8 0 16 0
6 2 0 14 0 23 8 0 24 0
6 3 0 14 0 23 8 0 23 0
6 4 0 14 0 23 8 0 19 0
6 5 0 14 0 23 8 0 13 0
13 9 0 13 0 20 4 0 16 0
17 14 2 0 3 0 13 1 0 0
18 17 2 0 3 0 13 2 0 0
23 14 2 0 3 0 13 1 0 0
23 17 2 0 3 0 13 0 0 0
23 18 0 12 0 14 7 0 14 0
24 14 2 0 3 0 13 2 0 0
24 17 2 0 3 0 13 1 0 0
24 23 2 0 3 0 13 1 0 0
25 14 2 0 3 0 13 1 0 0
25 23 2 0 3 0 13 2 0 0
22 8 3 0 9 0 11 2 0 0
22 20 3 0 9 0 11 3 0 0
20 8 3 0 9 0 11 2 0 0
28 22 3 0 9 0 11 3 0 0
28 8 3 0 9 0 11 3 0 0
28 20 3 0 9 0 11 4 0 0
####
3 15 22 8 13 0 20
4 18 3 13 2 0 9
23 8 0 10 1 3 12
13 17 0 9 1 1 7
10 21 0 2 1 8 9
4 12 16 8 7 0 9
18 19 11 7 9 3 4
3 7 0 10 1 0 20
3 17 3 13 2 0 20
9 25 0 9 1 1 14
19 11 0 2 1 18 3
2 26 17 8 8 0 17
0 21 15 8 6 0 15
1 25 3 13 2 0 7
2 9 0 10 1 0 17
15 30 0 2 1 21 1
6 10 14 8 5 0 12
7 24 0 9 1 1 4
27 16 0 2 1 14 5
8 29 0 5 1 5 11
21 12 0 2 1 9 8
0 29 13 8 4 0 15
7 14 0 9 1 1 4
24 28 0 10 1 3 2
5 11 21 8 12 0 6
3 23 3 13 2 0 20
2 20 9 11 3 0 17
5 24 3 13 2 0 6
4 16 19 8 10 0 9
17 22 0 10 1 3 1
16 19 0 2 1 15 4
2 14 3 13 2 0 17
24 20 0 10 1 3 2
26 27 0 2 1 12 6
6 8 9 11 3 0 12
12 26 0 2 1 11 7
1 27 18 8 9 0 7
0 13 0 10 1 0 15
29 10 0 2 1 7 10
9 23 0 9 1 1 14
13 18 0 9 1 1 7
11 15 0 2 1 20 2
