1 0 3 0 2 0 19 0
1 0 2 0 2 0 8 0
1 0 3 0 4 0 13 0
1 0 2 0 2 0 15 0
1 0 3 0 3 0 10 0
2 1 2 0 3 1 14 0
2 1 0 0 0 1 0 1
3 1 2 1 3 2 11 0
4 2 1 2 2 5 5 0
5 2 1 2 0 7 1 0
1 0 3 0 2 0 15 0
2 2 1 0 2 2 8 0
5 2 1 2 2 7 7 0
2 1 2 0 4 1 16 0
6 2 2 2 2 9 6 0
7 2 2 3 2 13 4 0
3 2 2 3 4 5 7 0
4 2 2 2 0 7 2 0
5 1 0 2 0 8 0 1
5 1 0 2 0 8 0 1
2 1 0 0 0 1 0 1
8 2 1 3 0 14 1 0
4 2 2 2 2 5 10 0
4 2 2 2 1 6 3 0
8 2 1 4 0 18 1 0
9 1 0 2 0 19 0 1
2 1 0 0 0 1 0 1
7 2 0 2 0 11 0 0
9 2 0 2 0 15 0 0
6 2 0 4 0 13 0 0
3 2 1 1 1 3 6 0
####
1 0 0 8 0 23 8 0 10 0
2 0 0 8 0 23 8 0 10 0
2 1 0 8 0 23 8 0 8 0
3 0 0 8 0 23 8 0 15 0
3 1 0 8 0 23 8 0 13 0
3 2 0 8 0 23 8 0 13 0
4 0 0 8 0 23 8 0 12 0
4 1 0 8 0 23 8 0 8 0
4 2 0 8 0 23 8 0 8 0
4 3 0 8 0 23 8 0 13 0
10 0 0 8 0 23 8 0 10 0
10 1 0 8 0 23 8 0 8 0
10 2 0 8 0 23 8 0 8 0
10 3 0 8 0 23 8 0 13 0
10 4 0 8 0 23 8 0 11 0
11 5 0 7 0 17 8 0 11 0
13 5 0 7 0 17 8 0 13 0
13 6 1 0 0 0 12 0 0 0
13 11 0 7 0 17 8 0 10 0
20 6 1 0 0 0 12 0 0 0
20 13 1 0 0 0 12 0 0 0
26 11 1 0 0 0 12 0 0 0
16 7 0 6 0 14 5 0 7 0
30 7 2 6 6 14 11 2 8 1
30 16 2 6 6 14 11 1 5 1
17 8 3 0 9 0 10 3 0 0
22 17 3 0 9 0 10 3 0 0
22 8 3 5 9 10 12 4 6 1
23 17 3 0 9 0 10 4 0 0
23 22 3 5 9 10 12 3 5 1
23 8 3 5 9 10 12 3 3 1
18 9 4 0 13 0 10 5 0 0
18 12 4 0 13 0 10 5 0 0
19 18 4 0 13 0 10 6 0 0
19 9 4 0 13 0 10 5 0 0
19 12 4 0 13 0 10 5 0 0
12 9 4 0 13 0 10 4 0 0
29 14 5 0 17 0 8 8 0 0
27 15 6 0 19 0 8 8 0 0
24 21 7 0 21 0 8 12 0 0
28 25 8 0 23 0 8 14 0 0
####
11 16 0 9 1 2 8
13 22 3 10 2 1 16
7 21 12 5 5 2 11
10 11 0 12 1 0 15
0 20 0 12 1 0 19
21 28 0 4 1 14 1
30 8 0 7 1 3 6
4 27 19 8 6 0 10
9 29 0 6 1 7 1
22 9 0 8 1 5 10
3 28 23 8 8 0 15
2 12 13 10 4 0 13
10 26 0 12 1 0 15
16 17 0 7 1 5 7
5 30 0 9 1 1 14
10 30 6 9 2 0 15
2 9 13 10 4 0 13
1 14 17 8 5 0 8
13 16 0 9 1 1 16
14 27 0 4 1 9 6
4 23 9 10 3 0 10
8 15 6 6 3 5 5
17 19 0 8 1 7 2
12 14 0 6 1 7 7
23 29 4 6 2 6 3
16 23 0 7 1 5 7
14 15 0 4 1 9 6
7 22 0 7 1 2 11
23 24 8 6 4 6 3
4 11 0 12 1 0 10
3 5 0 12 1 0 15
17 18 0 8 1 7 2
2 17 9 10 3 0 13
15 24 0 4 1 13 4
22 12 0 8 1 5 10
15 21 0 4 1 13 4
0 13 0 12 1 0 19
5 7 0 9 1 1 14
24 25 0 4 1 18 1
0 6 0 12 1 0 19
1 8 9 10 3 0 8
