1 0 2 0 3 0 16 0
1 0 3 0 3 0 8 0
1 0 3 0 2 0 7 0
10 2 1 2 2 16 5 0
1 0 1 0 1 0 13 0
1 0 2 0 2 0 9 0
1 0 3 0 4 0 20 0
1 0 3 0 4 0 20 0
5 2 1 2 2 7 11 0
6 1 2 2 2 8 10 0
8 2 1 2 1 11 7 0
2 1 3 0 4 1 14 0
4 2 1 2 1 5 3 0
7 2 1 1 2 9 5 0
2 1 2 0 1 1 15 0
11 2 2 4 1 18 4 0
3 1 0 1 0 2 0 1
6 2 1 2 0 8 1 0
14 2 0 2 0 21 0 0
12 2 1 2 1 19 2 0
12 2 0 2 0 20 0 0
3 2 1 1 1 3 13 0
4 2 1 2 1 5 12 0
3 2 2 1 1 3 8 0
13 2 1 2 0 20 1 0
7 1 0 2 0 9 0 1
3 2 2 1 2 3 4 0
7 2 1 1 1 10 8 0
9 2 1 4 1 14 6 0
5 2 1 4 1 6 2 0
4 2 0 2 0 5 0 0
####
1 0 0 13 0 23 8 0 17 0
2 0 0 11 0 20 9 0 11 0
2 1 0 11 0 20 9 0 2 0
4 0 0 13 0 23 8 0 24 0
4 1 0 13 0 23 8 0 15 0
4 2 0 11 0 20 9 0 9 0
5 0 0 13 0 23 8 0 20 0
5 1 0 13 0 23 8 0 11 0
5 2 0 11 0 20 9 0 5 0
5 4 0 13 0 23 8 0 18 0
6 0 0 13 0 23 8 0 26 0
6 1 0 13 0 23 8 0 17 0
6 2 0 11 0 20 9 0 11 0
6 4 0 13 0 23 8 0 24 0
6 5 0 13 0 23 8 0 20 0
7 0 0 13 0 23 8 0 25 0
7 1 0 13 0 23 8 0 16 0
7 2 0 11 0 20 9 0 10 0
7 4 0 13 0 23 8 0 23 0
7 5 0 13 0 23 8 0 19 0
7 6 0 13 0 23 8 0 25 0
14 11 0 12 0 21 3 0 18 0
21 16 2 0 2 0 11 2 0 0
23 21 2 11 2 17 12 0 16 1
26 23 2 0 2 0 11 2 0 0
22 12 3 0 6 0 10 2 0 0
30 22 3 0 6 0 10 2 0 0
30 12 3 0 6 0 10 1 0 0
29 8 4 0 9 0 9 4 0 0
17 9 5 0 11 0 9 6 0 0
27 13 6 7 13 7 11 8 9 1
27 25 6 0 13 0 10 8 0 0
25 13 6 0 13 0 10 8 0 0
20 19 11 0 20 0 9 22 0 0
####
3 15 0 2 1 16 5
1 3 18 8 9 0 8
15 20 0 3 1 18 4
1 17 11 9 5 0 8
8 9 0 4 1 7 11
11 23 0 6 1 1 14
17 25 0 5 1 8 1
4 22 6 10 3 0 13
15 19 0 3 1 18 4
7 11 0 9 1 0 20
6 14 0 9 1 0 20
2 26 2 11 2 0 7
23 30 0 7 1 3 8
0 21 2 11 2 0 16
24 18 0 2 1 20 1
26 29 3 6 2 3 4
2 30 6 10 3 0 7
7 24 22 8 12 0 20
27 10 0 4 1 10 8
11 18 21 3 12 1 14
26 12 0 7 1 3 4
29 17 0 4 1 6 2
13 15 3 4 4 9 5
2 20 20 9 11 0 7
28 3 0 2 1 14 6
19 24 0 3 1 19 2
11 26 0 6 1 1 14
1 19 20 9 11 0 8
12 29 0 5 1 5 3
6 12 6 10 3 0 20
10 28 0 2 1 11 7
0 23 2 11 2 0 16
9 13 0 5 1 8 10
9 27 0 5 1 8 10
5 10 16 8 7 0 9
14 16 0 6 1 1 15
21 22 0 7 1 3 13
23 28 11 5 6 3 8
22 8 0 5 1 5 12
6 13 13 10 6 0 20
5 27 13 10 6 0 9
14 21 0 6 1 1 15
7 8 9 9 4 0 20
