5 1 2 2 2 6 6 0
1 0 4 0 4 0 14 0
1 0 2 0 2 0 7 0
7 2 1 2 1 9 2 0
1 0 2 0 3 0 11 0
10 2 1 4 0 15 1 0
1 0 4 0 4 0 22 0
1 0 3 0 5 0 7 0
4 2 1 2 2 5 3 0
7 2 1 2 1 8 4 0
11 1 0 2 0 16 0 1
5 2 1 2 1 6 4 0
2 1 3 0 5 1 20 0
2 1 0 0 0 1 0 1
8 2 1 2 1 9 3 0
3 2 2 1 2 3 12 0
5 2 2 2 0 6 2 0
3 2 2 1 2 3 6 0
4 1 0 2 0 4 0 1
6 2 1 2 1 7 5 0
6 2 0 2 0 7 0 0
4 2 1 2 0 4 1 0
6 1 0 2 0 7 0 1
4 2 2 2 3 5 10 0
6 2 1 2 1 7 3 0
9 2 1 3 1 10 2 0
5 2 0 2 0 6 0 0
####
2 1 0 10 0 21 6 0 13 0
4 1 0 10 0 21 6 0 21 0
4 2 0 10 0 21 6 0 12 0
6 1 0 10 0 21 6 0 23 0
6 2 0 10 0 21 6 0 14 0
6 4 0 10 0 21 6 0 22 0
7 1 0 4 0 8 9 0 2 0
7 2 0 5 0 12 9 0 5 0
7 6 0 5 0 12 9 0 7 0
13 12 1 0 0 0 7 0 0 0
17 15 2 0 2 0 7 2 0 0
18 8 3 0 4 0 9 4 0 0
21 8 3 0 4 0 9 4 0 0
21 18 3 0 4 0 9 4 0 0
23 8 3 0 4 0 9 4 0 0
23 18 3 0 4 0 9 2 0 0
23 21 3 0 4 0 9 4 0 0
16 0 4 0 8 0 9 6 0 0
16 11 4 0 8 0 9 6 0 0
11 0 4 6 8 9 10 4 8 1
26 16 4 0 8 0 9 6 0 0
26 0 4 0 8 0 9 2 0 0
26 11 4 0 8 0 9 2 0 0
20 19 5 0 12 0 9 8 0 0
22 20 5 0 12 0 9 4 0 0
22 19 5 0 12 0 9 8 0 0
24 20 5 0 12 0 9 8 0 0
24 22 5 0 12 0 9 8 0 0
24 19 5 5 12 5 10 6 6 1
9 3 6 4 16 3 8 8 4 1
####
17 8 0 6 1 3 6
7 21 4 9 3 0 7
1 26 8 9 4 0 14
25 5 0 2 1 10 2
2 8 4 9 3 0 7
1 15 2 7 2 0 14
7 16 8 9 4 0 7
11 24 0 8 1 6 4
15 23 0 6 1 3 12
23 11 0 8 1 5 10
1 14 18 6 7 0 14
16 22 0 8 1 6 2
4 23 4 9 3 0 11
12 17 0 4 1 1 20
15 18 0 6 1 3 12
4 24 12 9 5 0 11
8 16 0 8 1 5 3
9 14 0 3 1 8 4
21 26 0 8 1 4 1
0 25 7 5 4 6 6
6 11 8 9 4 0 22
2 3 16 7 6 0 7
1 9 16 7 6 0 14
6 12 0 7 1 0 22
3 5 2 3 3 9 2
12 15 0 4 1 1 20
19 9 0 6 1 7 5
5 10 0 2 1 15 1
0 19 0 8 1 6 6
14 25 0 2 1 9 3
12 19 10 6 4 1 20
17 21 0 6 1 3 6
6 20 12 9 5 0 22
24 3 0 6 1 7 3
23 0 0 8 1 5 10
6 13 0 7 1 0 22
16 20 0 8 1 6 2
7 17 2 7 2 0 7
