1 0 4 0 3 0 12 0
1 0 3 0 4 0 13 0
1 0 1 0 1 0 11 0
1 0 1 0 1 0 10 0
1 0 3 0 4 0 12 0
2 1 0 0 0 1 0 1
6 2 1 2 2 11 7 0
1 0 4 0 3 0 11 0
4 2 1 2 1 4 9 0
7 2 2 2 3 13 6 0
9 2 0 2 0 15 0 0
9 2 1 2 0 15 1 0
2 2 1 0 1 2 4 0
3 2 1 2 1 3 3 0
2 1 1 0 1 1 10 0
2 1 3 0 1 1 12 0
4 2 1 2 1 5 2 0
9 1 0 2 0 18 0 1
3 2 1 1 1 3 9 0
10 2 0 2 0 16 0 0
8 2 2 2 1 14 3 0
3 1 0 1 0 2 0 1
3 2 1 1 1 3 10 0
5 2 1 4 1 9 8 0
2 1 0 0 0 1 0 1
8 2 1 4 0 17 1 0
####
1 0 0 9 0 19 7 0 12 0
2 0 0 9 0 19 7 0 11 0
2 1 0 9 0 19 7 0 15 0
3 0 0 9 0 19 7 0 10 0
3 1 0 9 0 19 7 0 14 0
3 2 0 9 0 19 7 0 13 0
4 0 0 9 0 19 7 0 11 0
4 1 0 9 0 19 7 0 15 0
4 2 0 9 0 19 7 0 14 0
4 3 0 9 0 19 7 0 13 0
7 0 0 9 0 19 7 0 7 0
7 1 0 9 0 19 7 0 11 0
7 2 0 9 0 19 7 0 10 0
7 3 0 9 0 19 7 0 9 0
7 4 0 9 0 19 7 0 10 0
12 5 1 0 0 0 11 0 0 0
14 12 0 7 0 11 8 0 8 0
15 12 0 7 0 11 8 0 9 0
15 14 0 8 0 14 6 0 13 0
24 12 1 0 0 0 11 0 0 0
18 13 0 6 0 7 7 0 6 0
22 13 0 6 0 7 7 0 7 0
22 18 0 7 0 10 5 0 11 0
22 21 2 0 5 0 10 2 0 0
16 8 0 5 0 5 5 0 5 0
25 20 7 0 14 0 8 7 0 0
11 10 8 0 16 0 9 6 0 0
17 10 8 0 16 0 9 9 0 0
17 11 8 0 16 0 9 9 0 0
####
6 9 0 2 1 11 7
8 23 0 3 1 4 9
7 12 0 11 1 0 11
1 15 0 11 1 0 13
2 22 5 10 2 0 11
15 19 14 6 8 1 12
1 11 16 9 8 0 13
9 25 0 3 1 13 6
11 19 0 4 1 15 1
18 23 2 5 2 3 9
12 13 0 9 1 2 4
14 18 0 9 1 1 10
7 24 0 11 1 0 11
13 16 0 6 1 3 3
7 10 16 9 8 0 11
16 25 3 4 4 5 2
23 6 0 2 1 9 8
15 22 0 9 1 1 12
9 20 0 3 1 13 6
4 14 0 11 1 0 12
0 12 0 11 1 0 12
4 16 9 8 3 0 12
20 10 0 5 1 14 3
0 5 0 11 1 0 12
4 20 14 8 7 0 12
7 9 13 7 6 0 11
25 17 0 5 1 17 1
15 21 0 9 1 1 12
0 13 5 10 2 0 12
20 11 0 5 1 14 3
0 6 12 7 5 0 12
1 8 9 8 3 0 13
3 18 5 10 2 0 10
22 8 0 6 1 3 10
