1 0 3 0 2 0 11 0
1 0 3 0 4 0 16 0
1 0 2 0 3 0 5 0
1 0 1 0 0 0 1 0
1 0 3 0 2 0 8 0
1 0 2 0 3 0 9 0
1 0 3 0 4 0 13 0
1 0 3 0 5 0 20 0
2 1 2 0 0 1 2 0
2 1 2 0 1 1 6 0
9 2 1 2 1 12 4 0
3 1 0 1 0 2 0 1
3 2 0 1 0 3 0 0
5 2 1 2 1 6 2 0
11 2 1 2 1 17 2 0
6 2 1 2 1 8 7 0
7 1 0 2 0 8 0 1
2 1 3 0 3 1 19 0
7 2 1 2 1 10 6 0
3 2 2 1 3 3 15 0
3 2 1 1 1 3 4 0
12 2 1 2 0 19 1 0
4 2 1 2 1 5 9 0
3 1 0 1 0 2 0 1
4 2 2 2 1 5 4 0
4 1 0 2 0 4 0 1
5 2 0 2 0 7 0 0
3 2 1 1 0 3 1 0
13 2 0 2 0 20 0 0
5 2 1 2 1 6 8 0
10 2 1 4 1 16 3 0
3 1 0 1 0 2 0 1
6 2 1 2 0 7 1 0
8 2 1 2 1 11 5 0
####
1 0 0 12 0 25 9 0 19 0
2 0 0 12 0 25 9 0 10 0
2 1 0 12 0 25 9 0 11 0
3 1 0 4 0 13 11 0 2 0
4 0 0 12 0 25 9 0 16 0
4 1 0 12 0 25 9 0 17 0
4 2 0 12 0 25 9 0 8 0
5 0 0 12 0 25 9 0 14 0
5 1 0 12 0 25 9 0 15 0
5 2 0 12 0 25 9 0 6 0
5 4 0 12 0 25 9 0 12 0
6 0 0 12 0 25 9 0 16 0
6 1 0 12 0 25 9 0 17 0
6 2 0 12 0 25 9 0 8 0
6 3 0 4 0 13 11 0 1 0
6 4 0 12 0 25 9 0 14 0
6 5 0 12 0 25 9 0 12 0
7 0 0 12 0 25 9 0 20 0
7 1 0 12 0 25 9 0 21 0
7 2 0 12 0 25 9 0 12 0
7 3 0 4 0 13 11 0 3 0
7 4 0 12 0 25 9 0 18 0
7 5 0 12 0 25 9 0 16 0
7 6 0 12 0 25 9 0 18 0
17 9 0 11 0 22 4 0 14 0
20 12 2 0 3 0 15 2 0 0
20 19 0 10 0 15 8 0 12 0
23 19 2 0 3 0 15 2 0 0
27 12 2 0 3 0 15 1 0 0
27 19 2 0 3 0 15 2 0 0
27 20 2 0 3 0 15 1 0 0
27 23 2 0 3 0 15 2 0 0
31 11 2 0 3 0 15 2 0 0
24 22 3 0 10 0 11 2 0 0
25 22 3 0 10 0 11 4 0 0
25 24 3 0 10 0 11 4 0 0
26 13 4 0 13 0 11 4 0 0
29 13 4 0 13 0 11 4 0 0
29 26 4 0 13 0 11 4 0 0
32 15 5 0 16 0 10 6 0 0
18 16 6 0 18 0 10 8 0 0
####
5 9 0 11 1 0 9
2 8 0 11 1 0 5
21 28 0 2 1 19 1
24 26 0 6 1 5 4
24 13 0 6 1 5 4
6 24 10 11 3 0 13
19 22 0 10 1 3 15
13 32 0 5 1 6 2
10 30 0 2 1 12 4
7 33 20 9 7 0 20
27 25 0 10 1 3 1
20 30 12 8 7 3 4
9 12 0 10 1 1 6
32 16 0 4 1 7 1
7 10 21 9 8 0 20
17 23 0 10 1 1 19
15 18 0 4 1 8 7
1 32 16 10 5 0 16
0 29 13 11 4 0 11
0 22 10 11 3 0 11
6 18 18 10 6 0 13
17 19 0 10 1 1 19
4 28 25 9 12 0 8
9 20 0 10 1 1 6
30 14 0 2 1 16 3
1 13 13 11 4 0 16
8 11 0 10 1 1 2
4 14 23 9 10 0 8
0 12 3 15 2 0 11
19 24 0 10 1 3 15
1 19 3 15 2 0 16
22 29 0 6 1 5 9
33 10 0 2 1 11 5
3 26 13 11 4 0 1
29 15 0 5 1 6 8
17 27 0 10 1 1 19
4 15 16 10 5 0 8
2 21 24 9 11 0 5
8 31 0 10 1 1 2
6 20 3 15 2 0 13
14 21 0 2 1 17 2
5 27 3 15 2 0 9
7 17 0 11 1 0 20
18 33 0 3 1 10 6
