1 0 2 0 1 0 4 0
1 0 2 0 2 0 8 0
1 0 2 0 1 0 7 0
1 0 3 0 2 0 9 0
1 0 3 0 3 0 11 0
1 0 2 0 2 0 4 0
2 1 1 0 1 1 5 0
1 0 3 0 1 0 5 0
2 2 1 0 1 2 2 0
2 1 0 0 0 1 0 1
2 1 0 0 0 1 0 1
6 2 1 3 1 9 4 0
8 2 1 2 1 12 2 0
2 1 0 0 0 1 0 1
4 2 1 2 1 4 6 0
2 1 2 0 1 1 9 0
9 2 1 2 0 13 1 0
10 1 0 2 0 14 0 1
2 1 0 0 0 1 0 1
3 2 1 2 0 4 1 0
3 2 0 1 0 3 0 0
5 2 1 2 1 6 5 0
4 2 0 2 0 6 0 0
3 2 1 1 1 3 7 0
7 2 1 2 1 11 3 0
####
2 1 0 9 0 17 8 0 12 0
3 0 0 3 0 10 9 0 3 0
3 1 0 9 0 17 8 0 12 0
3 2 0 9 0 17 8 0 10 0
4 0 0 3 0 10 9 0 2 0
4 1 0 9 0 17 8 0 15 0
4 2 0 9 0 17 8 0 13 0
4 3 0 9 0 17 8 0 13 0
5 1 0 9 0 17 8 0 10 0
5 2 0 9 0 17 8 0 8 0
5 3 0 9 0 17 8 0 8 0
5 4 0 9 0 17 8 0 11 0
7 0 0 3 0 10 9 0 4 0
7 3 0 3 0 10 9 0 3 0
7 4 0 3 0 10 9 0 2 0
9 8 1 0 0 0 14 0 0 0
13 8 1 0 0 0 14 0 0 0
15 6 0 8 0 10 8 0 11 0
18 8 1 0 0 0 14 0 0 0
18 9 1 0 0 0 14 0 0 0
20 19 2 0 7 0 10 0 0 0
23 20 2 0 7 0 10 2 0 0
22 14 3 0 10 0 9 2 0 0
####
15 20 0 10 1 1 9
8 19 0 10 1 2 2
4 22 10 9 3 0 11
19 22 0 5 1 4 1
12 16 0 2 1 12 2
11 24 0 2 1 9 4
16 17 0 2 1 13 1
15 23 0 10 1 1 9
1 16 16 8 8 0 8
5 12 15 8 7 0 4
3 20 7 10 2 0 9
3 6 0 14 1 0 9
1 23 7 10 2 0 8
6 11 6 8 4 1 5
4 14 10 9 3 0 11
7 18 0 14 1 0 5
2 10 0 14 1 0 7
5 24 14 8 6 0 4
23 14 0 5 1 3 7
3 19 7 10 2 0 9
21 11 0 2 1 6 5
0 8 0 14 1 0 4
7 9 0 14 1 0 5
4 15 0 14 1 0 11
2 21 12 8 4 0 7
0 13 0 14 1 0 4
14 21 0 3 1 4 6
24 12 0 2 1 11 3
7 8 0 14 1 0 5
