1 0 3 0 3 0 17 0
1 0 2 0 4 0 13 0
1 0 3 0 3 0 9 0
1 0 4 0 4 0 13 0
7 2 1 2 0 8 1 0
12 2 1 2 0 17 1 0
1 0 3 0 3 0 16 0
1 0 4 0 2 0 7 0
2 1 3 0 1 1 10 0
2 1 2 0 0 1 2 0
4 2 1 2 2 4 12 0
4 2 1 2 0 5 1 0
3 2 0 1 0 3 0 0
7 2 1 2 1 11 6 0
5 2 0 2 0 6 0 0
9 2 1 2 1 14 4 0
13 1 0 2 0 18 0 1
5 2 2 2 2 6 11 0
2 1 1 0 2 1 16 0
10 2 1 2 1 15 3 0
8 2 1 2 1 12 5 0
3 1 0 1 0 2 0 1
6 2 1 2 1 7 2 0
2 1 0 0 0 1 0 1
2 1 0 0 0 1 0 1
3 2 2 1 2 3 15 0
6 2 1 3 1 9 7 0
11 2 1 2 1 16 2 0
8 1 0 2 0 9 0 1
3 2 0 1 0 3 0 0
####
1 0 0 12 0 23 7 0 19 0
2 0 0 12 0 23 7 0 17 0
2 1 0 12 0 23 7 0 14 0
3 0 0 12 0 23 7 0 19 0
3 1 0 12 0 23 7 0 16 0
3 2 0 12 0 23 7 0 14 0
6 0 0 12 0 23 7 0 21 0
6 1 0 12 0 23 7 0 18 0
6 2 0 12 0 23 7 0 16 0
6 3 0 12 0 23 7 0 18 0
7 0 0 12 0 23 7 0 15 0
7 1 0 12 0 23 7 0 12 0
7 2 0 12 0 23 7 0 10 0
7 3 0 12 0 23 7 0 12 0
7 6 0 12 0 23 7 0 14 0
9 8 1 1 0 0 15 0 0 1
18 8 0 11 0 18 6 0 17 0
24 23 1 0 0 0 11 0 0 0
21 12 2 0 5 0 10 2 0 0
29 12 2 0 5 0 10 3 0 0
29 21 2 0 5 0 10 3 0 0
11 10 3 0 9 0 8 4 0 0
17 14 4 0 11 0 8 6 0 0
26 22 5 0 13 0 8 8 0 0
13 4 6 0 15 0 8 10 0 0
28 20 7 0 17 0 8 12 0 0
####
10 17 0 4 1 4 12
9 29 0 9 1 1 2
11 14 0 4 1 5 1
15 19 0 2 1 14 4
3 17 11 8 4 0 13
6 14 11 8 4 0 16
7 15 19 7 8 0 7
6 10 9 8 3 0 16
7 24 0 11 1 0 7
7 19 20 7 9 0 7
2 13 15 8 6 0 9
6 25 5 10 2 0 16
8 29 0 9 1 1 10
27 5 0 2 1 16 2
0 4 15 8 6 0 17
13 20 0 4 1 11 6
3 27 21 7 10 0 13
7 23 0 11 1 0 7
25 11 0 6 1 3 15
4 28 0 4 1 8 1
8 21 0 9 1 1 10
2 20 17 8 7 0 9
0 18 0 11 1 0 17
22 4 0 4 1 7 2
0 5 22 7 11 0 17
17 22 0 4 1 6 11
1 9 0 11 1 0 13
26 13 0 4 1 9 7
8 26 8 7 4 1 10
25 10 0 6 1 3 15
3 12 5 10 2 0 13
18 25 0 9 1 1 16
5 16 0 2 1 17 1
3 22 13 8 5 0 13
2 11 9 8 3 0 9
19 27 0 2 1 15 3
1 8 0 11 1 0 13
17 26 0 4 1 6 11
20 15 0 3 1 12 5
9 12 0 9 1 1 2
