1 0 4 0 5 0 15 0
1 0 1 0 1 0 2 0
1 0 3 0 5 0 23 0
1 0 3 0 1 0 11 0
2 1 0 0 0 1 0 1
1 0 3 0 5 0 18 0
4 1 2 2 2 4 7 0
6 2 1 2 2 9 8 0
1 0 3 0 1 0 4 0
2 1 3 0 5 1 19 0
5 2 1 2 0 7 1 0
2 1 2 0 2 1 9 0
10 2 1 2 0 16 1 0
7 2 2 3 2 11 7 0
8 2 1 3 2 13 3 0
9 2 1 2 0 14 1 0
2 1 0 0 0 1 0 1
4 2 1 2 1 5 10 0
3 2 1 1 1 3 3 0
9 2 2 2 1 14 2 0
4 1 0 2 0 4 0 1
8 2 1 3 1 13 2 0
4 2 1 2 1 5 2 0
3 2 2 1 3 3 12 0
10 2 0 2 0 16 0 0
3 2 2 1 1 3 11 0
5 2 1 4 1 7 9 0
6 2 0 2 0 9 0 0
2 1 0 0 0 1 0 1
3 1 0 1 0 2 0 1
11 2 0 4 0 17 0 0
####
1 0 0 5 0 15 8 0 4 0
2 0 0 10 0 24 7 0 19 0
2 1 0 5 0 15 8 0 5 0
3 0 0 10 0 24 7 0 12 0
3 1 0 5 0 15 8 0 1 0
3 2 0 10 0 24 7 0 17 0
5 0 0 10 0 24 7 0 17 0
5 1 0 5 0 15 8 0 3 0
5 2 0 10 0 24 7 0 22 0
5 3 0 10 0 24 7 0 15 0
8 0 0 10 0 24 7 0 8 0
8 2 0 10 0 24 7 0 13 0
8 3 0 10 0 24 7 0 6 0
8 5 0 10 0 24 7 0 11 0
11 9 1 9 0 19 12 0 14 1
28 9 1 0 0 0 11 0 0 0
28 11 1 0 0 0 11 0 0 0
23 18 2 0 5 0 10 2 0 0
25 18 2 0 5 0 10 2 0 0
25 23 2 8 5 15 11 2 14 1
29 18 2 0 5 0 10 2 0 0
29 23 2 0 5 0 10 2 0 0
29 25 2 0 5 0 10 2 0 0
22 6 3 0 9 0 10 4 0 0
22 17 3 0 9 0 10 1 0 0
22 20 3 0 9 0 10 4 0 0
17 6 3 7 9 11 11 4 9 1
20 6 3 0 9 0 10 4 0 0
20 17 3 0 9 0 10 4 0 0
26 10 4 0 13 0 8 3 0 0
27 7 5 0 15 0 8 5 0 0
21 14 7 0 18 0 8 8 0 0
19 15 8 0 20 0 8 10 0 0
24 12 9 0 22 0 8 12 0 0
####
18 22 0 8 1 3 3
6 21 5 6 4 4 7
9 18 0 9 1 1 19
3 7 15 8 5 0 11
5 23 5 10 2 0 18
9 25 0 9 1 1 19
13 21 0 3 1 11 7
6 14 5 6 4 4 7
8 24 22 8 9 0 4
2 9 0 11 1 0 23
23 17 0 8 1 3 12
0 15 20 8 8 0 15
25 26 4 6 2 3 11
5 25 5 10 2 0 18
0 17 9 10 3 0 15
10 27 0 4 1 7 1
1 10 13 8 4 0 2
5 22 9 10 3 0 18
23 6 0 8 1 3 12
8 16 0 11 1 0 4
22 10 0 6 1 5 2
3 27 15 8 5 0 11
26 7 0 4 1 7 9
11 13 12 6 5 1 9
14 19 0 4 1 13 3
0 18 5 10 2 0 15
21 15 0 4 1 13 2
15 24 0 4 1 14 1
2 28 0 11 1 0 23
8 12 22 8 9 0 4
13 14 0 3 1 11 7
0 19 20 8 8 0 15
7 13 0 3 1 9 8
2 11 0 11 1 0 23
9 23 0 9 1 1 19
11 29 0 9 1 1 9
19 12 0 4 1 14 2
12 30 0 3 1 16 1
25 20 0 8 1 3 11
17 26 0 6 1 5 10
3 4 0 11 1 0 11
19 30 2 3 2 14 2
