1 0 3 0 2 0 9 0
1 0 3 0 4 0 17 0
1 0 4 0 3 0 8 0
1 0 3 0 3 0 12 0
2 1 1 0 0 1 1 0
1 0 3 0 4 0 19 0
3 1 0 1 0 2 0 1
4 2 1 2 2 4 12 0
2 1 3 0 5 1 17 0
4 2 1 2 2 5 9 0
3 2 1 1 0 3 1 0
11 2 1 2 1 15 3 0
9 2 1 2 2 13 6 0
13 2 1 2 0 17 1 0
2 1 0 0 0 1 0 1
5 2 2 3 1 5 11 0
6 2 1 2 2 6 9 0
7 2 2 4 2 9 8 0
11 2 0 2 0 15 0 0
14 1 0 2 0 18 0 1
2 1 0 0 0 1 0 1
10 2 2 2 1 14 5 0
4 1 0 2 0 4 0 1
3 2 2 1 2 3 14 0
12 2 1 4 1 16 2 0
6 2 0 2 0 7 0 0
8 2 1 2 1 11 7 0
####
1 0 0 13 0 21 6 0 18 0
2 0 0 13 0 21 6 0 11 0
2 1 0 13 0 21 6 0 17 0
3 0 0 13 0 21 6 0 14 0
3 1 0 13 0 21 6 0 20 0
3 2 0 13 0 21 6 0 13 0
5 0 0 13 0 21 6 0 19 0
5 1 0 13 0 21 6 0 25 0
5 2 0 13 0 21 6 0 18 0
5 3 0 13 0 21 6 0 21 0
14 8 1 0 0 0 9 0 0 0
23 10 2 0 4 0 8 0 0 0
22 7 3 0 7 0 8 2 0 0
22 9 3 0 7 0 8 2 0 0
9 7 3 10 7 11 9 2 16 1
25 16 5 0 11 0 7 6 0 0
18 11 10 0 17 0 7 6 0 0
####
8 23 0 7 1 1 17
2 18 17 7 10 0 8
0 20 0 9 1 0 9
15 16 0 3 1 5 11
24 13 0 2 1 16 2
2 12 15 6 8 0 8
11 24 0 3 1 15 3
23 7 0 6 1 3 14
5 8 0 9 1 0 19
16 17 0 3 1 6 9
7 15 0 4 1 4 12
8 10 0 7 1 1 17
0 11 17 7 10 0 9
17 24 5 2 5 9 8
9 17 3 4 3 5 9
1 10 4 8 2 0 17
10 22 0 6 1 3 1
26 12 0 2 1 11 7
8 15 6 5 3 1 17
12 21 0 2 1 13 6
3 13 20 6 12 0 12
15 25 0 3 1 5 11
1 23 4 8 2 0 17
3 9 7 8 3 0 12
13 19 0 2 1 17 1
21 11 0 3 1 14 5
21 18 0 3 1 14 5
4 6 0 7 1 1 1
5 16 11 7 5 0 19
0 26 14 6 7 0 9
2 21 16 6 9 0 8
23 9 0 6 1 3 14
5 14 0 9 1 0 19
2 25 11 7 5 0 8
1 7 7 8 3 0 17
17 26 0 2 1 9 8
3 4 0 9 1 0 12
