1 0 1 0 3 0 15 0
1 0 3 0 3 0 8 0
1 0 2 0 3 0 5 0
1 0 3 0 4 0 19 0
2 1 3 0 3 1 13 0
1 0 3 0 4 0 10 0
5 2 1 2 1 7 2 0
1 0 4 0 1 0 6 0
3 2 1 2 0 4 1 0
5 2 1 2 1 6 2 0
6 1 1 2 0 8 1 0
2 1 0 0 0 1 0 1
7 2 0 3 0 13 0 0
2 1 3 0 4 1 14 0
3 2 1 2 1 4 3 0
2 1 0 0 0 1 0 1
3 2 2 1 2 3 7 0
1 0 3 0 3 0 8 0
2 1 0 0 0 1 0 1
4 1 0 2 0 5 0 1
4 2 1 2 2 5 3 0
3 2 1 1 1 3 4 0
5 2 1 2 0 9 1 0
6 1 0 2 0 8 0 1
5 2 2 2 0 7 2 0
6 2 1 2 0 7 1 0
6 1 0 2 0 10 0 1
7 2 0 2 0 9 0 0
4 2 1 2 1 5 3 0
4 2 1 2 1 5 3 0
3 2 2 1 1 3 4 0
4 2 1 3 1 7 2 0
4 1 0 2 0 4 0 1
2 2 1 0 1 2 2 0
####
1 0 0 6 0 25 9 0 10 0
2 0 0 6 0 25 9 0 8 0
2 1 0 6 0 25 9 0 4 0
3 0 0 6 0 25 9 0 14 0
3 1 0 6 0 25 9 0 8 0
3 2 0 6 0 25 9 0 8 0
5 0 0 6 0 25 9 0 9 0
5 1 0 6 0 25 9 0 5 0
5 2 0 6 0 25 9 0 3 0
5 3 0 6 0 25 9 0 9 0
7 1 0 6 0 25 9 0 3 0
7 3 0 6 0 25 9 0 5 0
7 5 0 3 0 11 13 0 3 0
17 1 0 6 0 25 9 0 7 0
17 3 0 6 0 25 9 0 9 0
17 5 0 3 0 11 13 0 3 0
17 7 0 6 0 25 9 0 4 0
13 4 0 5 0 19 8 0 8 0
15 11 1 0 0 0 13 0 0 0
18 4 1 0 0 0 13 0 0 0
33 11 1 0 0 0 13 0 0 0
33 15 1 0 0 0 13 0 0 0
16 14 2 0 6 0 12 2 0 0
21 14 2 0 6 0 12 2 0 0
21 16 2 0 6 0 12 1 0 0
21 8 2 0 6 0 12 1 0 0
30 14 2 3 6 10 16 2 4 1
30 16 2 0 6 0 12 2 0 0
30 8 2 0 6 0 12 0 0 0
28 20 3 0 11 0 13 4 0 0
28 19 3 0 11 0 13 3 0 0
29 20 3 3 11 8 15 4 3 1
29 28 3 0 11 0 13 0 0 0
31 20 3 0 11 0 13 5 0 0
31 28 3 0 11 0 13 4 0 0
31 29 3 0 11 0 13 5 0 0
31 19 3 0 11 0 13 2 0 0
32 20 3 0 11 0 13 4 0 0
32 29 3 0 11 0 13 4 0 0
32 31 3 0 11 0 13 5 0 0
32 19 3 0 11 0 13 2 0 0
24 9 4 0 17 0 11 6 0 0
24 6 4 2 17 4 13 6 1 1
24 22 4 0 17 0 11 7 0 0
9 6 4 0 17 0 11 2 0 0
22 9 4 0 17 0 11 6 0 0
22 6 4 0 17 0 11 7 0 0
23 10 5 0 21 0 11 8 0 0
25 23 5 0 21 0 11 8 0 0
25 10 5 0 21 0 11 4 0 0
26 23 5 0 21 0 11 9 0 0
26 25 5 0 21 0 11 8 0 0
26 10 5 0 21 0 11 9 0 0
27 12 6 0 25 0 9 6 0 0
####
30 32 0 11 1 3 4
5 6 17 11 4 0 10
21 28 0 11 1 3 4
22 26 0 8 1 9 1
24 12 4 6 2 7 2
8 19 0 11 1 4 1
25 27 0 6 1 7 1
2 22 17 11 4 0 5
30 31 0 11 1 3 4
33 8 0 11 1 2 2
17 25 21 11 5 0 8
13 30 0 11 1 1 14
1 29 11 13 3 0 8
7 11 0 13 1 0 6
9 25 0 8 1 6 2
5 8 6 12 2 0 10
5 30 6 12 2 0 10
14 31 0 11 1 4 3
7 15 0 13 1 0 6
7 33 0 13 1 0 6
6 10 0 8 1 7 2
16 29 0 11 1 3 7
10 12 0 6 1 8 1
13 16 0 11 1 1 14
17 33 0 13 1 0 8
28 9 0 10 1 5 3
31 22 0 10 1 7 2
24 23 0 8 1 7 2
1 28 11 13 3 0 8
3 16 6 12 2 0 19
7 27 25 9 6 0 6
4 14 0 11 1 1 13
1 9 17 11 4 0 8
2 24 17 11 4 0 5
4 20 5 12 2 1 13
29 6 0 10 1 5 3
20 24 0 10 1 5 3
13 14 0 11 1 1 14
0 13 0 13 1 0 15
17 21 6 12 2 0 8
3 18 0 13 1 0 19
16 20 0 11 1 3 7
4 21 0 11 1 1 13
3 4 0 13 1 0 19
