1 0 4 0 6 0 18 0
3 2 1 2 2 4 9 0
1 0 2 0 1 0 2 0
1 0 3 0 2 0 12 0
1 0 3 0 5 0 14 0
1 0 2 0 0 0 2 0
2 1 0 0 0 1 0 1
2 1 3 0 3 1 10 0
1 0 3 0 2 0 14 0
3 1 1 1 1 2 5 0
9 2 1 2 0 16 1 0
2 1 3 0 3 1 14 0
2 2 1 0 0 2 1 0
4 1 0 2 0 3 0 1
2 1 0 0 0 1 0 1
3 2 1 1 2 3 11 0
4 2 2 2 3 4 10 0
5 2 2 4 3 9 8 0
6 2 2 3 1 11 2 0
6 2 1 3 1 12 4 0
2 2 1 0 1 2 10 0
7 2 1 2 1 13 3 0
8 2 1 3 1 14 2 0
5 2 1 2 1 6 2 0
10 2 0 2 0 17 0 0
8 2 0 4 0 14 0 0
2 1 0 0 0 1 0 1
3 2 1 1 0 2 1 0
7 2 1 3 0 13 1 0
3 2 0 2 0 4 0 0
####
2 0 0 9 0 23 7 0 10 0
3 0 0 9 0 23 7 0 16 0
3 2 0 9 0 23 7 0 8 0
4 0 0 9 0 23 7 0 18 0
4 2 0 9 0 23 7 0 10 0
4 3 0 9 0 23 7 0 16 0
5 0 0 2 0 7 11 0 1 0
8 0 0 9 0 23 7 0 16 0
8 2 0 9 0 23 7 0 8 0
8 3 0 9 0 23 7 0 14 0
8 4 0 9 0 23 7 0 16 0
8 5 0 2 0 7 11 0 1 0
11 7 0 8 0 16 8 0 12 0
12 11 1 0 0 0 13 0 0 0
20 7 0 8 0 16 8 0 11 0
20 11 0 8 0 16 8 0 13 0
20 12 1 0 0 0 13 0 0 0
20 14 1 0 0 0 13 0 0 0
26 12 1 0 0 0 13 0 0 0
26 20 1 0 0 0 13 0 0 0
9 1 0 7 0 11 6 0 9 0
15 9 2 7 7 11 12 1 10 1
15 1 2 7 7 11 12 1 11 1
27 15 2 0 7 0 11 2 0 0
27 1 2 0 7 0 11 1 0 0
29 15 2 0 7 0 11 2 0 0
29 1 2 0 7 0 11 1 0 0
29 27 2 0 7 0 11 2 0 0
16 13 3 0 12 0 8 4 0 0
23 17 4 3 14 4 10 7 3 1
19 18 5 0 16 0 8 10 0 0
28 21 6 0 18 0 8 13 0 0
25 22 7 0 20 0 8 15 0 0
####
4 7 0 13 1 0 14
0 27 7 11 2 0 18
5 6 0 13 1 0 2
1 17 2 7 2 4 9
3 21 18 8 6 0 12
15 16 0 7 1 3 11
3 14 0 13 1 0 12
16 17 0 4 1 4 10
3 20 0 13 1 0 12
11 22 13 9 6 1 14
8 20 0 13 1 0 14
0 11 0 13 1 0 18
11 27 0 12 1 1 14
22 10 0 3 1 14 2
5 29 7 11 2 0 2
7 23 7 9 3 1 10
19 21 0 4 1 12 4
17 19 0 4 1 9 8
20 1 0 12 1 2 10
7 18 9 9 4 1 10
2 10 22 7 8 0 2
16 23 0 4 1 4 10
0 12 0 13 1 0 18
4 16 12 8 3 0 14
27 13 0 7 1 2 1
10 24 0 2 1 16 1
18 28 0 4 1 11 2
12 29 0 12 1 2 1
2 24 23 7 9 0 2
8 26 0 13 1 0 14
7 9 0 12 1 1 10
17 18 0 4 1 9 8
0 1 7 11 2 0 18
18 25 2 4 2 11 2
8 12 0 13 1 0 14
21 22 0 4 1 13 3
23 28 2 4 2 6 2
4 15 7 11 2 0 14
11 15 0 12 1 1 14
9 19 4 7 3 2 5
28 25 0 4 1 13 1
