1 0 3 0 3 0 8 0
1 0 2 0 1 0 3 0
1 0 3 0 3 0 10 0
4 2 1 2 1 5 3 0
1 0 1 0 1 0 6 0
1 0 1 0 2 0 7 0
1 0 3 0 4 0 16 0
7 2 1 2 0 14 1 0
1 0 3 0 1 0 4 0
2 2 1 0 0 2 1 0
2 1 2 0 3 1 11 0
2 1 1 0 1 1 5 0
2 1 0 0 0 1 0 1
2 1 0 0 0 1 0 1
3 2 2 1 2 3 8 0
4 2 2 2 2 5 6 0
8 1 0 2 0 15 0 1
5 2 1 2 1 7 3 0
3 2 1 1 0 3 1 0
3 1 0 2 0 3 0 1
4 2 0 2 0 5 0 0
5 2 1 2 0 7 1 0
3 2 1 1 1 3 4 0
6 2 1 4 1 12 2 0
4 1 0 2 0 4 0 1
6 2 0 2 0 8 0 0
####
1 0 0 7 0 18 8 0 4 0
2 0 0 7 0 18 8 0 9 0
2 1 0 7 0 18 8 0 7 0
4 0 0 7 0 18 8 0 8 0
4 1 0 7 0 18 8 0 6 0
4 2 0 7 0 18 8 0 11 0
5 0 0 7 0 18 8 0 7 0
5 1 0 7 0 18 8 0 5 0
5 2 0 7 0 18 8 0 10 0
5 4 0 7 0 18 8 0 9 0
6 0 0 7 0 18 8 0 11 0
6 1 0 7 0 18 8 0 9 0
6 2 0 7 0 18 8 0 14 0
6 4 0 7 0 18 8 0 13 0
6 5 0 7 0 18 8 0 12 0
8 0 0 3 0 9 11 0 1 0
8 6 0 3 0 9 11 0 2 0
10 9 1 0 0 0 12 0 0 0
11 10 0 6 0 13 6 0 9 0
12 9 1 0 0 0 12 0 0 0
18 14 2 0 5 0 11 2 0 0
19 14 2 0 5 0 11 2 0 0
19 18 2 0 5 0 11 2 0 0
22 14 2 5 5 9 12 1 7 1
22 18 2 0 5 0 11 1 0 0
22 19 2 0 5 0 11 1 0 0
15 3 3 4 9 5 12 1 5 1
20 15 3 0 9 0 11 4 0 0
20 3 3 0 9 0 11 3 0 0
24 15 3 0 9 0 11 2 0 0
24 20 3 0 9 0 11 4 0 0
24 3 3 0 9 0 11 1 0 0
21 17 4 0 13 0 9 0 0 0
25 23 5 0 15 0 9 2 0 0
####
6 9 0 12 1 0 16
8 9 0 12 1 0 4
7 16 0 2 1 14 1
23 7 0 3 1 12 2
0 21 13 9 4 0 8
6 10 0 12 1 0 16
11 22 0 9 1 1 5
10 18 0 9 1 1 11
8 20 9 11 3 0 4
0 17 13 9 4 0 8
6 22 5 11 2 0 16
17 23 0 4 1 7 3
18 20 0 8 1 3 1
22 3 0 8 1 3 4
1 13 0 12 1 0 3
3 23 2 6 2 5 3
14 24 0 8 1 3 8
0 18 5 11 2 0 8
5 15 9 11 3 0 7
14 15 0 8 1 3 8
2 3 9 11 3 0 10
2 14 5 11 2 0 10
4 11 0 12 1 0 6
15 17 0 6 1 5 6
21 25 0 4 1 7 1
8 12 0 12 1 0 4
15 21 0 6 1 5 6
10 14 0 9 1 1 11
2 25 15 9 5 0 10
1 7 17 8 6 0 3
9 19 0 9 1 2 1
