1 0 4 0 3 0 10 0
5 2 1 2 0 7 1 0
1 0 2 0 1 0 5 0
2 1 1 0 1 1 4 0
1 0 3 0 4 0 10 0
2 1 2 0 2 1 5 0
1 0 4 0 4 0 7 0
1 0 2 0 2 0 8 0
2 1 1 0 1 1 3 0
1 0 3 0 2 0 10 0
1 0 3 0 4 0 11 0
2 2 1 0 1 2 4 0
2 2 1 0 1 2 2 0
3 2 1 2 1 4 3 0
2 2 1 0 1 2 4 0
4 2 1 2 1 6 2 0
3 2 0 2 0 4 0 0
3 2 1 1 1 3 3 0
4 2 1 2 1 6 2 0
5 2 1 2 0 8 1 0
5 2 1 2 0 7 1 0
3 2 1 3 0 5 1 0
6 2 0 4 0 12 0 0
6 2 0 4 0 11 0 0
6 1 0 2 0 9 0 1
2 2 2 0 0 2 2 0
3 2 1 3 1 5 3 0
2 1 0 0 0 1 0 1
2 2 1 0 1 2 3 0
4 2 1 3 1 6 2 0
####
2 0 0 5 0 20 10 0 7 0
4 0 0 5 0 20 10 0 5 0
4 2 0 5 0 20 10 0 4 0
6 0 0 5 0 20 10 0 5 0
6 4 0 5 0 20 10 0 9 0
7 0 0 5 0 20 10 0 8 0
7 4 0 5 0 20 10 0 7 0
7 6 0 5 0 20 10 0 5 0
9 0 0 5 0 20 10 0 8 0
9 2 0 5 0 20 10 0 7 0
9 4 0 5 0 20 10 0 5 0
9 6 0 5 0 20 10 0 8 0
9 7 0 5 0 20 10 0 6 0
10 0 0 5 0 20 10 0 8 0
10 2 0 5 0 20 10 0 4 0
10 4 0 5 0 20 10 0 2 0
10 6 0 5 0 20 10 0 5 0
10 7 0 5 0 20 10 0 8 0
10 9 0 5 0 20 10 0 5 0
8 3 1 0 0 0 16 0 0 0
11 8 0 4 0 11 12 0 5 0
12 5 0 4 0 11 12 0 5 0
12 11 1 0 0 0 16 0 0 0
14 5 0 4 0 11 12 0 7 0
14 12 0 4 0 11 12 0 4 0
25 3 0 4 0 11 12 0 3 0
25 5 1 0 0 0 16 0 0 0
25 11 1 0 0 0 16 0 0 0
25 12 1 0 0 0 16 0 0 0
27 5 1 0 0 0 16 0 0 0
27 25 1 0 0 0 16 0 0 0
28 3 0 4 0 11 12 0 5 0
28 14 1 0 0 0 16 0 0 0
28 25 0 4 0 11 12 0 2 0
17 13 2 0 9 0 12 1 0 0
21 13 2 0 9 0 12 2 0 0
21 16 2 0 9 0 12 2 0 0
16 13 2 0 9 0 12 2 0 0
26 17 2 0 9 0 12 1 0 0
26 21 2 3 9 6 15 2 2 1
26 16 2 0 9 0 12 2 0 0
29 18 3 0 14 0 10 4 0 0
29 15 3 0 14 0 10 4 0 0
19 1 4 0 17 0 10 6 0 0
20 19 4 0 17 0 10 3 0 0
20 1 4 0 17 0 10 6 0 0
24 22 5 0 20 0 10 5 0 0
24 23 5 0 20 0 10 8 0 0
23 22 5 0 20 0 10 6 0 0
####
25 16 0 14 1 2 2
10 11 0 16 1 0 11
28 29 5 12 2 2 3
7 12 0 16 1 0 8
15 20 0 6 1 6 2
17 29 0 8 1 3 3
4 27 0 16 1 0 10
14 26 0 14 1 2 4
5 26 0 14 1 1 5
18 19 0 6 1 6 2
7 11 0 16 1 0 8
0 3 0 16 1 0 10
3 17 0 14 1 1 4
25 23 11 12 4 2 2
26 15 0 8 1 5 3
6 14 0 16 1 0 7
10 12 0 16 1 0 11
9 28 0 16 1 0 10
9 17 9 12 2 0 10
6 15 14 10 3 0 7
11 13 0 14 1 2 4
12 21 0 14 1 2 2
2 16 9 12 2 0 5
9 14 0 16 1 0 10
20 22 0 6 1 7 1
1 23 0 6 1 7 1
4 5 0 16 1 0 10
19 24 0 6 1 8 1
4 25 0 16 1 0 10
5 21 0 14 1 1 5
0 8 0 16 1 0 10
0 1 17 10 4 0 10
6 19 17 10 4 0 7
2 28 0 16 1 0 5
21 22 6 8 3 5 1
0 13 9 12 2 0 10
10 25 0 16 1 0 11
6 20 17 10 4 0 7
29 1 0 6 1 6 2
13 18 0 8 1 4 3
8 18 5 12 2 1 3
