1 0 4 0 4 0 14 0
1 0 3 0 6 0 13 0
1 0 2 0 1 0 3 0
1 0 2 0 0 0 2 0
1 0 3 0 2 0 8 0
1 0 2 0 1 0 3 0
1 0 3 0 3 0 6 0
5 2 1 2 1 6 4 0
2 1 3 0 1 1 6 0
5 2 1 2 1 5 2 0
7 2 1 2 1 9 2 0
2 1 2 0 2 1 12 0
2 1 0 0 0 1 0 1
3 2 1 1 1 3 6 0
2 1 1 0 2 1 3 0
8 2 1 2 0 11 1 0
3 2 2 1 0 3 2 0
3 2 1 1 1 2 4 0
6 2 1 2 0 7 1 0
4 2 1 2 1 5 5 0
9 1 0 2 0 12 0 1
6 2 1 3 1 8 3 0
4 2 0 2 0 5 0 0
2 1 0 0 0 1 0 1
3 2 0 1 0 3 0 0
4 1 0 2 0 4 0 1
4 2 1 2 1 3 3 0
3 1 0 1 0 2 0 1
2 1 0 0 0 1 0 1
7 2 0 2 0 9 0 0
####
1 0 0 8 0 22 8 0 14 0
2 0 0 6 0 19 9 0 6 0
3 0 0 6 0 19 9 0 5 0
3 1 0 2 0 6 12 0 1 0
3 2 0 6 0 19 9 0 1 0
4 0 0 6 0 19 9 0 7 0
4 1 0 3 0 11 11 0 3 0
4 2 0 6 0 19 9 0 3 0
4 3 0 6 0 19 9 0 2 0
5 0 0 8 0 22 8 0 8 0
5 1 0 8 0 22 8 0 8 0
5 4 0 3 0 11 11 0 2 0
6 0 0 8 0 22 8 0 12 0
6 1 0 8 0 22 8 0 12 0
6 5 0 8 0 22 8 0 6 0
11 8 0 7 0 16 7 0 9 0
14 12 1 0 0 0 13 0 0 0
28 11 1 0 0 0 13 0 0 0
16 13 2 0 6 0 12 0 0 0
17 13 2 0 6 0 12 2 0 0
24 13 2 0 6 0 12 1 0 0
24 16 2 0 6 0 12 1 0 0
27 13 2 0 6 0 12 1 0 0
27 16 2 0 6 0 12 1 0 0
27 24 2 0 6 0 12 2 0 0
22 19 3 0 11 0 11 2 0 0
25 19 3 0 11 0 11 2 0 0
25 22 3 0 11 0 11 2 0 0
26 19 3 0 11 0 11 4 0 0
9 7 4 0 15 0 9 6 0 0
21 18 5 0 17 0 9 8 0 0
29 10 6 0 19 0 9 10 0 0
####
7 21 0 4 1 6 4
2 18 17 9 5 0 3
15 20 0 2 1 11 1
10 15 0 3 1 9 2
4 12 0 13 1 0 8
9 18 0 4 1 5 2
0 28 0 13 1 0 14
3 24 6 12 2 0 2
8 24 0 11 1 1 6
4 9 15 9 4 0 8
6 7 15 9 4 0 6
19 7 0 6 1 5 5
1 16 6 12 2 0 13
6 10 19 9 6 0 6
2 23 0 13 1 0 3
16 22 0 9 1 3 2
0 11 0 13 1 0 14
0 17 6 12 2 0 14
16 25 0 9 1 3 2
5 22 11 11 3 0 3
11 13 0 11 1 1 12
1 13 6 12 2 0 13
8 21 11 8 4 1 6
4 14 0 13 1 0 8
26 9 0 6 1 3 3
5 15 21 8 7 0 3
13 19 0 9 1 3 6
6 19 11 11 3 0 6
11 17 0 11 1 1 12
14 16 0 11 1 1 3
0 26 11 11 3 0 14
1 8 0 13 1 0 13
18 29 0 4 1 7 1
21 10 0 4 1 8 3
3 29 19 9 6 0 2
17 26 0 9 1 2 4
8 27 0 11 1 1 6
