1 0 4 0 3 0 7 0
1 0 2 0 2 0 7 0
1 0 1 0 1 0 6 0
2 1 2 0 1 1 6 0
3 2 1 2 2 3 4 0
3 2 1 1 2 3 4 0
3 2 0 1 0 2 0 0
4 2 2 3 1 7 3 0
5 2 1 2 0 8 1 0
6 1 0 2 0 9 0 1
5 1 0 2 0 8 0 1
2 2 1 0 1 2 5 0
####
1 0 0 5 0 8 4 0 9 0
2 0 0 5 0 8 4 0 9 0
2 1 0 5 0 8 4 0 8 0
11 3 0 4 0 6 3 0 6 0
5 4 2 3 2 3 7 1 4 1
6 5 2 0 2 0 6 2 0 0
10 8 4 0 6 0 5 8 0 0
####
4 7 0 4 1 3 4
1 3 0 5 1 0 7
11 4 0 5 1 2 5
5 7 0 4 1 3 4
2 11 0 5 1 0 6
8 9 0 3 1 8 1
0 11 0 5 1 0 7
1 6 2 6 2 0 7
0 4 2 6 2 0 7
3 6 0 5 1 1 6
7 10 0 3 1 7 3
0 5 2 6 2 0 7
0 8 6 5 4 0 7
7 8 0 3 1 7 3
3 5 0 5 1 1 6
