1 0 3 0 4 0 15 0
1 0 4 0 5 0 21 0
1 0 3 0 4 0 15 0
1 0 2 0 2 0 6 0
5 2 1 2 2 6 4 0
1 0 4 0 2 0 7 0
3 2 1 1 1 3 5 0
1 0 4 0 3 0 13 0
2 1 1 0 1 1 8 0
4 2 1 3 1 5 7 0
9 2 1 2 0 17 1 0
2 1 0 0 0 1 0 1
2 1 2 0 3 1 18 0
2 1 0 0 0 1 0 1
4 2 1 2 1 5 5 0
3 1 0 1 0 2 0 1
5 2 1 4 1 9 4 0
3 2 1 1 1 3 6 0
9 1 0 2 0 17 0 1
6 2 1 2 2 10 3 0
7 2 1 2 2 10 4 0
10 2 0 2 0 18 0 0
7 2 2 2 0 11 2 0
2 1 3 0 1 1 8 0
3 1 0 1 0 2 0 1
8 2 0 2 0 12 0 0
5 2 1 2 1 6 6 0
3 2 2 1 2 3 14 0
4 2 1 2 1 5 5 0
8 2 0 2 0 12 0 0
6 2 1 2 1 8 5 0
8 2 2 4 1 16 3 0
####
1 0 0 9 0 25 7 0 16 0
2 0 0 9 0 25 7 0 11 0
2 1 0 9 0 25 7 0 19 0
3 0 0 9 0 25 7 0 8 0
3 1 0 9 0 25 7 0 16 0
3 2 0 9 0 25 7 0 11 0
5 0 0 9 0 25 7 0 7 0
5 1 0 9 0 25 7 0 15 0
5 2 0 9 0 25 7 0 10 0
5 3 0 9 0 25 7 0 7 0
7 0 0 9 0 25 7 0 9 0
7 1 0 9 0 25 7 0 17 0
7 2 0 9 0 25 7 0 12 0
7 3 0 9 0 25 7 0 9 0
7 5 0 9 0 25 7 0 8 0
12 8 1 8 0 20 12 0 16 1
13 11 1 0 0 0 11 0 0 0
23 12 0 6 0 15 8 0 9 0
17 6 2 0 5 0 11 1 0 0
15 6 2 0 5 0 11 2 0 0
24 6 2 0 5 0 11 2 0 0
24 15 2 0 5 0 11 2 0 0
27 17 2 7 5 15 12 2 10 1
27 6 2 5 5 10 14 1 7 1
14 9 3 0 10 0 9 5 0 0
28 9 3 6 10 12 10 5 8 1
28 14 3 0 10 0 9 4 0 0
16 4 4 0 13 0 9 7 0 0
26 16 4 0 13 0 9 8 0 0
26 4 4 5 13 9 10 7 6 1
30 19 5 0 16 0 8 3 0 0
22 20 6 0 18 0 8 5 0 0
29 25 7 0 20 0 9 10 0 0
31 25 7 0 20 0 9 7 0 0
31 29 7 0 20 0 9 7 0 0
18 10 8 0 23 0 8 6 0 0
####
9 26 0 6 1 5 7
2 29 20 9 7 0 15
28 4 0 6 1 5 5
12 27 0 10 1 1 18
1 26 13 9 4 0 21
5 13 0 11 1 0 7
7 25 20 9 7 0 13
8 9 5 8 2 1 8
10 21 0 3 1 17 1
2 22 18 8 6 0 15
1 6 5 11 2 0 21
3 28 10 9 3 0 6
19 22 0 4 1 10 3
4 31 4 6 3 6 4
0 21 25 7 9 0 15
31 18 0 5 1 16 3
27 14 0 8 1 3 14
17 28 0 8 1 3 6
7 19 16 8 5 0 13
12 17 0 10 1 1 18
23 15 0 10 1 1 8
23 6 0 10 1 1 8
2 27 5 11 2 0 15
7 14 10 9 3 0 13
5 11 0 11 1 0 7
30 20 0 4 1 8 5
20 31 0 5 1 10 4
26 30 0 5 1 6 6
22 29 0 5 1 11 2
0 30 16 8 5 0 15
16 19 0 5 1 9 4
27 9 0 8 1 3 14
23 24 0 10 1 1 8
0 23 0 11 1 0 15
31 10 0 5 1 16 3
22 25 0 5 1 11 2
5 10 23 8 8 0 7
14 16 0 6 1 5 5
1 12 0 11 1 0 21
5 20 18 8 6 0 7
1 8 0 11 1 0 21
7 17 5 11 2 0 13
3 4 13 9 4 0 6
6 16 3 8 2 3 5
