1 0 3 0 3 0 11 0
1 0 2 0 2 0 15 0
1 0 2 0 2 0 8 0
7 2 1 2 1 12 4 0
1 0 2 0 2 0 14 0
1 0 3 0 3 0 13 0
1 0 2 0 2 0 10 0
1 0 3 0 2 0 16 0
8 1 1 2 1 13 3 0
2 2 1 0 1 2 4 0
10 2 1 2 0 15 1 0
2 1 0 0 0 1 0 1
6 2 1 2 1 11 2 0
4 2 1 2 1 6 7 0
8 1 0 2 0 13 0 1
5 2 1 2 1 8 6 0
4 2 1 2 1 5 4 0
2 1 1 0 1 1 6 0
2 2 1 0 1 2 9 0
9 2 1 1 1 14 2 0
6 2 1 2 1 10 5 0
3 2 1 1 1 3 5 0
5 2 1 4 1 9 3 0
7 2 1 2 0 12 1 0
3 2 1 2 1 4 8 0
11 1 0 2 0 16 0 1
####
1 0 0 10 0 18 8 0 13 0
2 0 0 10 0 18 8 0 9 0
2 1 0 10 0 18 8 0 12 0
4 0 0 10 0 18 8 0 11 0
4 1 0 10 0 18 8 0 14 0
4 2 0 10 0 18 8 0 10 0
5 0 0 10 0 18 8 0 12 0
5 1 0 10 0 18 8 0 15 0
5 2 0 10 0 18 8 0 11 0
5 4 0 10 0 18 8 0 13 0
6 0 0 10 0 18 8 0 14 0
6 1 0 10 0 18 8 0 17 0
6 2 0 10 0 18 8 0 13 0
6 4 0 10 0 18 8 0 15 0
6 5 0 10 0 18 8 0 16 0
7 0 0 10 0 18 8 0 14 0
7 1 0 10 0 18 8 0 17 0
7 2 0 10 0 18 8 0 13 0
7 4 0 10 0 18 8 0 15 0
7 5 0 10 0 18 8 0 16 0
7 6 0 10 0 18 8 0 18 0
11 9 1 0 0 0 11 0 0 0
17 9 0 6 0 10 6 0 8 0
18 9 1 0 0 0 11 0 0 0
18 11 1 0 0 0 11 0 0 0
24 21 2 0 4 0 9 0 0 0
16 13 3 0 6 0 9 2 0 0
22 15 4 0 8 0 9 4 0 0
20 12 5 0 10 0 9 2 0 0
23 3 6 0 12 0 9 4 0 0
14 8 7 0 14 0 9 6 0 0
####
1 21 4 9 2 0 15
5 9 0 11 1 0 13
20 3 0 4 1 10 5
0 20 10 9 5 0 11
15 20 0 4 1 8 6
9 22 4 6 3 2 4
5 13 6 9 3 0 13
8 19 0 3 1 13 3
0 16 6 9 3 0 11
24 13 0 4 1 4 8
2 12 10 9 5 0 8
21 16 0 4 1 3 5
7 11 0 11 1 0 16
16 22 0 4 1 5 4
19 10 0 2 1 14 2
1 24 4 9 2 0 15
6 18 0 11 1 0 10
18 24 0 6 1 2 9
13 15 0 4 1 6 7
7 18 0 11 1 0 16
23 14 0 4 1 12 1
2 3 12 9 6 0 8
0 23 12 9 6 0 11
7 9 0 11 1 0 16
6 19 16 8 8 0 10
5 10 17 8 9 0 13
22 12 0 4 1 9 3
4 15 8 9 4 0 14
4 17 0 11 1 0 14
10 25 0 2 1 15 1
3 8 0 4 1 12 4
17 21 0 6 1 1 6
12 23 0 4 1 11 2
