1 0 3 0 2 0 9 0
1 0 3 0 4 0 16 0
1 0 3 0 3 0 13 0
1 0 3 0 2 0 5 0
1 0 3 0 5 0 21 0
2 1 3 0 3 1 20 0
1 0 2 0 2 0 7 0
3 1 0 1 0 2 0 1
3 1 3 1 3 2 17 0
2 1 1 0 0 1 1 0
7 2 1 2 1 8 2 0
6 2 1 2 0 7 1 0
3 1 0 1 0 2 0 1
4 2 1 1 1 4 3 0
4 2 1 1 2 4 12 0
10 2 1 2 1 14 2 0
7 2 1 2 1 9 5 0
11 2 1 2 0 15 1 0
5 2 2 2 2 6 11 0
3 2 0 1 0 2 0 0
2 1 0 0 0 1 0 1
9 1 0 2 0 11 0 1
7 1 0 2 0 8 0 1
6 2 1 2 1 7 6 0
8 2 1 2 0 10 1 0
8 2 1 2 1 11 4 0
12 1 0 2 0 16 0 1
6 2 1 2 1 7 3 0
5 2 1 2 1 5 2 0
9 2 1 3 1 12 3 0
####
1 0 0 11 0 23 7 0 12 0
2 0 0 11 0 23 7 0 13 0
2 1 0 11 0 23 7 0 15 0
3 0 0 11 0 23 7 0 7 0
3 1 0 11 0 23 7 0 9 0
3 2 0 11 0 23 7 0 10 0
4 0 0 11 0 23 7 0 15 0
4 1 0 11 0 23 7 0 17 0
4 2 0 11 0 23 7 0 18 0
4 3 0 11 0 23 7 0 12 0
6 0 0 11 0 23 7 0 9 0
6 1 0 11 0 23 7 0 11 0
6 2 0 11 0 23 7 0 12 0
6 3 0 11 0 23 7 0 6 0
6 4 0 11 0 23 7 0 14 0
8 7 2 0 3 0 10 2 0 0
12 7 2 0 3 0 10 2 0 0
12 8 2 0 3 0 10 2 0 0
14 13 3 0 7 0 8 4 0 0
28 18 4 0 9 0 8 1 0 0
23 11 5 0 11 0 9 3 0 0
27 23 5 0 11 0 9 2 0 0
27 11 5 0 11 0 9 3 0 0
16 10 6 0 14 0 9 4 0 0
22 16 6 0 14 0 9 1 0 0
22 10 6 0 14 0 9 5 0 0
25 24 7 0 17 0 8 6 0 0
29 21 8 0 19 0 8 8 0 0
####
3 15 21 7 9 0 5
8 13 0 6 1 2 17
0 20 0 9 1 0 9
0 16 14 9 6 0 9
6 24 17 8 7 0 7
5 8 0 7 1 1 20
18 23 0 5 1 6 11
8 14 0 6 1 2 17
5 12 0 7 1 1 20
14 18 0 4 1 4 12
18 27 0 5 1 6 11
11 22 0 6 1 7 1
4 23 11 9 5 0 21
27 10 0 6 1 7 3
0 11 11 9 5 0 9
6 25 17 8 7 0 7
1 28 9 8 4 0 16
8 29 12 6 6 2 17
16 25 0 5 1 9 5
2 27 11 9 5 0 13
4 10 14 9 6 0 21
25 29 0 4 1 11 4
23 16 0 6 1 7 6
4 5 0 9 1 0 21
1 13 7 8 3 0 16
10 24 0 5 1 8 2
13 28 0 4 1 4 3
3 9 0 9 1 0 5
3 19 3 10 2 0 5
2 14 7 8 3 0 13
29 15 0 3 1 12 3
2 17 22 7 10 0 13
15 17 0 2 1 14 2
28 11 0 5 1 5 2
5 7 0 7 1 1 20
1 18 9 8 4 0 16
17 26 0 2 1 15 1
9 19 0 7 1 1 1
24 21 0 4 1 10 1
