1 0 2 0 1 0 4 0
1 0 3 0 5 0 11 0
1 0 3 0 4 0 13 0
1 0 3 0 6 0 20 0
9 2 1 2 1 22 2 0
1 0 1 0 2 0 8 0
1 0 3 0 3 0 14 0
1 0 2 0 2 0 9 0
2 1 0 0 0 1 0 1
10 2 1 3 0 25 1 0
2 1 2 0 3 1 6 0
7 2 1 4 2 13 4 0
4 2 1 2 2 4 10 0
2 1 2 0 1 1 7 0
4 2 1 2 1 5 6 0
3 2 2 1 0 2 2 0
4 1 0 2 0 4 0 1
4 2 0 4 0 6 0 0
5 2 2 2 3 6 9 0
5 2 1 2 1 7 5 0
2 1 3 0 5 1 19 0
4 1 0 2 0 3 0 1
3 2 1 1 1 3 2 0
3 2 2 1 1 3 7 0
6 2 2 2 1 7 6 0
7 2 1 4 2 12 4 0
4 2 1 3 1 6 5 0
11 2 0 4 0 26 0 0
2 1 0 0 0 1 0 1
8 2 2 4 1 20 3 0
7 1 0 2 0 8 0 1
3 2 1 1 1 3 7 0
3 2 2 1 1 2 12 0
3 1 0 1 0 2 0 1
6 2 1 2 1 7 5 0
####
1 0 0 10 0 27 8 0 10 0
2 0 0 10 0 27 8 0 14 0
2 1 0 10 0 27 8 0 18 0
3 0 0 10 0 27 8 0 19 0
3 1 0 10 0 27 8 0 23 0
3 2 0 10 0 27 8 0 27 0
5 0 0 10 0 27 8 0 9 0
5 1 0 10 0 27 8 0 13 0
5 2 0 10 0 27 8 0 17 0
5 3 0 10 0 27 8 0 22 0
6 0 0 10 0 27 8 0 14 0
6 1 0 10 0 27 8 0 18 0
6 2 0 10 0 27 8 0 22 0
6 3 0 10 0 27 8 0 27 0
6 5 0 10 0 27 8 0 17 0
7 0 0 10 0 27 8 0 9 0
7 1 0 10 0 27 8 0 13 0
7 2 0 10 0 27 8 0 17 0
7 3 0 10 0 27 8 0 22 0
7 5 0 10 0 27 8 0 12 0
7 6 0 10 0 27 8 0 17 0
13 10 0 9 0 22 6 0 7 0
20 10 0 9 0 22 6 0 17 0
20 13 0 9 0 22 6 0 20 0
28 13 1 0 0 0 12 0 0 0
22 15 2 0 5 0 13 2 0 0
23 22 0 8 0 16 7 0 6 0
31 22 0 8 0 16 7 0 7 0
31 23 2 8 5 16 14 2 11 1
32 15 0 1 0 0 12 0 0 0
32 22 0 8 0 16 7 0 10 0
32 23 2 8 5 16 14 2 14 1
32 31 2 8 5 16 14 2 15 1
21 17 3 0 11 0 13 4 0 0
16 14 3 0 11 0 13 4 0 0
16 12 3 0 11 0 13 4 0 0
26 16 3 0 11 0 13 4 0 0
26 14 3 7 11 10 14 4 9 1
26 12 3 7 11 10 14 4 12 1
26 17 3 0 11 0 13 4 0 0
14 12 3 7 11 10 14 0 13 1
17 16 3 0 11 0 13 4 0 0
17 14 3 0 11 0 13 4 0 0
17 12 3 0 11 0 13 4 0 0
19 18 4 6 17 8 10 2 11 1
34 24 5 5 19 6 10 4 8 1
25 11 6 4 21 3 11 8 6 1
30 25 6 0 21 0 10 8 0 0
30 11 6 0 21 0 10 6 0 0
####
24 30 0 5 1 7 6
13 33 0 11 1 1 7
34 11 0 5 1 7 5
13 26 6 11 2 1 7
1 15 5 13 2 0 11
10 15 0 11 1 1 6
22 9 15 7 7 3 2
26 11 4 9 3 6 5
2 12 11 13 3 0 13
23 26 0 12 1 3 7
29 4 0 2 1 20 3
5 23 5 13 2 0 8
29 27 2 2 3 20 3
3 34 19 9 5 0 20
4 9 0 2 1 22 2
18 34 0 4 1 6 9
3 20 0 12 1 0 20
19 25 2 5 2 7 5
0 4 25 8 8 0 4
1 10 0 12 1 0 11
7 28 0 12 1 0 9
10 22 0 11 1 1 6
0 22 5 13 2 0 4
25 29 0 4 1 12 4
6 18 17 9 4 0 14
23 16 0 12 1 3 7
14 19 0 8 1 5 6
18 24 0 4 1 6 9
20 31 0 11 1 1 19
20 32 0 11 1 1 19
32 17 0 12 1 2 12
12 18 0 8 1 4 10
1 19 17 9 4 0 11
2 24 19 9 5 0 13
2 14 11 13 3 0 13
15 17 0 12 1 2 2
20 23 0 11 1 1 19
9 27 0 2 1 25 1
6 8 0 12 1 0 14
3 32 5 13 2 0 20
31 14 0 12 1 3 7
7 13 0 12 1 0 9
15 21 0 12 1 2 2
6 31 5 13 2 0 14
32 12 0 12 1 2 12
24 25 0 5 1 7 6
11 29 0 4 1 13 4
