1 0 4 0 2 0 14 0
1 0 3 0 1 0 15 0
1 0 4 0 4 0 23 0
1 0 3 0 2 0 24 0
1 0 4 0 5 0 27 0
5 2 1 2 1 6 16 0
1 0 2 0 1 0 5 0
1 0 4 0 5 0 13 0
13 1 1 2 1 18 2 0
1 0 3 0 2 0 16 0
2 1 1 0 1 1 2 0
6 1 1 2 2 7 15 0
14 2 1 2 1 20 3 0
2 1 0 0 0 1 0 1
15 2 1 2 1 21 2 0
9 2 1 2 1 12 11 0
16 2 1 2 0 22 1 0
2 1 3 0 2 1 24 0
2 1 0 0 0 1 0 1
10 2 1 2 1 14 10 0
3 2 1 1 2 3 22 0
11 2 1 2 2 16 9 0
2 1 0 0 0 1 0 1
5 2 1 2 1 7 3 0
7 2 2 1 1 8 14 0
14 2 1 2 0 19 1 0
12 2 2 2 2 17 8 0
17 2 0 2 0 23 0 0
8 2 0 2 0 10 0 0
15 2 0 2 0 21 0 0
8 2 1 2 1 10 12 0
4 2 2 2 2 5 21 0
6 2 1 2 1 9 2 0
7 2 1 3 0 11 1 0
13 2 1 2 1 18 4 0
2 1 0 0 0 1 0 1
8 2 0 2 0 13 0 0
2 1 0 0 0 1 0 1
2 1 0 0 0 1 0 1
3 1 0 1 0 2 0 1
####
1 0 0 16 0 31 9 0 17 0
2 0 0 16 0 31 9 0 22 0
2 1 0 16 0 31 9 0 23 0
3 0 0 16 0 31 9 0 21 0
3 1 0 16 0 31 9 0 22 0
3 2 0 16 0 31 9 0 27 0
4 0 0 16 0 31 9 0 23 0
4 1 0 16 0 31 9 0 24 0
4 2 0 16 0 31 9 0 29 0
4 3 0 16 0 31 9 0 28 0
6 0 0 16 0 31 9 0 11 0
6 1 0 16 0 31 9 0 12 0
6 2 0 16 0 31 9 0 17 0
6 3 0 16 0 31 9 0 16 0
6 4 0 16 0 31 9 0 18 0
7 0 0 16 0 31 9 0 14 0
7 1 0 16 0 31 9 0 15 0
7 2 0 16 0 31 9 0 20 0
7 3 0 16 0 31 9 0 19 0
7 4 0 16 0 31 9 0 21 0
7 6 0 16 0 31 9 0 9 0
9 0 0 16 0 31 9 0 15 0
9 1 0 16 0 31 9 0 16 0
9 2 0 16 0 31 9 0 21 0
9 3 0 16 0 31 9 0 20 0
9 4 0 16 0 31 9 0 22 0
9 6 0 16 0 31 9 0 10 0
9 7 0 16 0 31 9 0 13 0
17 10 1 6 0 9 19 0 6 1
22 10 1 0 0 0 16 0 0 0
22 17 1 0 0 0 16 0 0 0
37 18 1 0 0 0 16 0 0 0
38 35 1 0 0 0 16 0 0 0
39 20 2 0 8 0 10 2 0 0
23 5 4 0 11 0 10 4 0 0
32 11 5 0 13 0 10 6 0 0
33 24 6 0 15 0 10 8 0 0
30 28 7 0 17 0 11 10 0 0
36 28 7 0 17 0 11 10 0 0
36 30 7 0 17 0 11 10 0 0
34 8 12 0 24 0 10 8 0 0
25 12 13 0 26 0 10 10 0 0
29 14 14 0 28 0 10 12 0 0
####
24 30 0 5 1 8 14
7 21 22 9 10 0 13
3 35 0 16 1 0 24
17 20 0 10 1 1 24
33 36 0 5 1 11 1
1 37 0 16 1 0 15
23 32 0 4 1 7 3
17 25 18 10 12 1 24
4 22 0 16 1 0 27
0 36 17 11 7 0 14
31 23 0 3 1 5 21
15 19 0 2 1 12 11
11 24 0 4 1 7 15
2 5 11 10 4 0 23
3 38 0 16 1 0 24
32 33 0 4 1 9 2
0 15 20 9 8 0 14
6 29 28 10 14 0 5
31 5 0 3 1 5 21
9 28 17 11 7 0 16
26 8 0 3 1 17 8
3 31 10 9 3 0 24
34 12 0 4 1 18 4
2 27 31 9 16 0 23
19 21 0 2 1 14 10
8 25 0 4 1 18 2
4 10 0 16 1 0 27
7 14 28 10 14 0 13
25 29 0 4 1 19 1
21 26 0 2 1 16 9
7 32 13 10 5 0 13
12 14 0 4 1 20 3
24 28 0 5 1 8 14
5 11 0 4 1 6 16
20 31 0 3 1 3 22
2 20 8 10 2 0 23
4 16 30 9 15 0 27
2 24 15 10 6 0 23
6 12 26 10 13 0 5
0 34 24 10 12 0 14
30 15 0 4 1 10 12
14 16 0 3 1 21 2
7 26 23 9 11 0 13
17 39 0 10 1 1 24
0 13 0 16 1 0 14
4 17 0 16 1 0 27
9 23 11 10 4 0 16
1 18 0 16 1 0 15
26 34 0 3 1 17 8
16 27 0 2 1 22 1
10 33 7 10 5 1 2
9 19 21 9 9 0 16
1 30 17 11 7 0 15
