1 0 2 0 3 0 10 0
1 0 3 0 4 0 17 0
1 0 2 0 1 0 6 0
1 0 4 0 4 0 12 0
5 2 1 2 1 7 3 0
6 1 1 2 0 8 1 0
1 0 1 0 1 0 4 0
1 0 4 0 6 0 25 0
1 0 2 0 5 0 32 0
1 0 4 0 4 0 13 0
11 2 1 2 1 16 2 0
2 1 2 0 1 1 6 0
5 2 1 2 3 6 6 0
5 2 1 2 1 6 9 0
6 2 1 2 1 7 8 0
7 1 0 1 0 9 0 1
6 1 3 2 2 7 5 0
2 1 3 0 6 1 31 0
7 2 1 4 1 16 2 0
3 2 2 1 1 2 7 0
3 2 2 1 1 3 6 0
12 2 1 3 0 17 1 0
7 2 1 2 1 9 7 0
8 2 1 2 2 10 6 0
8 2 1 2 0 18 1 0
3 2 2 1 3 3 18 0
4 2 1 2 1 5 3 0
4 2 1 2 1 4 5 0
5 2 1 3 1 7 4 0
13 2 0 2 0 18 0 0
7 2 0 2 0 10 0 0
9 2 2 2 1 11 5 0
4 2 0 2 0 5 0 0
4 1 0 2 0 3 0 1
10 2 1 3 1 15 3 0
4 2 2 2 2 4 13 0
4 2 1 2 1 5 4 0
6 2 1 2 1 9 3 0
5 2 1 2 1 7 2 0
10 1 0 2 0 12 0 1
9 1 0 2 0 19 0 1
####
1 0 0 8 0 26 10 0 10 0
2 0 0 8 0 26 10 0 9 0
2 1 0 8 0 26 10 0 9 0
3 0 0 8 0 26 10 0 8 0
3 1 0 12 0 32 9 0 14 0
3 2 0 8 0 26 10 0 7 0
6 0 0 8 0 26 10 0 8 0
6 1 0 8 0 26 10 0 8 0
6 2 0 8 0 26 10 0 7 0
6 3 0 8 0 26 10 0 6 0
7 0 0 8 0 26 10 0 10 0
7 1 0 12 0 32 9 0 20 0
7 2 0 8 0 26 10 0 9 0
7 3 0 12 0 32 9 0 18 0
7 6 0 8 0 26 10 0 8 0
8 0 0 8 0 26 10 0 15 0
8 1 0 12 0 32 9 0 21 0
8 2 0 8 0 26 10 0 14 0
8 3 0 12 0 32 9 0 19 0
8 6 0 8 0 26 10 0 13 0
8 7 0 12 0 32 9 0 25 0
9 0 0 8 0 26 10 0 6 0
9 1 0 12 0 32 9 0 13 0
9 2 0 8 0 26 10 0 5 0
9 3 0 12 0 32 9 0 11 0
9 6 0 8 0 26 10 0 4 0
9 7 0 12 0 32 9 0 17 0
9 8 0 12 0 32 9 0 18 0
17 11 0 7 0 24 4 0 13 0
20 19 2 6 2 21 13 2 9 1
25 19 2 0 2 0 11 2 0 0
25 20 2 0 2 0 11 2 0 0
27 26 3 0 5 0 14 4 0 0
32 26 3 0 5 0 14 4 0 0
32 27 3 0 5 0 14 4 0 0
33 26 3 0 5 0 14 4 0 0
33 27 3 0 5 0 14 4 0 0
33 32 3 0 5 0 14 4 0 0
35 26 3 0 5 0 14 4 0 0
35 27 3 0 5 0 14 4 0 0
35 32 3 0 5 0 14 4 0 0
35 33 3 0 5 0 14 4 0 0
36 26 3 0 5 0 14 4 0 0
36 27 3 5 5 15 16 4 7 1
36 32 3 0 5 0 14 2 0 0
36 33 3 0 5 0 14 4 0 0
36 35 3 0 5 0 14 4 0 0
28 12 4 0 11 0 13 3 0 0
28 13 4 0 11 0 13 3 0 0
28 4 4 4 11 10 15 6 5 1
12 4 4 0 11 0 13 6 0 0
13 12 4 8 11 16 14 4 11 1
13 4 4 0 11 0 13 2 0 0
38 28 4 0 11 0 13 1 0 0
38 12 4 0 11 0 13 4 0 0
38 13 4 0 11 0 13 4 0 0
38 4 4 0 11 0 13 6 0 0
14 5 5 0 16 0 12 6 0 0
16 14 5 7 16 12 13 6 9 1
16 5 5 0 16 0 12 6 0 0
37 14 5 0 16 0 12 5 0 0
37 16 5 0 16 0 12 5 0 0
37 5 5 0 16 0 12 3 0 0
22 18 6 0 20 0 12 5 0 0
22 15 6 0 20 0 12 8 0 0
30 22 6 0 20 0 12 8 0 0
30 18 6 0 20 0 12 4 0 0
30 15 6 0 20 0 12 3 0 0
18 15 6 0 20 0 12 5 0 0
24 23 7 0 24 0 10 7 0 0
40 31 8 0 26 0 10 9 0 0
39 34 9 0 28 0 10 10 0 0
####
9 26 5 14 3 0 13
28 37 0 9 1 7 4
22 23 0 6 1 9 7
23 31 0 4 1 10 6
35 12 0 11 1 4 13
4 18 4 9 2 7 3
11 28 9 7 3 1 6
17 20 0 5 1 1 31
7 25 2 11 2 0 25
10 21 0 2 1 16 2
8 19 2 11 2 0 32
16 21 11 5 6 7 5
17 25 0 5 1 1 31
12 16 0 9 1 6 6
19 33 0 9 1 2 7
1 20 2 11 2 0 17
14 22 0 8 1 7 8
1 14 16 12 5 0 17
25 26 0 9 1 3 18
3 31 26 10 8 0 12
0 11 0 10 1 0 10
9 24 24 10 7 0 13
25 35 0 9 1 3 18
27 28 0 11 1 4 5
7 23 24 10 7 0 25
6 37 16 12 5 0 4
38 5 0 9 1 7 2
17 19 0 5 1 1 31
31 39 0 4 1 11 5
11 30 18 6 5 1 6
7 27 5 14 3 0 25
18 24 0 6 1 16 2
36 4 0 11 1 5 4
37 18 0 8 1 9 3
16 30 0 8 1 7 5
1 13 11 13 4 0 17
20 32 0 9 1 3 6
9 10 30 9 10 0 13
2 32 5 14 3 0 6
0 38 11 13 4 0 10
5 15 0 8 1 8 1
31 34 0 4 1 11 5
8 17 0 10 1 0 32
20 36 0 9 1 3 6
2 36 5 14 3 0 6
7 35 5 14 3 0 25
24 40 0 4 1 18 1
3 22 20 12 6 0 12
35 13 0 11 1 4 13
13 14 0 9 1 6 9
19 27 0 9 1 2 7
16 34 8 6 4 7 5
34 10 0 3 1 15 3
21 29 0 2 1 17 1
3 29 32 9 12 0 12
26 38 0 11 1 5 3
3 4 11 13 4 0 12
9 12 11 13 4 0 13
