1 0 4 0 6 0 15 0
1 0 3 0 4 0 12 0
1 0 2 0 1 0 8 0
4 1 0 2 0 4 0 1
1 0 4 0 4 0 9 0
1 0 4 0 4 0 20 0
2 1 1 0 2 1 15 0
5 2 0 2 0 5 0 0
8 2 1 2 1 10 4 0
9 2 1 2 2 11 3 0
7 2 1 2 2 9 3 0
2 1 0 0 0 1 0 1
4 2 1 2 2 4 12 0
2 1 1 0 1 1 3 0
3 2 1 1 1 2 2 0
5 2 2 2 2 6 11 0
10 2 2 2 0 13 2 0
11 1 0 2 0 14 0 1
6 2 1 2 1 8 6 0
3 2 2 1 1 3 14 0
4 2 1 2 0 4 1 0
11 2 0 4 0 17 0 0
9 1 0 2 0 11 0 1
6 2 1 2 1 8 4 0
7 2 1 2 1 9 5 0
8 2 2 2 0 10 2 0
####
1 0 0 10 0 19 7 0 20 0
2 0 0 10 0 19 7 0 16 0
2 1 0 10 0 19 7 0 14 0
4 0 0 10 0 19 7 0 15 0
4 1 0 10 0 19 7 0 13 0
4 2 0 10 0 19 7 0 9 0
5 0 0 10 0 19 7 0 23 0
5 1 0 10 0 19 7 0 21 0
5 2 0 10 0 19 7 0 17 0
5 4 0 10 0 19 7 0 16 0
13 6 1 0 0 0 8 0 0 0
19 14 2 0 3 0 7 2 0 0
12 3 3 0 5 0 8 2 0 0
20 3 3 0 5 0 8 4 0 0
20 12 3 0 5 0 8 4 0 0
15 7 4 0 8 0 7 6 0 0
23 18 5 5 10 7 9 6 6 1
24 10 6 4 12 5 9 8 4 1
25 8 7 3 14 3 9 10 2 1
22 9 8 0 16 0 7 12 0 0
21 17 10 0 19 0 7 19 0 0
####
4 7 8 7 4 0 9
24 8 0 4 1 9 5
2 18 10 7 5 0 8
5 6 0 8 1 0 20
5 13 0 8 1 0 20
1 15 8 7 4 0 12
8 9 0 4 1 10 4
20 7 0 5 1 4 1
16 21 0 3 1 13 2
5 8 14 7 7 0 20
16 17 0 3 1 13 2
15 23 0 4 1 6 11
4 23 10 7 5 0 9
19 3 0 5 1 3 14
15 18 0 4 1 6 11
1 10 12 7 6 0 12
25 22 0 4 1 10 2
1 24 12 7 6 0 12
23 10 0 4 1 8 4
0 25 14 7 7 0 15
18 24 0 4 1 8 6
0 12 5 8 3 0 15
4 16 18 6 9 0 9
9 16 0 3 1 11 3
14 20 0 5 1 2 2
25 21 3 4 3 10 2
4 20 5 8 3 0 9
6 19 0 5 1 1 15
12 15 0 5 1 4 12
13 14 0 5 1 1 3
0 19 3 7 2 0 15
2 11 0 8 1 0 8
10 25 0 4 1 9 3
5 14 3 7 2 0 20
19 12 0 5 1 3 14
0 9 16 7 8 0 15
