1 0 2 0 4 0 22 0
1 0 3 0 3 0 19 0
1 0 3 0 3 0 16 0
1 0 3 0 3 0 11 0
1 0 1 0 1 0 3 0
1 0 3 0 4 0 12 0
2 1 2 0 3 1 15 0
1 0 3 0 3 0 9 0
2 1 3 0 4 1 18 0
6 2 1 2 2 9 4 0
2 1 2 0 1 1 5 0
3 2 2 2 3 4 13 0
8 2 1 2 0 14 1 0
3 2 1 1 1 3 3 0
4 2 1 2 1 5 6 0
6 2 1 2 2 10 4 0
9 2 0 3 0 14 0 0
4 2 1 2 1 5 2 0
4 2 2 2 3 6 10 0
5 2 1 3 0 8 1 0
5 2 1 2 0 8 1 0
2 1 0 0 0 1 0 1
5 2 1 2 1 8 5 0
7 2 2 2 1 11 3 0
9 1 0 2 0 15 0 1
3 2 1 1 1 3 7 0
4 2 1 2 1 6 2 0
5 2 1 2 1 7 5 0
2 1 0 0 0 1 0 1
8 2 0 4 0 20 0 0
8 2 0 4 0 15 0 0
7 2 2 3 1 13 3 0
8 2 1 3 0 12 1 0
####
1 0 0 8 0 24 9 0 16 0
2 0 0 8 0 24 9 0 15 0
2 1 0 8 0 24 9 0 13 0
3 0 0 8 0 24 9 0 11 0
3 1 0 8 0 24 9 0 11 0
3 2 0 8 0 24 9 0 8 0
4 0 0 7 0 20 11 0 13 0
4 1 0 7 0 20 11 0 9 0
4 2 0 7 0 20 11 0 7 0
4 3 0 7 0 20 11 0 6 0
5 0 0 8 0 24 9 0 13 0
5 1 0 8 0 24 9 0 11 0
5 2 0 8 0 24 9 0 10 0
5 3 0 8 0 24 9 0 9 0
5 4 0 7 0 20 11 0 5 0
7 0 0 8 0 24 9 0 14 0
7 1 0 8 0 24 9 0 12 0
7 2 0 8 0 24 9 0 11 0
7 3 0 7 0 20 11 0 3 0
7 4 0 7 0 20 11 0 6 0
7 5 0 8 0 24 9 0 9 0
8 6 0 7 0 19 7 0 12 0
10 6 0 7 0 19 7 0 6 0
10 8 0 7 0 19 7 0 6 0
21 6 1 0 0 0 12 0 0 0
28 10 1 0 0 0 12 0 0 0
13 11 2 5 5 12 14 1 4 1
25 11 2 6 5 16 12 2 8 1
25 13 2 5 5 12 14 1 6 1
17 14 3 4 8 8 15 3 4 1
18 17 3 4 8 8 15 3 2 1
18 14 3 5 8 12 13 4 6 1
26 17 3 0 8 0 11 3 0 0
26 18 3 4 8 8 15 4 4 1
26 14 3 0 8 0 11 4 0 0
22 19 4 0 12 0 11 5 0 0
22 20 4 3 12 4 15 6 2 1
20 19 4 0 12 0 11 5 0 0
27 19 4 3 12 4 15 5 2 1
27 22 4 0 12 0 11 6 0 0
27 20 4 0 12 0 11 6 0 0
15 9 5 0 16 0 9 8 0 0
31 23 6 0 18 0 9 12 0 0
30 12 7 0 20 0 11 16 0 0
30 29 7 0 20 0 11 19 0 0
29 12 7 0 20 0 11 19 0 0
32 30 7 0 20 0 11 14 0 0
32 12 7 0 20 0 11 14 0 0
32 29 7 0 20 0 11 17 0 0
24 16 8 0 24 0 9 16 0 0
####
1 21 0 12 1 0 19
5 9 16 9 5 0 12
18 22 0 8 1 6 10
3 15 16 9 5 0 11
7 12 20 11 7 0 9
13 17 0 7 1 3 3
2 22 12 11 4 0 16
23 32 0 6 1 11 3
1 6 0 12 1 0 19
3 28 0 12 1 0 11
5 23 18 9 6 0 12
2 26 8 11 3 0 16
7 20 12 11 4 0 9
23 30 0 6 1 11 3
26 20 0 8 1 6 2
15 23 0 4 1 10 4
19 29 4 8 3 8 1
3 10 0 12 1 0 11
8 32 15 9 6 1 18
5 18 8 11 3 0 12
20 30 4 8 3 8 1
12 24 0 6 1 14 1
31 12 0 6 1 13 3
14 27 0 8 1 5 6
32 16 0 6 1 12 1
18 31 6 6 3 6 10
11 18 0 7 1 4 13
8 25 0 8 1 1 18
7 14 8 11 3 0 9
31 29 0 6 1 13 3
17 19 0 8 1 5 2
6 11 0 8 1 1 15
10 13 0 8 1 1 5
8 11 0 8 1 1 18
22 15 0 6 1 8 5
11 26 0 7 1 4 13
25 14 0 7 1 3 7
9 31 0 4 1 9 4
27 9 0 6 1 7 5
0 8 0 12 1 0 22
6 19 7 9 3 1 15
10 16 19 7 7 1 5
1 27 12 11 4 0 19
0 13 5 10 2 0 22
4 17 8 11 3 0 3
2 25 5 10 2 0 16
