1 0 3 0 3 0 9 0
1 0 3 0 4 0 12 0
6 1 2 2 1 7 3 0
1 0 3 0 3 0 7 0
9 2 1 3 0 18 1 0
1 0 3 0 3 0 15 0
1 0 3 0 3 0 11 0
1 0 2 0 4 0 15 0
6 2 1 2 0 7 1 0
6 2 1 2 2 7 4 0
2 1 2 0 1 1 14 0
3 2 1 1 2 3 12 0
2 1 2 0 2 1 9 0
3 2 1 1 1 2 6 0
2 1 0 0 0 1 0 1
3 2 1 1 0 3 1 0
7 2 2 2 1 9 3 0
3 1 0 1 0 2 0 1
10 2 0 4 0 19 0 0
2 1 0 0 0 1 0 1
4 2 1 2 1 4 5 0
4 2 2 2 4 5 11 0
7 1 0 2 0 8 0 1
5 2 2 2 2 6 7 0
5 2 1 2 2 6 4 0
5 2 2 2 0 7 2 0
4 1 0 2 0 4 0 1
6 2 0 2 0 9 0 0
8 2 1 2 1 10 2 0
7 2 0 3 0 14 0 0
####
1 0 0 9 0 23 7 0 10 0
3 0 0 9 0 23 7 0 7 0
3 1 0 9 0 23 7 0 9 0
5 0 0 9 0 23 7 0 13 0
5 1 0 9 0 23 7 0 15 0
5 3 0 9 0 23 7 0 12 0
6 0 0 9 0 23 7 0 10 0
6 1 0 9 0 23 7 0 12 0
6 3 0 9 0 23 7 0 9 0
6 5 0 9 0 23 7 0 15 0
7 0 0 9 0 23 7 0 12 0
7 1 0 9 0 23 7 0 14 0
7 3 0 9 0 23 7 0 11 0
7 5 0 9 0 23 7 0 17 0
7 6 0 9 0 23 7 0 14 0
12 10 0 8 0 19 5 0 12 0
19 12 1 0 0 0 10 0 0 0
13 11 0 7 0 15 5 0 10 0
15 13 2 0 4 0 10 2 0 0
17 11 2 0 4 0 10 2 0 0
21 20 0 6 0 12 4 0 8 0
26 20 3 0 8 0 9 4 0 0
24 23 4 5 11 9 10 2 6 1
25 23 4 0 11 0 9 2 0 0
25 24 4 2 11 4 12 1 1 1
8 2 5 0 14 0 10 4 0 0
9 8 5 0 14 0 10 4 0 0
9 2 5 4 14 5 11 4 4 1
27 8 5 0 14 0 10 4 0 0
27 9 5 0 14 0 10 4 0 0
27 2 5 0 14 0 10 3 0 0
22 16 6 0 18 0 9 6 0 0
29 16 6 0 18 0 9 5 0 0
29 22 6 0 18 0 9 5 0 0
####
1 21 8 9 3 0 12
2 29 0 7 1 7 3
28 4 0 2 1 10 2
10 11 0 8 1 1 14
3 15 4 10 2 0 7
10 17 0 8 1 1 14
0 20 8 9 3 0 9
0 14 0 10 1 0 9
4 18 0 2 1 18 1
23 8 0 7 1 6 7
16 28 0 4 1 9 3
25 27 0 7 1 7 2
15 26 0 7 1 3 1
12 13 0 8 1 1 9
7 10 0 10 1 0 15
3 16 18 9 6 0 7
13 20 0 7 1 2 6
16 18 2 4 3 9 3
7 23 11 9 4 0 15
3 27 14 10 5 0 7
25 29 4 6 2 7 2
5 11 4 10 2 0 15
0 25 11 9 4 0 9
21 23 0 6 1 5 11
5 24 11 9 4 0 15
9 16 0 7 1 7 4
1 9 14 10 5 0 12
24 2 0 7 1 6 4
11 21 0 7 1 3 12
6 12 0 10 1 0 11
5 28 21 7 7 0 15
6 19 0 10 1 0 11
21 25 0 6 1 5 11
12 15 0 8 1 1 9
20 24 0 6 1 4 5
8 22 0 7 1 7 1
23 9 0 7 1 6 7
1 8 14 10 5 0 12
6 13 4 10 2 0 11
2 4 4 5 3 7 3
