1 0 2 0 2 0 10 0
1 0 4 0 4 0 10 0
2 1 2 0 3 1 8 0
1 0 4 0 6 0 18 0
1 0 2 0 2 0 12 0
1 0 1 0 1 0 4 0
1 0 2 0 1 0 4 0
4 2 1 2 1 4 8 0
1 0 3 0 3 0 14 0
1 0 4 0 6 0 19 0
2 1 0 0 0 1 0 1
3 2 1 2 1 4 9 0
2 2 2 0 1 2 3 0
7 2 1 2 1 14 6 0
5 2 1 4 1 10 8 0
8 2 1 2 2 15 5 0
3 1 1 1 1 2 2 0
3 2 1 2 0 4 1 0
9 2 2 3 1 18 4 0
3 2 0 2 0 4 0 0
10 1 0 2 0 19 0 1
10 2 1 2 1 20 2 0
11 2 1 2 0 21 1 0
2 1 2 0 2 1 13 0
3 2 1 1 1 3 9 0
2 2 1 0 1 2 3 0
3 2 1 2 1 3 2 0
3 2 1 1 1 2 10 0
4 2 1 3 0 7 1 0
6 2 1 4 1 13 7 0
4 2 1 2 1 4 9 0
3 1 0 2 0 3 0 1
2 2 2 0 1 2 11 0
5 2 0 4 0 12 0 0
12 2 0 2 0 22 0 0
####
1 0 0 11 0 26 9 0 12 0
3 0 0 11 0 26 9 0 15 0
3 1 0 11 0 26 9 0 19 0
4 0 0 11 0 26 9 0 12 0
4 1 0 11 0 26 9 0 16 0
4 3 0 11 0 26 9 0 19 0
5 0 0 4 0 17 10 0 6 0
5 3 0 4 0 17 10 0 5 0
5 4 0 4 0 17 10 0 4 0
6 0 0 11 0 26 9 0 6 0
6 1 0 11 0 26 9 0 10 0
6 3 0 11 0 26 9 0 13 0
6 4 0 11 0 26 9 0 10 0
8 0 0 11 0 26 9 0 16 0
8 1 0 11 0 26 9 0 20 0
8 3 0 11 0 26 9 0 23 0
8 4 0 11 0 26 9 0 20 0
8 6 0 11 0 26 9 0 14 0
9 0 0 11 0 26 9 0 13 0
9 1 0 11 0 26 9 0 17 0
9 3 0 11 0 26 9 0 20 0
9 4 0 11 0 26 9 0 17 0
9 5 0 4 0 17 10 0 8 0
9 6 0 11 0 26 9 0 11 0
9 8 0 11 0 26 9 0 21 0
12 2 0 3 0 11 8 0 3 0
23 2 0 10 0 20 7 0 14 0
25 2 0 3 0 11 8 0 4 0
25 12 1 3 0 11 16 0 3 1
32 2 0 10 0 20 7 0 11 0
32 12 1 0 0 0 14 0 0 0
32 23 0 10 0 20 7 0 19 0
32 25 1 0 0 0 14 0 0 0
17 16 0 2 0 3 10 0 1 0
17 11 2 0 6 0 16 2 0 0
19 16 2 0 6 0 16 1 0 0
19 17 2 0 6 0 16 2 0 0
19 11 2 0 6 0 16 2 0 0
24 17 2 0 6 0 16 1 0 0
24 19 2 0 6 0 16 1 0 0
24 11 2 9 6 12 17 1 14 1
26 16 0 2 0 3 10 0 2 0
26 17 2 2 6 3 18 2 1 1
26 19 2 0 6 0 16 2 0 0
26 11 2 0 6 0 16 2 0 0
27 24 2 9 6 12 17 2 15 1
27 11 0 9 0 12 9 0 15 0
31 17 2 0 6 0 16 2 0 0
31 19 2 0 6 0 16 2 0 0
31 24 2 0 6 0 16 1 0 0
31 26 2 0 6 0 16 2 0 0
31 11 2 0 6 0 16 2 0 0
30 7 3 8 14 9 12 4 13 1
33 14 4 0 17 0 10 4 0 0
21 20 9 0 23 0 10 4 0 0
####
9 26 6 16 2 0 19
8 23 0 14 1 0 14
2 18 16 7 7 1 8
26 28 0 11 1 3 2
6 21 23 10 9 0 4
16 28 0 11 1 2 2
1 15 21 9 7 0 10
29 13 0 2 1 13 7
32 31 0 14 1 2 11
11 14 3 10 2 4 9
3 7 14 11 3 0 18
7 29 2 4 2 4 8
9 25 0 14 1 0 19
3 24 6 16 2 0 18
6 10 0 14 1 0 4
17 33 3 10 2 4 1
25 26 0 14 1 2 3
5 25 0 14 1 0 4
12 17 0 14 1 2 3
15 18 0 2 1 15 5
18 20 0 3 1 18 4
2 16 0 14 1 1 8
9 32 0 14 1 0 19
22 34 0 2 1 21 1
30 14 0 5 1 4 9
1 13 20 9 6 0 10
13 15 0 2 1 14 6
32 11 0 14 1 2 11
18 21 0 3 1 18 4
23 24 0 14 1 1 13
14 29 0 3 1 10 8
4 11 6 16 2 0 12
3 12 0 14 1 0 18
1 22 25 9 10 0 10
24 7 0 11 1 3 9
8 34 26 9 11 0 14
21 22 0 3 1 20 2
3 32 0 14 1 0 18
0 19 6 16 2 0 10
4 17 6 16 2 0 12
12 19 0 14 1 2 3
28 33 0 5 1 7 1
27 30 0 11 1 2 10
23 27 0 14 1 1 13
8 27 6 16 2 0 14
1 30 14 11 3 0 10
0 2 0 14 1 0 10
9 12 0 14 1 0 19
