1 0 3 0 2 0 8 0
1 0 2 0 2 0 5 0
1 0 3 0 4 0 13 0
1 0 2 0 3 0 12 0
5 2 1 2 1 7 2 0
1 0 2 0 2 0 8 0
1 0 2 0 0 0 2 0
2 1 2 0 2 1 11 0
3 2 1 2 1 4 4 0
1 0 3 0 3 0 7 0
1 0 3 0 3 0 9 0
3 1 2 1 2 2 10 0
2 1 2 0 2 1 6 0
2 1 0 0 0 1 0 1
7 1 0 2 0 12 0 1
2 1 0 0 0 1 0 1
8 2 1 2 0 11 1 0
4 2 2 1 3 4 8 0
3 2 1 2 1 3 2 0
5 2 2 2 3 6 5 0
3 1 0 1 0 2 0 1
2 1 0 0 0 1 0 1
6 2 0 2 0 7 0 0
6 2 1 4 0 11 1 0
6 2 2 3 1 9 4 0
5 2 1 2 0 5 1 0
2 2 1 0 1 2 4 0
7 2 0 3 0 10 0 0
4 2 1 4 1 6 3 0
2 2 1 0 1 2 3 0
2 2 1 0 1 2 5 0
9 1 0 2 0 12 0 1
4 2 0 1 0 4 0 0
7 2 1 4 1 10 2 0
####
1 0 0 6 0 21 11 0 10 0
2 0 0 6 0 21 11 0 9 0
2 1 0 6 0 21 11 0 7 0
3 2 0 8 0 25 9 0 12 0
5 2 0 8 0 25 9 0 9 0
5 3 0 8 0 25 9 0 11 0
6 3 0 3 0 12 11 0 2 0
9 2 0 8 0 25 9 0 9 0
9 3 0 8 0 25 9 0 11 0
9 5 0 8 0 25 9 0 8 0
10 0 0 6 0 21 11 0 14 0
10 1 0 6 0 21 11 0 12 0
10 2 0 6 0 21 11 0 11 0
12 7 0 7 0 17 9 0 9 0
21 12 1 0 0 0 16 0 0 0
26 13 1 0 0 0 16 0 0 0
29 26 1 5 0 13 19 0 5 1
30 13 1 0 0 0 16 0 0 0
30 26 1 5 0 13 19 0 7 1
30 29 1 5 0 13 19 0 6 1
18 8 2 4 8 9 15 2 4 1
32 17 3 0 12 0 11 4 0 0
25 19 4 0 15 0 11 2 0 0
24 22 5 0 18 0 11 4 0 0
24 23 5 0 18 0 11 4 0 0
23 22 5 0 18 0 11 4 0 0
27 14 6 0 21 0 11 6 0 0
33 27 6 0 21 0 11 6 0 0
33 14 6 0 21 0 11 6 0 0
####
2 29 0 16 1 0 13
3 25 15 11 4 0 12
28 4 0 6 1 6 3
2 18 8 12 2 0 13
9 22 18 11 5 0 7
30 8 0 12 1 2 5
26 28 4 11 2 2 4
17 25 0 6 1 4 8
8 28 0 7 1 4 4
10 26 0 16 1 0 9
7 11 0 12 1 1 11
24 33 0 6 1 9 4
3 7 0 16 1 0 12
19 33 3 6 2 6 5
18 23 6 7 3 3 2
12 20 0 12 1 1 6
10 30 0 16 1 0 9
29 18 0 12 1 2 3
24 27 0 6 1 9 4
5 12 0 16 1 0 8
6 32 12 11 3 0 2
12 24 10 11 4 1 6
4 23 0 6 1 7 2
6 15 0 16 1 0 2
25 22 0 6 1 5 1
17 19 0 6 1 4 8
7 27 13 11 5 1 11
33 16 0 4 1 10 2
1 4 15 11 4 0 5
19 24 0 6 1 6 5
9 16 24 9 7 0 7
23 14 0 6 1 11 1
5 21 0 16 1 0 8
0 30 0 16 1 0 8
2 17 12 11 3 0 13
11 17 0 7 1 2 10
0 26 0 16 1 0 8
16 31 0 2 1 11 1
0 13 0 16 1 0 8
11 32 0 7 1 2 10
1 8 8 12 2 0 5
10 29 0 16 1 0 9
9 19 15 11 4 0 7
