1 0 4 0 2 0 9 0
1 0 3 0 4 0 17 0
1 0 3 0 2 0 7 0
1 0 3 0 4 0 14 0
1 0 3 0 2 0 8 0
1 0 3 0 5 0 11 0
2 1 2 0 2 1 5 0
7 2 1 2 0 8 1 0
5 2 1 2 1 4 3 0
5 2 1 2 1 6 6 0
2 1 0 0 0 1 0 1
2 1 3 0 4 1 10 0
8 2 1 2 1 12 3 0
8 1 0 2 0 9 0 1
2 1 2 0 2 1 12 0
2 1 0 0 0 1 0 1
4 2 0 2 0 5 0 0
3 2 2 1 2 3 10 0
10 2 1 3 0 14 1 0
6 2 1 2 1 8 5 0
11 2 0 2 0 15 0 0
6 2 1 2 1 6 2 0
7 2 1 3 1 11 4 0
3 2 1 1 0 3 1 0
3 2 0 1 0 3 0 0
3 2 2 1 2 2 7 0
4 2 1 4 0 7 1 0
9 2 1 2 1 13 2 0
5 1 0 2 0 8 0 1
4 2 1 2 1 5 7 0
4 2 1 2 1 3 4 0
####
1 0 0 10 0 24 7 0 16 0
2 0 0 10 0 24 7 0 12 0
2 1 0 10 0 24 7 0 14 0
3 0 0 10 0 24 7 0 15 0
3 1 0 10 0 24 7 0 17 0
3 2 0 10 0 24 7 0 13 0
4 0 0 10 0 24 7 0 12 0
4 1 0 10 0 24 7 0 14 0
4 2 0 10 0 24 7 0 10 0
4 3 0 10 0 24 7 0 13 0
5 0 0 3 0 9 10 0 2 0
5 1 0 7 0 20 8 0 7 0
5 3 0 7 0 20 8 0 8 0
10 6 1 0 0 0 11 0 0 0
14 6 0 9 0 19 6 0 12 0
14 11 0 3 0 8 8 0 4 0
23 17 2 0 5 0 10 1 0 0
24 17 2 0 5 0 10 2 0 0
24 23 2 0 5 0 10 1 0 0
25 17 0 2 0 4 7 0 2 0
25 23 2 0 5 0 10 2 0 0
26 16 3 0 9 0 10 3 0 0
29 16 3 0 9 0 10 0 0 0
29 26 3 0 9 0 10 4 0 0
30 16 3 0 9 0 10 4 0 0
30 26 3 0 9 0 10 4 0 0
28 9 4 0 13 0 9 6 0 0
28 8 4 0 13 0 9 6 0 0
21 19 5 0 16 0 8 3 0 0
22 7 6 0 18 0 8 5 0 0
13 12 7 0 20 0 8 7 0 0
####
14 17 0 9 1 1 12
0 27 22 7 8 0 9
21 7 0 4 1 6 2
12 27 0 3 1 12 3
0 20 24 7 10 0 9
17 29 0 8 1 3 10
29 9 0 7 1 5 7
30 8 0 7 1 3 4
26 28 0 7 1 7 1
3 21 16 8 5 0 14
11 23 0 9 1 1 10
0 16 9 10 3 0 9
2 12 20 8 7 0 7
19 22 0 4 1 8 5
3 17 5 10 2 0 14
5 8 13 9 4 0 11
2 19 16 8 5 0 7
25 30 0 8 1 2 7
1 14 0 11 1 0 17
25 26 0 8 1 2 7
5 25 5 10 2 0 11
4 24 5 10 2 0 8
6 22 13 7 5 1 5
0 29 9 10 3 0 9
18 20 0 2 1 14 1
11 25 0 9 1 1 10
4 10 0 11 1 0 8
6 18 18 6 8 1 5
23 16 0 8 1 3 1
11 30 4 9 2 1 10
5 11 0 11 1 0 11
1 23 5 10 2 0 17
8 21 0 5 1 4 3
14 24 0 9 1 1 12
3 9 13 9 4 0 14
17 26 0 8 1 3 10
4 6 0 11 1 0 8
22 12 0 4 1 11 4
27 18 0 2 1 13 2
7 13 0 4 1 8 1
1 7 18 8 6 0 17
2 15 0 11 1 0 7
9 19 0 5 1 6 6
