1 0 4 0 5 0 24 0
7 1 2 2 4 8 13 0
1 0 3 0 4 0 26 0
1 0 3 0 3 0 17 0
2 1 1 0 3 1 25 0
2 1 0 0 0 1 0 1
1 0 2 0 3 0 16 0
1 0 4 0 5 0 21 0
15 2 2 3 0 23 2 0
3 1 3 1 4 2 24 0
12 2 1 2 1 19 5 0
4 2 1 1 2 4 19 0
8 2 2 2 2 14 13 0
9 2 2 3 4 16 12 0
12 2 0 4 0 19 0 0
6 2 1 2 1 7 4 0
4 2 2 1 1 4 18 0
5 2 1 2 1 6 16 0
10 2 2 2 1 17 8 0
11 1 0 2 0 18 0 1
6 2 1 2 1 8 15 0
5 2 2 2 3 6 18 0
5 2 0 2 0 6 0 0
16 1 0 2 0 24 0 1
11 2 1 2 1 18 6 0
6 2 2 2 3 7 16 0
10 2 2 2 1 17 3 0
11 2 1 3 0 18 1 0
13 2 1 2 1 20 4 0
16 2 0 4 0 25 0 0
7 2 1 4 2 13 14 0
14 2 1 4 2 22 3 0
####
2 0 0 15 0 25 7 0 37 0
3 0 0 15 0 25 7 0 29 0
3 2 0 15 0 25 7 0 32 0
6 0 0 15 0 25 7 0 28 0
6 2 0 15 0 25 7 0 31 0
6 3 0 15 0 25 7 0 23 0
7 0 0 15 0 25 7 0 32 0
7 2 0 15 0 25 7 0 35 0
7 3 0 15 0 25 7 0 27 0
7 6 0 15 0 25 7 0 26 0
16 11 3 12 3 20 9 4 26 1
21 17 4 11 5 17 10 1 24 1
22 17 4 0 5 0 8 2 0 0
22 21 4 0 5 0 8 1 0 0
20 15 5 10 8 14 10 3 12 1
25 20 5 10 8 14 10 3 21 1
25 15 5 10 8 14 10 2 13 1
30 1 6 9 11 12 9 7 17 1
26 18 9 6 15 8 9 18 5 1
24 19 10 0 17 0 8 20 0 0
27 19 10 0 17 0 8 20 0 0
27 24 10 0 17 0 8 20 0 0
14 10 11 0 20 0 7 22 0 0
29 23 15 0 25 0 7 33 0 0
####
30 12 0 3 1 13 14
8 23 0 3 1 23 2
13 26 0 3 1 16 12
15 31 12 4 8 7 4
17 20 0 6 1 6 16
7 25 8 8 5 0 21
0 16 3 7 3 0 24
18 19 0 5 1 17 8
25 1 0 5 1 7 16
2 12 13 6 7 0 26
3 28 22 6 12 0 17
7 11 3 7 3 0 21
3 17 5 8 4 0 17
16 17 0 5 1 4 18
31 8 0 2 1 22 3
4 9 0 3 1 1 25
0 21 5 8 4 0 24
25 30 0 5 1 7 16
12 13 0 2 1 14 13
27 14 0 5 1 18 1
3 10 20 7 11 0 17
0 24 17 8 10 0 24
26 29 8 4 6 17 3
20 30 0 5 1 8 15
16 22 0 5 1 4 18
9 11 0 3 1 2 24
8 29 0 3 1 23 2
24 10 0 5 1 18 6
28 31 0 2 1 20 4
6 18 15 7 9 0 16
12 14 6 3 4 14 13
18 24 0 5 1 17 8
1 13 1 3 2 8 13
9 16 0 3 1 2 24
0 5 0 7 1 0 24
11 21 0 5 1 4 19
7 22 5 8 4 0 21
10 28 0 3 1 19 5
21 25 0 6 1 6 18
21 15 0 6 1 6 18
26 27 0 5 1 17 3
9 27 14 4 8 2 24
7 26 15 7 9 0 21
6 20 8 8 5 0 16
1 8 11 3 8 8 13
13 18 0 3 1 16 12
2 15 8 8 5 0 26
2 4 0 7 1 0 26
