1 0 3 0 2 0 4 0
1 0 3 0 2 0 5 0
1 0 3 0 2 0 8 0
1 0 2 0 2 0 5 0
1 0 2 0 2 0 8 0
3 2 1 1 1 3 2 0
1 0 2 0 3 0 12 0
1 0 3 0 2 0 11 0
4 1 1 2 0 4 1 0
5 2 1 2 0 7 1 0
3 2 1 2 1 4 3 0
4 2 1 2 1 6 2 0
3 2 1 1 1 3 2 0
2 1 0 0 0 1 0 1
4 2 1 2 0 5 1 0
6 1 0 2 0 8 0 1
5 2 1 2 0 8 1 0
2 2 1 0 1 2 4 0
2 1 2 0 2 1 6 0
5 1 0 1 0 5 0 1
5 2 0 2 0 6 0 0
4 2 1 2 1 5 2 0
6 2 0 2 0 10 0 0
3 2 1 2 1 4 3 0
2 2 1 0 1 2 4 0
2 1 0 0 0 1 0 1
####
1 0 0 5 0 17 9 0 1 0
2 0 0 5 0 17 9 0 4 0
2 1 0 5 0 17 9 0 3 0
3 1 0 5 0 17 9 0 4 0
4 0 0 5 0 17 9 0 3 0
4 1 0 5 0 17 9 0 2 0
4 2 0 5 0 17 9 0 5 0
4 3 0 5 0 17 9 0 5 0
6 0 0 5 0 17 9 0 5 0
6 1 0 5 0 17 9 0 4 0
6 2 0 5 0 17 9 0 7 0
6 3 0 4 0 13 11 0 5 0
6 4 0 5 0 17 9 0 6 0
7 0 0 5 0 17 9 0 5 0
7 1 0 5 0 17 9 0 4 0
7 2 0 5 0 17 9 0 7 0
7 3 0 5 0 17 9 0 5 0
7 4 0 5 0 17 9 0 6 0
7 6 0 5 0 17 9 0 8 0
18 17 1 0 0 0 12 0 0 0
24 17 1 0 0 0 12 0 0 0
25 17 1 0 0 0 12 0 0 0
25 24 1 0 0 0 12 0 0 0
12 5 2 0 5 0 11 2 0 0
23 5 2 0 5 0 11 2 0 0
23 12 2 0 5 0 11 0 0 0
23 10 2 0 5 0 11 2 0 0
14 8 3 0 9 0 11 4 0 0
14 11 3 0 9 0 11 2 0 0
11 8 3 0 9 0 11 4 0 0
21 11 3 0 9 0 11 2 0 0
19 16 4 0 13 0 11 6 0 0
19 9 4 0 13 0 11 2 0 0
20 19 4 0 13 0 11 6 0 0
20 16 4 0 13 0 11 1 0 0
16 9 4 0 13 0 11 4 0 0
22 15 5 0 17 0 9 3 0 0
####
11 16 0 8 1 6 2
1 21 9 11 3 0 5
0 20 13 11 4 0 4
0 14 9 11 3 0 4
7 25 0 12 1 0 11
21 9 0 8 1 5 2
10 21 0 8 1 4 3
0 16 13 11 4 0 4
8 19 0 8 1 4 1
2 12 5 11 2 0 8
6 17 0 12 1 0 12
5 8 0 8 1 3 2
18 12 0 9 1 1 6
9 15 0 6 1 7 1
23 11 0 8 1 4 3
18 5 0 9 1 1 6
7 24 0 12 1 0 11
2 23 5 11 2 0 8
16 22 0 6 1 8 1
2 13 0 12 1 0 8
4 24 0 12 1 0 8
17 23 0 9 1 2 4
1 10 5 11 2 0 5
24 10 0 9 1 2 4
6 18 0 12 1 0 12
12 14 0 8 1 3 2
3 9 13 11 4 0 5
14 20 0 8 1 5 1
4 11 9 11 3 0 8
3 5 5 11 2 0 5
1 22 17 9 5 0 5
7 17 0 12 1 0 11
