1 0 3 0 3 0 7 0
1 0 3 0 3 0 6 0
1 0 2 0 1 0 4 0
1 0 3 0 4 0 12 0
2 1 0 0 0 1 0 1
1 0 2 0 1 0 3 0
2 1 1 0 1 1 6 0
1 0 4 0 4 0 14 0
2 1 2 0 2 1 4 0
2 2 1 0 0 2 1 0
4 2 1 2 1 5 4 0
4 2 1 2 0 5 1 0
5 2 1 2 1 6 3 0
3 1 0 2 0 3 0 1
2 1 0 0 0 1 0 1
2 2 2 0 1 2 4 0
3 2 1 1 0 2 1 0
3 2 1 2 1 3 2 0
8 1 0 2 0 12 0 1
6 2 1 2 1 8 2 0
4 2 0 2 0 4 0 0
5 2 0 2 0 7 0 0
3 1 0 2 0 3 0 1
3 2 1 1 1 3 5 0
7 2 1 3 0 11 1 0
####
1 0 0 7 0 18 7 0 6 0
2 0 0 7 0 18 7 0 6 0
2 1 0 7 0 18 7 0 4 0
3 0 0 7 0 18 7 0 10 0
3 1 0 7 0 18 7 0 8 0
3 2 0 7 0 18 7 0 8 0
5 1 0 4 0 14 8 0 1 0
5 3 0 4 0 14 8 0 4 0
7 0 0 7 0 18 7 0 9 0
7 1 0 7 0 18 7 0 7 0
7 2 0 7 0 18 7 0 7 0
7 3 0 7 0 18 7 0 11 0
7 5 0 4 0 14 8 0 4 0
8 6 0 6 0 12 7 0 6 0
14 9 1 0 0 0 12 0 0 0
15 6 1 0 0 0 12 0 0 0
15 9 1 0 0 0 12 0 0 0
15 14 1 0 0 0 12 0 0 0
17 13 2 0 6 0 11 2 0 0
22 13 2 0 6 0 11 2 0 0
22 17 2 0 6 0 11 2 0 0
23 13 2 0 6 0 11 1 0 0
23 17 2 0 6 0 11 2 0 0
23 22 2 0 6 0 11 2 0 0
11 10 3 0 11 0 9 4 0 0
20 11 3 0 11 0 9 0 0 0
21 12 4 0 14 0 8 6 0 0
####
3 15 0 12 1 0 12
1 21 14 8 4 0 6
0 10 11 9 3 0 7
3 17 6 11 2 0 12
8 24 11 7 5 1 4
2 19 16 7 5 0 4
24 18 0 2 1 11 1
7 15 0 12 1 0 14
1 16 6 11 2 0 6
17 11 0 8 1 3 2
10 12 0 5 1 5 4
3 6 0 12 1 0 12
8 16 0 11 1 1 4
7 23 6 11 2 0 14
15 22 0 11 1 2 4
7 14 0 12 1 0 14
23 10 0 8 1 3 5
5 11 11 9 3 0 3
0 12 14 8 4 0 7
19 24 0 2 1 8 2
6 23 0 11 1 1 6
11 21 0 5 1 5 1
7 9 0 12 1 0 14
15 17 0 11 1 2 4
9 13 0 11 1 2 1
12 19 0 3 1 6 3
5 20 11 9 3 0 3
1 8 0 12 1 0 6
16 20 0 8 1 2 1
0 9 0 12 1 0 7
2 4 0 12 1 0 4
