1 0 4 0 2 0 6 0
1 0 2 0 2 0 8 0
1 0 3 0 5 0 14 0
1 0 4 0 6 0 17 0
1 0 4 0 3 0 9 0
2 1 0 0 0 1 0 1
1 0 2 0 2 0 10 0
2 1 2 0 2 1 4 0
4 2 1 2 1 5 4 0
3 2 0 1 0 3 0 0
5 2 1 2 0 7 1 0
2 1 2 0 2 1 9 0
2 1 2 0 1 1 7 0
3 2 0 1 0 3 0 0
3 2 1 1 1 3 4 0
3 2 1 1 1 3 3 0
5 2 1 2 1 6 2 0
4 1 0 2 0 4 0 1
4 1 0 2 0 4 0 1
3 2 2 1 0 3 2 0
5 2 1 2 2 7 3 0
3 2 1 1 1 3 5 0
6 1 0 2 0 8 0 1
6 2 2 2 0 8 2 0
7 1 0 2 0 9 0 1
4 2 1 2 1 5 2 0
7 1 0 2 0 9 0 1
6 2 1 2 0 8 1 0
4 2 1 2 1 5 3 0
7 2 0 2 0 9 0 0
####
2 0 0 6 0 21 9 0 9 0
2 1 0 6 0 21 9 0 5 0
3 0 0 6 0 21 9 0 5 0
3 1 0 6 0 21 9 0 8 0
3 2 0 6 0 21 9 0 6 0
4 0 0 6 0 21 9 0 7 0
4 2 0 6 0 21 9 0 8 0
4 3 0 6 0 21 9 0 4 0
6 1 0 6 0 21 9 0 7 0
6 2 0 6 0 21 9 0 6 0
6 3 0 6 0 21 9 0 9 0
12 7 1 0 0 0 10 0 0 0
13 9 2 0 4 0 12 2 0 0
15 14 2 0 4 0 12 2 0 0
19 9 2 0 4 0 12 2 0 0
19 13 2 0 4 0 12 2 0 0
21 9 2 0 4 0 12 2 0 0
21 13 2 0 4 0 12 2 0 0
21 15 2 0 4 0 12 0 0 0
21 19 2 0 4 0 12 2 0 0
17 8 3 0 10 0 11 4 0 0
18 17 3 0 10 0 11 4 0 0
18 8 3 0 10 0 11 4 0 0
25 8 3 0 10 0 11 0 0 0
28 17 3 0 10 0 11 1 0 0
28 18 3 0 10 0 11 1 0 0
28 25 3 0 10 0 11 4 0 0
20 10 4 0 15 0 9 2 0 0
20 16 4 0 15 0 9 3 0 0
16 10 4 0 15 0 9 6 0 0
23 22 5 0 18 0 9 4 0 0
27 23 5 0 18 0 9 5 0 0
27 22 5 0 18 0 9 8 0 0
26 24 6 0 21 0 9 6 0 0
29 24 6 0 21 0 9 7 0 0
29 26 6 0 21 0 9 7 0 0
####
0 14 4 12 2 0 6
6 21 4 12 2 0 10
0 16 15 9 4 0 6
11 14 0 10 1 1 9
23 26 0 6 1 8 2
3 7 0 10 1 0 17
27 29 0 6 1 8 1
19 18 0 11 1 3 2
4 9 4 12 2 0 9
1 25 10 11 3 0 8
4 19 4 12 2 0 9
12 13 0 10 1 1 7
3 10 15 9 4 0 17
21 8 0 11 1 3 5
8 20 0 8 1 5 4
2 23 18 9 5 0 14
7 19 0 10 1 1 4
4 13 4 12 2 0 9
10 22 0 6 1 7 1
6 15 4 12 2 0 10
3 27 18 9 5 0 17
0 29 21 9 6 0 6
12 21 0 10 1 1 7
14 28 0 11 1 3 4
4 28 10 11 3 0 9
28 16 0 8 1 5 3
15 25 0 11 1 3 3
19 17 0 11 1 3 2
2 20 15 9 4 0 14
0 5 0 10 1 0 6
23 24 0 6 1 8 2
7 9 0 10 1 1 4
25 10 0 8 1 5 2
20 23 0 6 1 7 3
3 12 0 10 1 0 17
2 11 0 10 1 0 14
1 8 10 11 3 0 8
16 27 0 6 1 6 2
11 15 0 10 1 1 9
