1 0 3 0 3 0 7 0
1 0 3 0 3 0 7 0
1 0 3 0 4 0 10 0
1 0 4 0 7 0 19 0
3 2 1 2 1 4 2 0
2 1 1 0 1 1 3 0
1 0 2 0 3 0 6 0
3 2 1 2 0 4 1 0
1 0 4 0 4 0 15 0
4 2 1 3 0 5 1 0
4 2 1 2 0 6 1 0
2 2 1 0 1 2 3 0
2 1 2 0 2 1 5 0
4 2 1 4 0 8 1 0
3 2 1 2 1 4 2 0
6 2 1 2 0 9 1 0
2 1 3 0 3 1 10 0
4 2 1 2 1 6 3 0
2 1 0 0 0 1 0 1
5 2 0 3 0 6 0 0
4 2 1 2 0 5 1 0
2 2 2 0 2 2 7 0
2 2 1 0 1 2 3 0
5 2 0 4 0 12 0 0
7 2 0 4 0 14 0 0
3 2 1 2 1 4 2 0
5 1 0 2 0 7 0 1
5 2 1 2 1 8 2 0
3 2 1 3 1 5 4 0
3 2 2 1 2 3 4 0
####
1 0 0 6 0 23 7 0 4 0
2 0 0 6 0 23 7 0 7 0
2 1 0 6 0 23 7 0 7 0
3 0 0 6 0 23 7 0 10 0
3 1 0 6 0 23 7 0 10 0
3 2 0 6 0 23 7 0 13 0
6 1 0 4 0 18 10 0 6 0
6 2 0 4 0 18 10 0 5 0
6 3 0 4 0 18 10 0 7 0
8 0 0 6 0 23 7 0 10 0
8 1 0 6 0 23 7 0 10 0
8 2 0 6 0 23 7 0 13 0
8 3 0 6 0 23 7 0 16 0
8 6 0 4 0 18 10 0 8 0
12 5 0 3 0 11 11 0 4 0
12 11 1 0 0 0 13 0 0 0
16 11 1 5 0 16 14 0 6 1
16 12 1 3 0 11 17 0 3 1
18 11 1 0 0 0 13 0 0 0
21 11 1 5 0 16 14 0 6 1
21 16 0 5 0 16 8 0 8 0
21 18 1 0 0 0 13 0 0 0
22 11 1 0 0 0 13 0 0 0
22 16 0 3 0 11 11 0 4 0
22 18 1 0 0 0 13 0 0 0
22 21 1 3 0 11 17 0 3 1
14 7 2 0 7 0 12 2 0 0
14 4 2 0 7 0 12 2 0 0
7 4 2 2 7 5 16 2 1 1
25 14 2 0 7 0 12 2 0 0
25 4 2 0 7 0 12 1 0 0
28 14 2 4 7 10 13 2 4 1
28 7 2 0 7 0 12 2 0 0
28 4 2 0 7 0 12 1 0 0
28 25 2 0 7 0 12 2 0 0
29 14 2 0 7 0 12 2 0 0
29 7 2 2 7 5 16 0 1 1
29 4 2 2 7 5 16 1 2 1
29 25 2 0 7 0 12 2 0 0
29 28 2 0 7 0 12 2 0 0
20 10 3 0 13 0 11 4 0 0
20 17 3 3 13 5 12 4 2 1
20 9 3 0 13 0 11 5 0 0
20 13 3 0 13 0 11 3 0 0
10 9 3 0 13 0 11 5 0 0
17 10 3 0 13 0 11 2 0 0
17 9 3 0 13 0 11 5 0 0
17 13 3 0 13 0 11 5 0 0
13 10 3 0 13 0 11 5 0 0
13 9 3 0 13 0 11 6 0 0
26 19 4 0 18 0 10 7 0 0
26 23 4 0 18 0 10 3 0 0
27 26 4 0 18 0 10 3 0 0
27 19 4 0 18 0 10 7 0 0
27 23 4 0 18 0 10 5 0 0
23 19 4 0 18 0 10 8 0 0
####
0 27 18 10 4 0 7
21 7 0 13 1 2 7
27 15 0 5 1 8 2
21 28 0 13 1 2 7
29 9 0 11 1 3 4
3 11 0 13 1 0 19
16 28 0 13 1 1 10
29 13 0 11 1 3 4
11 14 0 13 1 2 3
10 26 0 9 1 6 1
12 9 6 12 2 1 5
1 20 13 11 3 0 7
6 7 7 12 2 0 6
0 15 22 7 5 0 7
6 29 7 12 2 0 6
16 29 0 13 1 1 10
1 14 7 12 2 0 7
4 13 0 11 1 4 2
5 25 0 13 1 1 3
3 16 0 13 1 0 19
7 23 5 10 2 4 1
8 11 0 13 1 0 15
8 21 0 13 1 0 15
12 25 0 13 1 1 5
2 10 13 11 3 0 10
22 4 0 13 1 2 3
0 5 0 13 1 0 7
14 20 0 11 1 4 2
16 19 11 11 3 1 10
17 27 0 9 1 6 3
2 17 13 11 3 0 10
25 10 0 11 1 4 2
13 23 0 9 1 8 1
28 17 0 11 1 5 4
3 12 0 13 1 0 19
1 22 0 13 1 0 7
15 24 0 2 1 9 1
20 24 5 6 3 5 1
8 22 0 13 1 0 15
2 21 0 13 1 0 10
8 18 0 13 1 0 15
9 19 0 9 1 5 1
3 4 7 12 2 0 19
