1 0 3 0 2 0 5 0
1 0 3 0 2 0 7 0
1 0 4 0 3 0 22 0
1 0 4 0 6 0 13 0
1 0 4 0 4 0 17 0
1 0 2 0 1 0 4 0
3 2 1 2 1 4 2 0
2 1 1 0 1 1 4 0
1 0 4 0 2 0 7 0
1 0 2 0 2 0 9 0
8 2 1 2 1 9 3 0
4 1 1 2 0 5 1 0
4 2 1 2 2 5 11 0
2 2 1 0 1 2 4 0
7 2 0 2 0 9 0 0
11 1 0 2 0 14 0 1
8 1 0 2 0 10 0 1
3 2 1 3 1 5 3 0
2 1 2 0 1 1 14 0
9 2 1 2 1 11 2 0
4 2 1 2 1 7 2 0
5 2 0 1 0 7 0 0
5 2 2 2 3 6 10 0
5 2 1 2 0 8 1 0
2 1 0 0 0 1 0 1
2 1 0 0 0 1 0 1
6 2 2 2 2 7 7 0
10 2 1 2 0 13 1 0
2 1 0 0 0 1 0 1
7 2 1 2 1 8 4 0
2 2 1 0 1 2 3 0
2 1 0 0 0 1 0 1
3 2 1 1 1 3 12 0
7 2 1 2 0 9 1 0
6 2 1 2 0 8 1 0
3 2 0 1 0 3 0 0
6 1 0 2 0 9 0 1
####
1 0 0 4 0 15 11 0 5 0
2 0 0 6 0 21 11 0 6 0
2 1 0 10 0 28 9 0 10 0
3 0 0 6 0 21 11 0 5 0
3 1 0 10 0 28 9 0 9 0
3 2 0 10 0 28 9 0 17 0
4 0 0 6 0 21 11 0 4 0
4 1 0 10 0 28 9 0 8 0
4 2 0 10 0 28 9 0 16 0
4 3 0 10 0 28 9 0 15 0
5 1 0 10 0 28 9 0 3 0
5 2 0 10 0 28 9 0 11 0
5 3 0 10 0 28 9 0 10 0
5 4 0 10 0 28 9 0 9 0
8 0 0 4 0 15 11 0 2 0
8 1 0 4 0 15 11 0 3 0
8 2 0 7 0 24 10 0 7 0
8 3 0 7 0 24 10 0 6 0
8 4 0 7 0 24 10 0 5 0
9 0 0 4 0 15 11 0 5 0
9 1 0 4 0 15 11 0 6 0
9 2 0 5 0 18 11 0 8 0
9 4 0 5 0 18 11 0 8 0
9 8 0 5 0 18 11 0 6 0
13 7 0 4 0 10 11 0 6 0
18 13 1 0 0 0 16 0 0 0
28 13 1 0 0 0 16 0 0 0
28 18 1 0 0 0 16 0 0 0
30 13 1 0 0 0 16 0 0 0
30 25 1 0 0 0 16 0 0 0
31 13 1 0 0 0 16 0 0 0
31 18 1 0 0 0 16 0 0 0
31 28 1 0 0 0 16 0 0 0
17 6 2 0 8 0 12 2 0 0
32 17 2 0 8 0 12 2 0 0
35 17 2 0 8 0 12 2 0 0
35 32 2 0 8 0 12 2 0 0
20 11 3 0 12 0 11 4 0 0
20 12 3 0 12 0 11 4 0 0
23 21 4 0 15 0 11 1 0 0
23 22 4 0 15 0 11 6 0 0
34 26 5 0 18 0 11 8 0 0
36 26 5 0 18 0 11 8 0 0
36 34 5 0 18 0 11 8 0 0
29 14 6 0 21 0 11 10 0 0
33 29 6 0 21 0 11 10 0 0
33 14 6 0 21 0 11 10 0 0
16 10 7 0 24 0 10 12 0 0
####
4 7 0 16 1 0 17
2 18 0 16 1 0 22
0 14 21 11 6 0 5
27 15 0 2 1 13 1
22 26 0 6 1 6 10
34 14 0 6 1 8 1
17 20 0 7 1 5 3
5 19 26 9 8 0 4
13 17 0 12 1 2 4
4 12 12 11 3 0 17
23 36 0 6 1 8 1
8 24 0 16 1 0 7
1 25 0 16 1 0 7
26 29 0 6 1 7 7
8 20 12 11 3 0 7
2 13 0 16 1 0 22
4 23 15 11 4 0 17
5 35 8 12 2 0 4
4 10 24 10 7 0 17
22 34 0 6 1 6 10
18 35 0 12 1 1 14
26 33 0 6 1 7 7
6 11 0 7 1 4 2
8 33 21 11 6 0 7
2 31 0 16 1 0 22
33 16 0 5 1 9 1
8 21 15 11 4 0 7
10 19 0 3 1 9 3
11 21 0 6 1 5 1
3 26 18 11 5 0 13
12 22 0 6 1 5 11
0 34 18 11 5 0 5
30 6 0 12 1 2 3
18 32 0 12 1 1 14
20 23 0 6 1 7 2
9 13 0 16 1 0 9
2 28 0 16 1 0 22
3 22 15 11 4 0 13
3 32 8 12 2 0 13
1 27 27 9 9 0 7
29 10 0 5 1 8 4
19 27 0 2 1 11 2
32 12 0 7 1 3 12
0 6 8 12 2 0 5
9 30 0 16 1 0 9
3 29 21 11 6 0 13
7 17 0 12 1 1 4
1 30 0 16 1 0 7
