1 0 3 0 2 0 14 0
1 0 3 0 1 0 5 0
1 0 3 0 3 0 12 0
9 2 1 2 1 14 4 0
10 2 1 4 2 16 3 0
1 0 3 0 4 0 12 0
5 1 1 2 1 6 8 0
1 0 3 0 4 0 16 0
1 0 2 0 2 0 11 0
1 0 3 0 4 0 9 0
12 2 0 2 0 19 0 0
2 1 2 0 3 1 12 0
2 1 0 0 0 1 0 1
3 2 2 1 2 3 11 0
2 1 2 0 1 1 10 0
6 2 1 3 1 10 7 0
2 2 2 0 1 2 4 0
2 1 0 0 0 1 0 1
3 2 1 2 1 4 2 0
3 2 1 1 1 3 8 0
2 1 0 0 0 1 0 1
7 2 1 2 1 12 6 0
4 2 1 2 1 5 9 0
4 2 1 2 0 6 1 0
2 2 1 0 0 2 1 0
2 1 0 0 0 1 0 1
12 2 0 3 0 20 0 0
5 1 0 2 0 7 0 1
3 2 0 3 0 5 0 0
8 2 1 3 1 13 5 0
4 2 1 2 1 5 4 0
11 2 2 2 0 18 2 0
####
2 0 0 11 0 23 9 0 18 0
2 1 0 4 0 15 9 0 3 0
5 0 0 11 0 23 9 0 17 0
5 1 0 4 0 15 9 0 5 0
5 2 0 11 0 23 9 0 15 0
7 0 0 11 0 23 9 0 22 0
7 2 0 11 0 23 9 0 20 0
7 5 0 11 0 23 9 0 19 0
8 0 0 11 0 23 9 0 18 0
8 2 0 11 0 23 9 0 16 0
8 5 0 11 0 23 9 0 15 0
8 7 0 11 0 23 9 0 20 0
9 0 0 11 0 23 9 0 12 0
9 1 0 4 0 15 9 0 5 0
9 2 0 11 0 23 9 0 10 0
9 5 0 11 0 23 9 0 9 0
9 7 0 11 0 23 9 0 14 0
9 8 0 11 0 23 9 0 10 0
14 11 0 10 0 15 10 0 17 0
16 11 0 10 0 15 10 0 10 0
16 14 0 10 0 15 10 0 7 0
20 12 1 0 0 0 15 0 0 0
24 11 1 0 0 0 15 0 0 0
24 14 0 1 0 0 12 0 0 0
24 16 1 0 0 0 15 0 0 0
25 17 1 0 0 0 15 0 0 0
19 13 2 9 8 11 13 1 15 1
28 13 2 0 8 0 11 2 0 0
28 18 2 0 8 0 11 2 0 0
28 19 2 0 8 0 11 1 0 0
23 22 3 0 12 0 10 0 0 0
30 22 3 8 12 8 12 2 9 1
30 23 3 0 12 0 10 2 0 0
27 6 4 0 15 0 9 2 0 0
26 10 11 0 23 0 9 20 0 0
####
13 22 0 7 1 3 11
0 20 0 15 1 0 14
1 17 0 15 1 0 5
31 26 0 3 1 18 2
19 15 5 5 3 3 8
2 22 12 10 3 0 12
22 6 0 5 1 5 9
13 30 0 7 1 3 11
7 11 0 15 1 0 16
30 4 6 4 6 5 4
4 31 0 2 1 16 3
18 23 0 7 1 4 2
8 14 0 15 1 0 11
5 30 12 10 3 0 12
1 25 0 15 1 0 5
7 24 0 15 1 0 16
8 10 23 9 11 0 11
2 23 12 10 3 0 12
7 19 8 11 2 0 16
29 3 0 2 1 13 5
9 24 0 15 1 0 9
6 15 0 3 1 6 8
16 18 0 12 1 2 4
11 13 0 12 1 1 12
14 28 0 12 1 1 10
24 28 0 12 1 2 1
14 19 0 12 1 1 10
0 12 0 15 1 0 14
9 16 0 15 1 0 9
2 3 20 8 8 0 12
5 21 18 8 6 0 12
16 26 15 10 10 2 4
9 31 22 8 10 0 9
31 10 0 3 1 18 2
5 16 0 15 1 0 12
15 21 0 2 1 10 7
0 13 8 11 2 0 14
21 29 0 2 1 12 6
11 29 11 9 6 1 12
1 18 8 11 2 0 5
23 27 0 5 1 6 1
3 4 0 2 1 14 4
