1 0 4 0 5 0 23 0
1 0 2 0 4 0 29 0
1 0 4 0 6 0 16 0
1 0 4 0 4 0 27 0
1 0 3 0 4 0 16 0
1 0 2 0 5 0 24 0
1 0 3 0 3 0 18 0
14 2 1 2 0 20 1 0
4 2 1 2 1 4 6 0
2 1 3 0 4 1 23 0
6 2 1 2 0 9 1 0
3 1 3 1 4 2 19 0
2 1 2 0 3 1 13 0
7 2 1 2 1 9 3 0
7 2 1 2 2 12 16 0
5 2 1 4 1 5 5 0
11 2 1 2 2 16 10 0
2 1 3 0 4 1 24 0
12 2 2 2 2 17 9 0
3 2 1 1 1 3 4 0
5 2 1 3 2 8 19 0
3 2 2 1 3 3 21 0
15 2 1 2 2 21 3 0
4 2 1 2 1 5 3 0
8 2 2 4 2 13 15 0
4 2 1 2 1 5 2 0
16 2 2 2 0 23 2 0
13 2 0 4 0 30 0 0
17 2 0 3 0 29 0 0
3 2 1 1 1 3 3 0
6 2 1 2 1 7 4 0
6 2 2 2 2 10 18 0
9 2 1 2 1 14 12 0
13 2 2 2 2 19 7 0
10 2 1 3 1 15 11 0
15 1 0 2 0 21 0 1
7 2 1 3 0 11 1 0
9 2 1 4 1 22 2 0
17 2 0 4 0 25 0 0
5 2 1 3 1 8 2 0
14 2 1 3 1 20 4 0
3 2 2 1 2 2 7 0
4 2 1 2 1 5 20 0
10 2 1 4 0 25 1 0
####
1 0 0 16 0 35 9 0 31 0
2 0 0 16 0 35 9 0 20 0
2 1 0 16 0 35 9 0 21 0
3 0 0 16 0 35 9 0 29 0
3 1 0 16 0 35 9 0 30 0
3 2 0 16 0 35 9 0 15 0
4 0 0 16 0 35 9 0 21 0
4 1 0 16 0 35 9 0 22 0
4 2 0 16 0 35 9 0 13 0
4 3 0 16 0 35 9 0 24 0
5 0 0 16 0 35 9 0 30 0
5 1 0 16 0 35 9 0 31 0
5 2 0 16 0 35 9 0 16 0
5 3 0 16 0 35 9 0 29 0
5 4 0 16 0 35 9 0 19 0
6 0 0 16 0 35 9 0 24 0
6 1 0 16 0 35 9 0 25 0
6 2 0 16 0 35 9 0 16 0
6 3 0 16 0 35 9 0 27 0
6 4 0 16 0 35 9 0 17 0
6 5 0 16 0 35 9 0 26 0
12 9 0 15 0 32 5 0 19 0
17 9 0 15 0 32 5 0 29 0
17 12 0 15 0 32 5 0 18 0
19 11 0 14 0 27 7 0 14 0
21 11 0 14 0 27 7 0 26 0
21 19 0 14 0 27 7 0 16 0
29 11 0 10 0 20 7 0 11 0
29 19 2 0 3 0 12 0 0 0
29 21 2 10 3 20 14 2 13 1
41 11 0 10 0 20 7 0 15 0
41 19 2 0 3 0 12 2 0 0
41 21 0 10 0 20 7 0 17 0
41 29 0 10 0 20 7 0 8 0
23 8 3 0 8 0 11 4 0 0
25 23 3 0 8 0 11 2 0 0
25 8 3 9 8 16 13 2 6 1
42 23 3 13 8 23 13 1 14 1
42 25 3 9 8 16 13 1 11 1
42 8 3 9 8 16 13 2 15 1
39 15 4 0 12 0 10 6 0 0
39 20 4 12 12 20 12 3 12 1
20 15 4 8 12 13 12 4 13 1
30 10 5 0 15 0 10 8 0 0
31 10 5 11 15 17 12 5 10 1
31 30 5 7 15 10 12 6 11 1
14 13 6 6 18 7 12 8 9 1
36 13 6 0 18 0 10 8 0 0
36 14 6 10 18 14 12 8 9 1
37 32 8 4 22 4 11 12 4 1
43 34 9 3 24 2 11 15 2 1
33 27 12 0 28 0 9 23 0 0
40 7 13 0 30 0 9 22 0 0
35 22 14 0 32 0 9 24 0 0
38 28 16 0 35 0 9 29 0 0
####
5 9 0 10 1 0 24
2 41 3 12 2 0 16
37 43 0 4 1 22 2
11 40 22 7 11 2 19
40 22 0 4 1 20 4
17 29 0 8 1 1 24
3 42 8 11 3 0 27
24 37 0 3 1 13 15
13 37 1 5 2 9 3
22 26 0 3 1 21 3
1 17 0 10 1 0 29
17 34 21 5 8 1 24
26 28 0 3 1 23 2
21 24 13 6 5 3 21
21 42 0 9 1 3 21
42 20 0 7 1 5 20
2 12 0 10 1 0 16
33 7 0 4 1 19 7
3 7 30 9 13 0 27
4 33 28 9 12 0 16
30 13 0 6 1 7 4
6 14 18 10 6 0 18
2 26 34 8 15 0 16
0 32 22 9 8 0 23
25 43 12 6 6 5 2
36 38 14 5 10 11 1
0 21 3 12 2 0 23
31 36 0 6 1 10 18
11 31 7 8 3 2 19
41 8 0 9 1 2 7
15 30 0 6 1 5 5
18 27 0 3 1 17 9
5 18 27 8 11 0 24
4 30 15 10 5 0 16
4 23 8 11 3 0 16
33 40 0 4 1 19 7
9 11 0 8 1 1 23
12 41 0 8 1 1 13
16 18 0 2 1 16 10
8 15 0 7 1 4 6
32 34 0 4 1 14 12
23 39 0 7 1 5 3
0 22 32 9 14 0 23
9 20 9 6 3 1 23
41 15 4 8 2 2 7
0 25 8 11 3 0 23
20 31 0 6 1 8 19
14 24 0 4 1 12 16
2 10 15 10 5 0 16
43 27 2 4 3 25 1
3 19 3 12 2 0 27
39 10 0 6 1 8 2
29 25 0 9 1 3 3
26 38 0 3 1 23 2
10 28 17 5 11 9 1
9 39 9 6 3 1 23
7 35 0 4 1 20 1
34 16 0 3 1 15 11
11 36 10 8 4 2 19
31 14 0 6 1 10 18
12 19 0 8 1 1 13
17 21 0 8 1 1 24
1 8 8 11 3 0 29
6 13 18 10 6 0 18
3 29 3 12 2 0 27
19 23 0 9 1 3 4
24 32 0 3 1 13 15
6 16 26 8 10 0 18
18 33 0 3 1 17 9
