1 0 2 0 2 0 8 0
1 0 3 0 4 0 12 0
1 0 4 0 5 0 11 0
5 2 1 2 1 6 7 0
6 2 1 2 2 7 6 0
2 1 2 0 3 1 11 0
7 2 2 2 2 8 5 0
9 2 1 2 0 10 1 0
3 2 2 1 1 3 10 0
4 1 0 2 0 4 0 1
8 2 1 2 0 9 1 0
8 2 1 3 1 9 2 0
10 1 0 2 0 11 0 1
4 2 1 2 1 4 8 0
9 2 0 2 0 10 0 0
####
1 0 0 9 0 11 4 0 13 0
2 0 0 9 0 11 4 0 12 0
2 1 0 9 0 11 4 0 15 0
13 9 3 0 2 0 5 4 0 0
11 10 7 0 7 0 5 6 0 0
14 7 8 0 9 0 5 8 0 0
####
8 13 0 3 1 3 10
7 12 0 3 1 10 1
2 8 1 4 2 0 11
8 9 0 3 1 3 10
0 10 7 5 7 0 8
0 3 4 4 4 0 8
5 8 0 2 1 1 11
13 3 0 3 1 4 8
6 10 0 3 1 8 5
1 5 0 4 1 0 12
2 6 6 4 6 0 11
5 11 6 3 6 1 11
6 11 0 3 1 8 5
1 13 2 5 3 0 12
2 14 9 5 8 0 11
11 7 0 4 1 9 2
4 6 0 2 1 7 6
10 14 0 4 1 9 1
1 7 9 5 8 0 12
3 4 0 2 1 6 7
2 4 5 4 5 0 11
