1 0 4 0 4 0 7 0
1 0 3 0 4 0 9 0
1 0 3 0 3 0 11 0
1 0 3 0 5 0 16 0
1 0 3 0 3 0 14 0
1 0 2 0 2 0 7 0
4 1 0 2 0 4 0 1
2 1 3 0 3 1 15 0
3 2 1 1 1 3 2 0
2 1 2 0 0 1 2 0
2 1 2 0 2 1 4 0
3 2 1 1 1 3 7 0
3 2 1 1 2 3 3 0
4 2 1 2 1 5 6 0
7 2 1 2 2 10 3 0
5 2 1 2 1 7 5 0
8 2 2 2 0 11 2 0
9 2 0 2 0 12 0 0
4 2 2 2 0 4 2 0
3 2 1 1 0 3 1 0
6 2 1 2 1 8 4 0
5 2 0 2 0 6 0 0
4 1 0 2 0 4 0 1
3 1 0 1 0 2 0 1
5 1 0 2 0 5 0 1
3 2 1 1 0 3 1 0
9 1 0 2 0 12 0 1
4 2 1 2 0 5 1 0
2 1 0 0 0 1 0 1
5 2 0 3 0 8 0 0
####
1 0 0 3 0 10 11 0 3 0
2 0 0 8 0 22 8 0 6 0
2 1 0 4 0 15 10 0 3 0
3 0 0 8 0 22 8 0 9 0
3 1 0 4 0 15 10 0 4 0
3 2 0 8 0 22 8 0 11 0
4 0 0 8 0 22 8 0 8 0
4 1 0 4 0 15 10 0 2 0
4 2 0 8 0 22 8 0 10 0
4 3 0 8 0 22 8 0 13 0
5 0 0 8 0 22 8 0 7 0
5 2 0 8 0 22 8 0 9 0
5 3 0 8 0 22 8 0 12 0
5 4 0 8 0 22 8 0 11 0
9 7 0 3 0 11 8 0 2 0
10 9 1 0 0 0 10 0 0 0
28 9 1 0 0 0 10 0 0 0
28 10 1 0 0 0 10 0 0 0
11 8 2 0 4 0 12 2 0 0
12 8 2 0 4 0 12 2 0 0
12 11 2 0 4 0 12 2 0 0
23 19 2 0 4 0 12 2 0 0
25 8 2 0 4 0 12 0 0 0
25 19 2 0 4 0 12 2 0 0
25 23 2 0 4 0 12 2 0 0
18 13 3 0 10 0 11 4 0 0
22 6 3 0 10 0 11 4 0 0
27 13 3 0 10 0 11 4 0 0
27 18 3 0 10 0 11 4 0 0
27 22 3 0 10 0 11 2 0 0
21 15 4 0 15 0 10 6 0 0
24 15 4 0 15 0 10 6 0 0
24 21 4 0 15 0 10 6 0 0
29 15 4 0 15 0 10 2 0 0
29 21 4 0 15 0 10 6 0 0
29 24 4 0 15 0 10 6 0 0
26 17 8 0 22 0 8 4 0 0
####
7 12 0 10 1 1 15
0 14 20 7 6 0 7
15 20 0 5 1 7 5
2 8 4 12 2 0 11
5 13 10 11 3 0 7
4 27 10 11 3 0 14
9 29 11 8 3 1 2
4 12 4 12 2 0 14
0 16 21 7 7 0 7
7 11 0 10 1 1 15
3 7 0 10 1 0 16
3 17 22 8 8 0 16
27 29 0 9 1 5 1
16 17 0 3 1 11 2
0 21 15 10 4 0 7
1 28 0 10 1 0 9
1 10 0 10 1 0 9
25 22 0 11 1 3 1
11 13 0 11 1 3 7
19 6 0 11 1 3 1
18 24 0 9 1 4 2
13 15 0 9 1 5 6
10 19 0 10 1 1 4
12 18 0 11 1 3 3
1 9 0 10 1 0 9
16 26 0 3 1 11 2
18 21 0 9 1 4 2
20 14 0 2 1 8 4
4 11 4 12 2 0 14
14 16 0 2 1 10 3
0 19 4 12 2 0 7
10 25 0 10 1 1 4
9 23 0 10 1 1 2
5 20 19 7 5 0 7
3 18 10 11 3 0 16
2 25 4 12 2 0 11
2 15 15 10 4 0 11
8 27 0 11 1 3 2
7 8 0 10 1 1 15
