1 0 3 0 4 0 19 0
1 0 2 0 2 0 7 0
7 2 1 2 1 9 5 0
1 0 4 0 4 0 11 0
1 0 2 0 2 0 6 0
8 2 1 4 2 11 4 0
10 2 1 2 1 15 2 0
11 2 1 4 0 16 1 0
3 1 2 1 3 2 13 0
1 0 4 0 5 0 15 0
4 2 2 1 2 4 9 0
4 2 1 1 1 4 2 0
3 2 1 1 1 3 2 0
2 2 1 0 0 2 1 0
5 2 1 2 2 6 4 0
4 2 1 2 0 4 1 0
5 2 1 2 0 6 1 0
5 2 1 2 1 6 7 0
6 1 0 2 0 7 0 1
2 1 2 0 3 1 17 0
5 1 0 2 0 5 0 1
12 2 0 4 0 18 0 0
2 2 1 0 1 2 5 0
6 2 1 2 1 7 6 0
9 2 2 4 2 13 3 0
####
1 0 0 11 0 19 6 0 18 0
3 0 0 11 0 19 6 0 20 0
3 1 0 11 0 19 6 0 14 0
4 0 0 11 0 19 6 0 14 0
4 1 0 11 0 19 6 0 8 0
4 3 0 11 0 19 6 0 10 0
9 0 0 11 0 19 6 0 23 0
9 1 0 11 0 19 6 0 17 0
9 3 0 11 0 19 6 0 19 0
9 4 0 11 0 19 6 0 13 0
19 13 0 10 0 16 4 0 10 0
22 13 1 10 0 16 9 0 4 1
22 19 1 10 0 16 9 0 14 1
12 8 2 0 3 0 7 2 0 0
11 10 3 0 5 0 8 4 0 0
15 10 3 0 5 0 8 4 0 0
15 11 3 0 5 0 8 4 0 0
16 14 4 0 8 0 9 6 0 0
17 14 4 7 8 7 10 6 9 1
17 16 4 0 8 0 9 6 0 0
20 14 4 0 8 0 9 6 0 0
20 16 4 0 8 0 9 6 0 0
20 17 4 0 8 0 9 6 0 0
23 18 5 0 12 0 7 8 0 0
####
19 8 0 5 1 1 17
11 16 0 7 1 4 2
7 21 0 2 1 16 1
10 17 0 7 1 4 9
15 20 0 7 1 4 1
9 22 0 8 1 0 15
4 12 3 7 2 0 6
2 5 0 2 1 9 5
3 17 8 9 4 0 11
13 21 16 4 10 2 1
3 14 8 9 4 0 11
1 2 14 6 6 0 7
6 7 0 2 1 15 2
0 15 5 8 3 0 19
8 10 0 5 1 2 13
23 2 0 3 1 7 6
9 11 5 8 3 0 15
17 23 0 6 1 6 7
3 16 8 9 4 0 11
16 18 0 6 1 6 1
0 22 0 8 1 0 19
3 23 12 7 5 0 11
24 6 0 2 1 13 3
1 13 0 8 1 0 7
8 11 0 5 1 2 13
14 24 4 5 4 6 4
5 24 0 2 1 11 4
9 10 5 8 3 0 15
9 13 0 8 1 0 15
12 15 0 5 1 3 2
4 6 17 6 9 0 6
24 7 1 2 2 13 3
0 19 0 8 1 0 19
22 5 12 4 6 2 5
10 14 0 7 1 4 9
19 12 0 5 1 1 17
