1 0 2 0 1 0 7 0
4 2 1 2 1 6 5 0
7 2 1 4 1 12 4 0
1 0 2 0 2 0 4 0
1 0 3 0 3 0 14 0
1 0 4 0 6 0 21 0
1 0 2 0 2 0 7 0
1 0 3 0 4 0 13 0
6 1 1 2 1 8 3 0
4 2 1 2 0 6 1 0
1 0 4 0 3 0 19 0
5 1 0 2 0 7 0 1
9 2 1 3 1 18 2 0
10 2 1 2 0 19 1 0
2 2 2 0 4 2 17 0
2 1 1 0 1 1 2 0
3 2 1 1 0 3 1 0
4 1 0 2 0 4 0 1
2 2 0 0 0 2 0 0
2 1 1 0 0 1 1 0
3 2 2 2 2 4 12 0
5 2 1 2 2 7 7 0
11 2 0 2 0 20 0 0
4 2 1 2 1 5 5 0
6 2 2 2 1 8 6 0
2 1 0 0 0 1 0 1
5 2 1 2 1 7 4 0
3 2 2 2 2 4 8 0
8 2 1 2 1 13 3 0
4 2 1 2 1 6 8 0
7 2 0 3 0 11 0 0
####
4 0 0 10 0 23 8 0 16 0
5 0 0 10 0 23 8 0 19 0
5 3 0 4 0 13 10 0 4 0
5 4 0 10 0 23 8 0 25 0
6 0 0 10 0 23 8 0 9 0
6 4 0 10 0 23 8 0 15 0
6 5 0 10 0 23 8 0 18 0
7 0 0 10 0 23 8 0 14 0
7 3 0 4 0 13 10 0 3 0
7 4 0 10 0 23 8 0 20 0
7 5 0 10 0 23 8 0 23 0
7 6 0 10 0 23 8 0 13 0
10 0 0 10 0 23 8 0 19 0
10 3 0 4 0 13 10 0 4 0
10 4 0 10 0 23 8 0 25 0
10 5 0 10 0 23 8 0 28 0
10 6 0 10 0 23 8 0 18 0
10 7 0 10 0 23 8 0 23 0
15 14 1 0 0 0 12 0 0 0
18 14 1 0 0 0 12 0 0 0
19 14 0 5 0 13 7 0 4 0
20 16 2 0 5 0 10 2 0 0
27 16 2 0 5 0 10 2 0 0
27 20 2 8 5 15 11 2 15 1
17 1 3 0 8 0 12 4 0 0
17 9 3 0 8 0 12 1 0 0
23 17 3 0 8 0 12 4 0 0
23 1 3 7 8 10 13 4 8 1
23 9 3 0 8 0 12 4 0 0
9 1 3 0 8 0 12 4 0 0
29 17 3 0 8 0 12 4 0 0
29 23 3 7 8 10 13 2 10 1
29 1 3 7 8 10 13 4 10 1
29 9 3 0 8 0 12 4 0 0
26 11 4 0 13 0 10 6 0 0
26 21 4 6 13 7 11 4 8 1
21 11 4 0 13 0 10 6 0 0
24 8 5 5 16 5 10 6 6 1
30 2 6 0 18 0 9 8 0 0
####
13 22 0 2 1 19 1
24 30 0 4 1 8 6
20 29 0 8 1 4 12
23 26 0 8 1 5 5
28 12 0 2 1 13 3
7 29 8 12 3 0 13
5 23 8 12 3 0 21
1 2 5 7 3 6 5
16 17 0 8 1 3 1
12 13 0 2 1 18 2
10 18 0 12 1 0 19
14 27 0 8 1 2 17
26 8 0 5 1 7 4
9 11 0 8 1 6 1
3 16 5 10 2 0 4
10 22 23 8 10 0 19
27 1 0 8 1 4 8
7 27 5 10 2 0 13
29 21 0 8 1 6 8
5 24 16 9 5 0 21
0 18 0 12 1 0 7
3 9 8 12 3 0 4
4 25 0 12 1 0 14
24 2 0 4 1 8 6
5 15 0 12 1 0 21
14 20 0 8 1 2 17
27 9 0 8 1 4 8
6 26 13 10 4 0 7
4 20 5 10 2 0 14
10 28 20 8 7 0 19
0 1 8 12 3 0 7
6 19 0 12 1 0 7
20 23 0 8 1 4 12
2 28 0 3 1 12 4
8 12 3 3 3 8 3
7 13 22 8 9 0 13
5 14 0 12 1 0 21
10 14 0 12 1 0 19
19 30 13 7 5 1 1
4 21 13 10 4 0 14
15 16 0 8 1 1 2
21 24 0 5 1 7 7
