1 0 4 0 5 0 17 0
1 0 3 0 1 0 12 0
1 0 3 0 4 0 22 0
1 0 3 0 4 0 17 0
11 2 1 2 1 16 4 0
1 0 4 0 3 0 11 0
1 0 1 0 1 0 8 0
1 0 3 0 3 0 20 0
2 1 3 0 2 1 21 0
3 2 1 1 2 3 17 0
14 2 1 2 0 19 1 0
3 2 0 1 0 3 0 0
2 1 1 0 0 1 1 0
8 2 1 2 1 12 7 0
15 1 0 2 0 20 0 1
4 2 2 2 2 5 16 0
7 2 1 2 1 10 2 0
9 2 0 2 0 12 0 0
5 2 2 2 2 7 14 0
9 2 1 2 1 14 6 0
4 1 0 2 0 4 0 1
5 2 0 2 0 6 0 0
12 1 1 2 1 17 3 0
6 2 1 2 1 9 9 0
3 1 0 1 0 2 0 1
6 2 1 2 1 9 3 0
3 2 1 1 0 3 1 0
7 2 1 2 1 10 8 0
2 1 0 0 0 1 0 1
8 2 1 2 0 11 1 0
10 2 1 2 1 15 5 0
13 2 1 1 1 18 2 0
####
1 0 0 14 0 24 8 0 20 0
2 0 0 14 0 24 8 0 24 0
2 1 0 14 0 24 8 0 22 0
3 0 0 14 0 24 8 0 21 0
3 1 0 14 0 24 8 0 19 0
3 2 0 14 0 24 8 0 23 0
5 0 0 14 0 24 8 0 17 0
5 1 0 14 0 24 8 0 15 0
5 2 0 14 0 24 8 0 19 0
5 3 0 14 0 24 8 0 16 0
6 0 0 14 0 24 8 0 18 0
6 1 0 14 0 24 8 0 16 0
6 2 0 14 0 24 8 0 20 0
6 3 0 14 0 24 8 0 17 0
6 5 0 14 0 24 8 0 13 0
7 0 0 14 0 24 8 0 23 0
7 1 0 14 0 24 8 0 21 0
7 2 0 14 0 24 8 0 25 0
7 3 0 14 0 24 8 0 22 0
7 5 0 14 0 24 8 0 18 0
7 6 0 14 0 24 8 0 19 0
11 9 2 0 3 0 11 2 0 0
24 9 2 0 3 0 11 1 0 0
26 9 2 0 3 0 11 2 0 0
26 11 2 0 3 0 11 2 0 0
20 15 3 0 7 0 9 4 0 0
21 18 4 0 9 0 9 2 0 0
25 23 5 0 11 0 9 4 0 0
27 16 6 0 13 0 9 6 0 0
29 13 7 0 15 0 9 8 0 0
19 17 8 0 17 0 9 10 0 0
####
25 16 0 4 1 9 3
5 31 22 8 12 0 11
7 12 0 10 1 0 20
2 8 0 10 1 0 22
5 19 17 9 8 0 11
8 9 0 7 1 1 21
0 16 13 9 6 0 17
4 22 0 2 1 16 4
30 4 0 2 1 15 5
1 11 3 11 2 0 12
22 31 0 2 1 17 3
18 23 0 4 1 7 14
26 20 0 6 1 3 1
0 15 7 9 3 0 17
9 15 0 6 1 3 17
16 29 0 4 1 10 2
12 24 0 7 1 1 1
5 25 11 9 5 0 11
1 28 0 10 1 0 12
7 10 23 8 13 0 20
15 18 0 4 1 5 16
2 27 13 9 6 0 22
0 29 15 9 7 0 17
29 17 0 4 1 11 1
1 23 11 9 5 0 12
5 17 17 9 8 0 11
8 11 0 7 1 1 21
27 13 0 4 1 10 8
13 19 0 4 1 12 7
0 30 19 8 9 0 17
3 26 3 11 2 0 17
8 26 0 7 1 1 21
31 10 0 2 1 18 2
7 9 3 11 2 0 20
18 25 0 4 1 7 14
2 21 9 9 4 0 22
15 21 0 4 1 5 16
3 18 9 9 4 0 17
10 14 0 2 1 19 1
6 13 15 9 7 0 8
23 27 0 4 1 9 9
3 4 20 8 10 0 17
19 30 0 3 1 14 6
