1 0 4 0 6 0 16 0
1 0 4 0 3 0 8 0
1 0 4 0 2 0 9 0
2 1 0 0 0 1 0 1
1 0 1 0 2 0 9 0
1 0 3 0 2 0 5 0
2 1 1 0 1 1 3 0
2 1 1 0 1 1 2 0
1 0 4 0 7 0 19 0
2 2 1 0 0 2 1 0
5 2 1 2 0 8 1 0
4 2 1 2 0 6 1 0
4 2 1 2 1 6 2 0
5 1 0 2 0 7 0 1
2 2 2 0 2 2 8 0
5 2 1 2 0 8 1 0
3 2 1 2 1 4 3 0
2 2 2 0 2 2 6 0
2 2 2 0 0 2 2 0
3 2 1 3 1 5 2 0
5 2 0 4 0 8 0 0
2 1 0 0 0 1 0 1
4 2 1 2 1 6 2 0
3 2 1 2 1 4 2 0
6 1 0 2 0 9 0 1
6 2 0 3 0 10 0 0
3 1 0 2 0 3 0 1
4 2 1 2 0 6 1 0
3 2 1 2 1 4 3 0
####
1 0 0 4 0 17 10 0 7 0
2 0 0 5 0 21 8 0 5 0
4 0 0 5 0 21 8 0 6 0
4 2 0 5 0 21 8 0 7 0
5 0 0 5 0 21 8 0 4 0
5 2 0 5 0 21 8 0 5 0
5 4 0 5 0 21 8 0 6 0
8 0 0 5 0 21 8 0 7 0
8 1 0 4 0 17 10 0 7 0
8 2 0 5 0 21 8 0 8 0
8 4 0 5 0 21 8 0 9 0
8 5 0 5 0 21 8 0 7 0
7 6 1 0 0 0 14 0 0 0
14 9 1 4 0 13 16 0 3 1
17 6 0 3 0 9 12 0 4 0
17 7 0 3 0 9 12 0 3 0
17 9 1 0 0 0 14 0 0 0
17 14 1 0 0 0 14 0 0 0
18 6 0 3 0 9 12 0 2 0
18 9 1 0 0 0 14 0 0 0
18 14 1 0 0 0 14 0 0 0
18 17 1 3 0 9 18 0 2 1
21 3 1 0 0 0 14 0 0 0
19 16 2 0 8 0 11 2 0 0
23 16 2 0 8 0 11 2 0 0
23 19 2 0 8 0 11 2 0 0
26 16 2 0 8 0 11 2 0 0
26 19 2 0 8 0 11 2 0 0
26 23 2 0 8 0 11 2 0 0
28 16 2 0 8 0 11 2 0 0
28 19 2 0 8 0 11 1 0 0
28 23 2 0 8 0 11 1 0 0
28 26 2 0 8 0 11 1 0 0
22 11 3 0 13 0 10 2 0 0
22 12 3 0 13 0 10 1 0 0
27 22 3 0 13 0 10 2 0 0
27 11 3 0 13 0 10 4 0 0
27 12 3 0 13 0 10 3 0 0
12 11 3 0 13 0 10 3 0 0
13 10 4 0 17 0 10 4 0 0
20 10 4 0 17 0 10 5 0 0
20 13 4 0 17 0 10 7 0 0
20 15 4 0 17 0 10 6 0 0
15 10 4 0 17 0 10 3 0 0
15 13 4 0 17 0 10 5 0 0
25 24 5 0 21 0 8 5 0 0
####
5 9 0 14 1 0 5
18 26 0 13 1 2 2
8 9 0 14 1 0 19
1 6 0 14 1 0 8
2 12 13 10 3 0 9
7 11 5 12 2 1 2
28 12 0 9 1 4 3
9 25 13 10 4 2 1
0 28 8 11 2 0 16
8 14 0 14 1 0 19
27 20 0 8 1 6 1
23 11 0 9 1 4 2
0 17 0 14 1 0 16
16 22 0 9 1 4 3
17 23 0 13 1 2 6
22 10 0 8 1 6 2
18 20 9 12 3 2 2
11 13 0 8 1 6 1
2 16 8 11 2 0 9
0 22 13 10 3 0 16
17 19 0 13 1 2 6
14 28 0 13 1 2 8
1 23 8 11 2 0 8
4 14 0 14 1 0 9
0 18 0 14 1 0 16
5 15 17 10 4 0 5
2 3 0 14 1 0 9
8 17 0 14 1 0 19
6 19 0 13 1 1 3
12 15 0 8 1 6 2
15 24 0 6 1 8 1
5 10 17 10 4 0 5
14 16 0 13 1 2 8
2 21 0 14 1 0 9
1 27 13 10 3 0 8
19 27 0 9 1 5 2
10 25 0 6 1 8 1
8 18 0 14 1 0 19
1 7 0 14 1 0 8
