1 0 4 0 3 0 9 0
1 0 4 0 4 0 13 0
1 0 3 0 6 0 14 0
5 2 1 2 1 5 4 0
1 0 2 0 2 0 4 0
1 0 3 0 5 0 12 0
2 1 3 0 3 1 9 0
6 2 1 4 1 8 3 0
5 2 1 2 1 6 2 0
5 2 1 2 0 5 1 0
5 2 1 2 0 5 1 0
2 1 3 0 3 1 10 0
3 2 1 1 2 3 8 0
7 2 0 4 0 13 0 0
6 1 0 2 0 6 0 1
3 2 1 1 1 3 3 0
7 2 1 3 1 9 2 0
3 2 1 1 1 3 4 0
8 2 1 2 0 11 1 0
4 2 1 2 1 4 2 0
3 2 1 1 1 3 2 0
4 2 2 2 2 4 7 0
9 2 0 2 0 12 0 0
6 2 1 4 0 9 1 0
3 2 1 1 1 3 4 0
4 2 1 2 1 5 3 0
####
1 0 0 8 0 20 6 0 10 0
2 0 0 8 0 20 6 0 14 0
2 1 0 8 0 20 6 0 12 0
4 1 0 6 0 17 7 0 10 0
4 2 0 6 0 17 7 0 5 0
5 0 0 8 0 20 6 0 7 0
5 1 0 8 0 20 6 0 5 0
5 2 0 8 0 20 6 0 9 0
5 4 0 6 0 17 7 0 12 0
17 15 2 4 2 10 12 0 5 1
20 12 2 0 2 0 10 1 0 0
20 15 2 4 2 10 12 2 3 1
20 17 2 4 2 10 12 2 4 1
24 12 2 6 2 13 11 2 8 1
24 15 2 0 2 0 10 0 0 0
24 17 2 0 2 0 10 0 0 0
24 20 2 0 2 0 10 1 0 0
25 19 3 3 7 7 10 2 3 1
9 8 4 2 10 3 11 4 1 1
10 3 4 0 10 0 9 4 0 0
14 7 5 0 14 0 8 6 0 0
23 14 5 0 14 0 8 5 0 0
23 7 5 0 14 0 8 4 0 0
16 13 6 0 17 0 7 9 0 0
####
11 16 15 4 5 1 10
18 22 0 2 1 11 1
8 23 0 7 1 6 2
4 8 10 9 4 0 4
5 6 0 7 1 0 12
1 17 2 10 2 0 13
1 15 2 10 2 0 13
5 19 7 8 3 0 12
7 16 0 5 1 8 3
17 25 0 8 1 3 4
0 10 10 9 4 0 9
11 24 0 7 1 1 10
15 19 0 8 1 3 3
3 7 0 7 1 5 4
0 3 10 9 4 0 9
6 17 0 7 1 1 9
25 8 0 7 1 5 3
5 18 19 6 7 0 12
6 15 0 7 1 1 9
16 18 0 3 1 9 2
12 21 0 8 1 3 8
0 22 20 6 8 0 9
1 24 2 10 2 0 13
2 20 2 10 2 0 14
0 12 2 10 2 0 9
4 25 7 8 3 0 4
1 9 10 9 4 0 13
11 12 0 7 1 1 10
9 13 3 6 2 5 1
20 23 7 8 3 3 2
19 9 0 7 1 4 2
24 7 7 8 3 3 4
2 21 7 8 3 0 14
2 11 0 7 1 0 14
21 3 0 7 1 4 7
6 20 0 7 1 1 9
10 14 0 7 1 5 1
21 10 0 7 1 4 7
23 13 0 5 1 9 1
