1 0 3 0 4 0 12 0
1 0 4 0 5 0 20 0
6 1 0 2 0 6 0 1
1 0 2 0 3 0 8 0
9 2 1 2 1 12 3 0
2 1 2 0 4 1 16 0
1 0 3 0 3 0 13 0
3 1 3 1 2 2 15 0
1 0 3 0 4 0 10 0
2 1 1 0 1 1 11 0
1 0 3 0 1 0 5 0
7 2 1 2 2 10 7 0
3 2 1 2 1 4 2 0
10 1 0 2 0 16 0 1
10 2 1 4 1 15 2 0
11 2 1 2 0 16 1 0
2 1 0 0 0 1 0 1
4 2 1 2 1 5 10 0
5 2 1 2 1 7 9 0
8 2 2 2 2 11 6 0
2 2 0 0 0 2 0 0
12 2 0 4 0 18 0 0
3 2 0 2 0 4 0 0
4 2 1 1 1 4 2 0
9 2 1 4 0 15 1 0
2 2 2 0 0 2 2 0
5 2 1 3 0 5 1 0
4 1 0 1 0 3 0 1
6 2 1 2 1 8 8 0
2 2 2 0 2 2 6 0
####
1 0 0 11 0 23 7 0 19 0
3 0 0 11 0 23 7 0 13 0
3 1 0 11 0 23 7 0 16 0
6 0 0 11 0 23 7 0 17 0
6 1 0 11 0 23 7 0 20 0
6 3 0 11 0 23 7 0 14 0
8 0 0 11 0 23 7 0 12 0
8 1 0 11 0 23 7 0 15 0
8 3 0 11 0 23 7 0 9 0
8 6 0 11 0 23 7 0 13 0
10 0 0 2 0 6 9 0 1 0
10 1 0 5 0 14 8 0 6 0
10 8 0 2 0 6 9 0 1 0
9 5 0 10 0 17 7 0 17 0
20 5 1 0 0 0 12 0 0 0
25 5 0 10 0 17 7 0 9 0
25 9 0 10 0 17 7 0 8 0
25 16 1 0 0 0 12 0 0 0
29 5 1 10 0 17 13 0 11 1
29 9 0 10 0 17 7 0 10 0
29 16 1 0 0 0 12 0 0 0
29 20 1 0 0 0 12 0 0 0
29 25 1 10 0 17 13 0 2 1
22 12 2 0 6 0 9 2 0 0
12 7 2 7 6 11 11 2 7 1
23 17 3 0 9 0 9 4 0 0
27 17 3 0 9 0 9 4 0 0
27 23 3 0 9 0 9 4 0 0
26 18 4 0 12 0 8 6 0 0
28 2 5 0 14 0 8 8 0 0
24 4 8 0 18 0 8 8 0 0
14 13 9 0 20 0 8 10 0 0
####
6 9 0 12 1 0 13
19 4 0 3 1 11 6
3 11 16 7 6 0 8
26 2 0 4 1 5 1
24 13 0 4 1 15 1
5 26 6 8 3 1 16
23 26 0 5 1 4 2
1 29 0 12 1 0 20
11 19 0 2 1 10 7
1 20 0 12 1 0 20
12 24 9 5 6 4 2
1 5 0 12 1 0 20
29 12 0 9 1 2 6
8 29 0 12 1 0 10
9 17 3 9 2 1 11
1 28 14 8 5 0 20
0 4 18 8 8 0 12
10 22 6 9 2 0 5
25 22 0 9 1 2 2
7 23 0 6 1 2 15
6 15 22 7 10 0 13
8 16 0 12 1 0 10
8 25 0 12 1 0 10
0 25 0 12 1 0 12
7 27 0 6 1 2 15
4 14 0 4 1 12 3
0 18 12 8 4 0 12
19 24 0 3 1 11 6
14 15 0 3 1 15 2
18 28 0 4 1 7 9
3 19 17 7 7 0 8
10 23 9 9 3 0 5
6 12 6 9 2 0 13
25 21 17 7 10 2 2
17 18 0 5 1 5 10
28 11 0 3 1 8 8
15 21 0 2 1 16 1
5 7 0 9 1 1 16
10 20 0 12 1 0 5
7 17 0 6 1 2 15
29 14 14 8 8 2 6
