1 0 3 0 3 0 12 0
3 1 2 2 2 3 7 0
1 0 1 0 0 0 1 0
1 0 4 0 6 0 15 0
1 0 2 0 2 0 6 0
4 2 1 3 1 9 4 0
3 2 0 2 0 4 0 0
5 2 1 4 1 11 3 0
1 0 4 0 4 0 13 0
1 0 3 0 5 0 13 0
2 2 1 0 0 2 1 0
6 2 1 4 1 13 2 0
2 2 1 0 1 2 6 0
4 2 1 3 0 7 1 0
2 1 0 0 0 1 0 1
7 2 1 2 0 14 1 0
3 1 0 2 0 3 0 1
2 2 2 0 2 2 9 0
3 1 0 2 0 3 0 1
5 1 0 2 0 8 0 1
2 2 2 0 1 2 4 0
3 2 1 2 1 4 5 0
2 2 1 0 1 2 4 0
8 1 0 2 0 15 0 1
3 2 0 2 0 3 0 0
2 2 2 0 1 2 3 0
####
3 0 0 7 0 19 7 0 14 0
3 2 0 2 0 7 12 0 1 0
4 0 0 7 0 19 7 0 12 0
4 3 0 7 0 19 7 0 12 0
8 0 0 7 0 19 7 0 14 0
8 3 0 7 0 19 7 0 14 0
8 4 0 7 0 19 7 0 12 0
9 0 0 7 0 19 7 0 14 0
9 2 0 2 0 7 12 0 1 0
9 3 0 7 0 19 7 0 14 0
9 4 0 7 0 19 7 0 12 0
9 8 0 7 0 19 7 0 14 0
12 10 1 0 0 0 13 0 0 0
17 10 1 0 0 0 13 0 0 0
17 12 0 6 0 12 8 0 10 0
17 14 1 0 0 0 13 0 0 0
20 10 1 0 0 0 13 0 0 0
20 12 1 6 0 12 14 0 7 1
20 17 0 6 0 12 8 0 7 0
22 10 1 0 0 0 13 0 0 0
22 12 0 6 0 12 8 0 8 0
22 14 1 0 0 0 13 0 0 0
22 17 1 6 0 12 14 0 8 1
22 20 0 6 0 12 8 0 5 0
25 10 1 0 0 0 13 0 0 0
25 12 1 0 0 0 13 0 0 0
25 17 0 3 0 8 9 0 3 0
25 20 1 0 0 0 13 0 0 0
16 1 2 0 7 0 12 2 0 0
18 6 2 0 7 0 12 2 0 0
21 1 0 5 0 6 7 0 8 0
21 18 2 0 7 0 12 2 0 0
21 6 2 0 7 0 12 2 0 0
24 1 2 0 7 0 12 2 0 0
24 16 2 0 7 0 12 2 0 0
24 18 2 0 7 0 12 2 0 0
24 21 2 0 7 0 12 2 0 0
24 6 2 0 7 0 12 2 0 0
13 5 3 0 13 0 8 4 0 0
19 7 4 0 15 0 8 7 0 0
####
3 25 0 13 1 0 15
0 14 0 13 1 0 12
7 11 0 3 1 11 3
17 16 0 13 1 2 9
9 25 0 13 1 0 13
8 24 7 12 2 0 13
15 23 0 2 1 14 1
3 10 0 13 1 0 15
3 20 0 13 1 0 15
8 10 0 13 1 0 13
0 17 0 13 1 0 12
1 5 0 8 1 3 7
22 7 8 9 3 2 4
21 5 0 8 1 4 5
20 18 0 13 1 2 4
12 21 0 13 1 2 6
0 22 0 13 1 0 12
2 6 7 12 2 0 1
9 20 0 13 1 0 13
1 13 0 8 1 3 7
17 1 0 13 1 2 9
10 24 0 13 1 2 1
13 19 0 4 1 7 1
8 17 0 13 1 0 13
3 12 0 13 1 0 15
8 22 0 13 1 0 13
4 15 18 7 6 0 6
5 7 0 4 1 9 4
25 6 0 13 1 2 3
20 11 10 8 4 2 4
25 13 6 9 2 2 3
4 21 7 12 2 0 6
11 15 0 2 1 13 2
9 12 0 13 1 0 13
