1 0 4 0 6 0 26 0
1 0 2 0 3 0 19 0
6 2 1 2 0 7 1 0
1 0 2 0 2 0 7 0
1 0 3 0 3 0 11 0
6 2 1 2 3 8 9 0
7 1 3 2 3 9 8 0
1 0 3 0 3 0 12 0
8 2 1 3 1 11 3 0
6 2 1 2 0 8 1 0
1 0 3 0 5 0 18 0
2 1 3 0 5 1 25 0
9 2 1 2 0 11 1 0
8 1 1 1 1 10 2 0
10 1 0 2 0 12 0 1
10 2 1 3 0 21 1 0
7 1 0 2 0 9 0 1
3 2 2 1 2 3 10 0
4 2 1 2 1 4 3 0
11 2 0 4 0 25 0 0
3 2 2 1 3 3 16 0
2 1 0 0 0 1 0 1
7 2 1 2 1 10 3 0
4 2 2 2 2 5 14 0
5 2 1 2 1 6 2 0
9 2 1 4 1 19 2 0
4 2 1 2 1 4 6 0
4 2 1 2 1 4 4 0
5 2 1 2 1 6 5 0
6 2 1 2 1 8 4 0
5 1 0 2 0 6 0 1
8 2 1 2 1 10 2 0
5 2 2 2 2 6 12 0
####
1 0 0 10 0 26 7 0 31 0
3 0 0 10 0 26 7 0 23 0
3 1 0 10 0 26 7 0 16 0
4 0 0 10 0 26 7 0 26 0
4 1 0 10 0 26 7 0 19 0
4 3 0 10 0 26 7 0 11 0
7 0 0 10 0 26 7 0 29 0
7 1 0 10 0 26 7 0 22 0
7 3 0 10 0 26 7 0 14 0
7 4 0 10 0 26 7 0 17 0
10 0 0 10 0 26 7 0 30 0
10 1 0 10 0 26 7 0 23 0
10 3 0 10 0 26 7 0 15 0
10 4 0 10 0 26 7 0 18 0
10 7 0 10 0 26 7 0 21 0
20 17 2 8 2 22 9 2 18 1
23 18 3 7 4 18 11 4 9 1
26 18 3 7 4 18 11 4 7 1
26 23 3 7 4 18 11 4 12 1
27 18 3 7 4 18 11 4 5 1
27 23 3 7 4 18 11 4 10 1
27 26 3 7 4 18 11 4 8 1
28 24 4 6 8 14 11 6 5 1
30 24 4 0 8 0 10 6 0 0
30 28 4 0 8 0 10 6 0 0
32 24 4 6 8 14 11 6 7 1
32 28 4 6 8 14 11 6 10 1
32 30 4 0 8 0 10 6 0 0
29 2 5 5 12 10 11 8 3 1
29 5 5 5 12 10 11 8 8 1
29 9 5 0 12 0 10 8 0 0
5 2 5 5 12 10 11 8 5 1
9 2 5 0 12 0 10 8 0 0
9 5 5 0 12 0 10 8 0 0
22 6 6 4 16 7 10 10 6 1
22 16 6 0 16 0 9 10 0 0
16 6 6 0 16 0 9 10 0 0
13 8 7 3 19 4 10 13 3 1
31 8 7 0 19 0 9 13 0 0
31 13 7 0 19 0 9 12 0 0
25 12 8 0 22 0 8 20 0 0
15 14 9 0 24 0 8 23 0 0
####
0 27 4 10 3 0 26
7 21 0 8 1 0 12
5 6 0 7 1 8 9
28 29 0 8 1 6 5
26 28 0 8 1 4 6
4 12 22 8 8 0 11
23 32 0 8 1 5 14
4 22 16 9 6 0 11
32 9 0 8 1 6 12
15 19 0 3 1 21 1
27 8 11 7 4 4 4
1 20 2 8 2 0 19
23 30 0 8 1 5 14
2 19 10 5 5 7 1
11 31 17 5 6 1 25
31 12 0 5 1 10 2
29 22 0 7 1 8 4
0 11 0 8 1 0 26
25 15 0 4 1 19 2
20 27 0 6 1 3 16
8 25 0 5 1 11 3
1 24 8 10 4 0 19
12 14 0 4 1 11 1
4 5 12 10 5 0 11
18 24 0 8 1 4 3
13 15 2 5 2 10 2
0 18 4 10 3 0 26
9 16 0 7 1 8 1
3 9 12 10 5 0 7
24 2 0 8 1 6 2
10 23 4 10 3 0 18
10 32 8 10 4 0 18
10 28 8 10 4 0 18
17 18 0 6 1 3 10
22 25 3 5 2 10 3
11 17 0 4 1 1 25
20 23 0 6 1 3 16
6 8 0 6 1 9 8
7 26 4 10 3 0 12
6 31 0 6 1 9 8
32 5 0 8 1 6 12
11 20 0 4 1 1 25
6 13 0 6 1 9 8
3 29 12 10 5 0 7
17 26 0 6 1 3 10
7 17 2 8 2 0 12
0 2 12 10 5 0 26
