1 0 3 0 3 0 6 0
1 0 3 0 4 0 17 0
1 0 2 0 2 0 4 0
1 0 3 0 3 0 8 0
1 0 2 0 2 0 6 0
2 1 1 0 1 1 9 0
3 2 1 2 3 4 8 0
1 0 3 0 4 0 19 0
4 1 3 2 3 5 7 0
5 2 1 1 1 7 3 0
5 2 0 1 0 7 0 0
5 2 1 2 1 7 2 0
3 2 1 2 2 4 5 0
2 1 0 0 0 1 0 1
2 2 2 0 0 2 2 0
5 2 2 1 0 6 2 0
2 1 2 0 1 1 4 0
6 2 1 2 0 8 1 0
6 2 1 2 1 9 2 0
7 2 1 2 0 11 1 0
6 1 0 2 0 7 0 1
3 1 0 2 0 3 0 1
2 2 2 0 2 2 15 0
4 2 2 2 1 6 4 0
5 1 0 2 0 7 0 1
3 1 0 1 0 2 0 1
2 1 0 0 0 1 0 1
8 2 0 4 0 13 0 0
7 2 0 4 0 11 0 0
####
1 0 0 6 0 20 8 0 8 0
2 0 0 6 0 20 8 0 4 0
2 1 0 6 0 20 8 0 6 0
3 0 0 6 0 20 8 0 7 0
3 1 0 7 0 22 7 0 9 0
3 2 0 6 0 20 8 0 5 0
4 1 0 7 0 22 7 0 12 0
4 3 0 7 0 22 7 0 5 0
7 0 0 6 0 20 8 0 9 0
7 1 0 7 0 22 7 0 15 0
7 2 0 6 0 20 8 0 7 0
7 3 0 7 0 22 7 0 8 0
7 4 0 7 0 22 7 0 11 0
16 5 0 6 0 16 7 0 8 0
22 5 1 6 0 16 13 0 12 1
22 14 1 5 0 14 14 0 4 1
22 16 0 6 0 16 7 0 8 0
26 14 1 0 0 0 12 0 0 0
26 22 1 0 0 0 12 0 0 0
21 6 2 0 6 0 10 2 0 0
21 12 2 0 6 0 10 2 0 0
12 6 2 0 6 0 10 3 0 0
23 8 3 0 10 0 8 5 0 0
10 9 4 0 12 0 11 8 0 0
15 9 4 3 12 5 12 8 2 1
15 10 4 0 12 0 11 8 0 0
15 11 4 0 12 0 11 7 0 0
11 9 4 0 12 0 11 7 0 0
11 10 4 0 12 0 11 7 0 0
24 9 4 0 12 0 11 7 0 0
24 10 4 0 12 0 11 7 0 0
24 15 4 0 12 0 11 7 0 0
24 11 4 0 12 0 11 2 0 0
18 17 5 0 17 0 9 9 0 0
20 18 5 0 17 0 9 10 0 0
20 17 5 0 17 0 9 9 0 0
28 19 6 0 20 0 8 11 0 0
####
15 27 5 6 3 6 2
15 20 0 8 1 6 2
5 6 0 10 1 1 9
1 15 12 11 4 0 17
8 9 0 7 1 5 7
18 19 0 5 1 9 2
22 6 0 10 1 2 15
9 18 0 8 1 7 3
3 17 17 9 5 0 8
4 9 12 11 4 0 6
17 28 0 5 1 8 1
23 11 0 7 1 6 4
8 10 0 7 1 5 7
1 5 0 12 1 0 17
0 11 12 11 4 0 6
16 25 0 10 1 1 4
16 18 11 9 4 1 4
8 15 0 7 1 5 7
14 28 14 8 5 2 2
7 14 0 12 1 0 19
4 16 0 12 1 0 6
2 10 12 11 4 0 4
3 19 20 8 6 0 8
7 22 0 12 1 0 19
2 14 0 12 1 0 4
23 24 0 7 1 6 4
0 23 10 8 3 0 6
11 17 0 8 1 7 2
3 12 6 10 2 0 8
6 8 0 6 1 4 8
7 26 0 12 1 0 19
1 22 0 12 1 0 17
22 12 0 10 1 2 15
0 13 0 12 1 0 6
19 27 0 3 1 11 1
14 21 0 10 1 2 2
12 23 0 6 1 4 5
