1 0 3 0 5 0 7 0
1 0 4 0 3 0 9 0
2 1 1 0 1 1 8 0
3 2 1 1 2 2 7 0
4 2 2 2 3 4 6 0
6 2 1 2 0 6 1 0
7 1 0 2 0 7 0 1
5 2 2 2 1 5 3 0
6 1 0 2 0 6 0 1
6 2 0 2 0 6 0 0
5 2 1 2 0 5 1 0
####
1 0 0 6 0 8 3 0 8 0
10 7 4 0 3 0 4 2 0 0
8 5 5 0 5 0 5 4 0 0
9 5 5 0 5 0 5 4 0 0
9 8 5 0 5 0 5 4 0 0
####
7 8 0 5 1 5 3
4 10 0 3 1 4 6
1 2 0 3 1 0 9
1 3 1 3 2 0 9
4 7 0 3 1 4 6
5 6 0 4 1 6 1
0 7 3 4 4 0 7
1 5 5 5 5 0 9
7 5 0 5 1 5 3
2 3 0 2 1 1 8
1 9 5 5 5 0 9
0 10 3 4 4 0 7
0 4 2 3 3 0 7
3 4 0 2 1 2 7
10 9 0 5 1 5 1
