1 0 2 0 1 0 11 0
1 0 3 0 5 0 20 0
1 0 2 0 2 0 7 0
1 0 3 0 5 0 15 0
1 0 3 0 3 0 7 0
1 0 3 0 1 0 4 0
2 1 1 0 1 1 2 0
1 0 3 0 2 0 5 0
2 1 2 0 2 1 12 0
2 1 2 0 2 1 7 0
4 2 1 2 1 5 3 0
6 2 1 2 1 8 4 0
10 2 0 3 0 14 0 0
3 2 1 1 1 3 9 0
7 2 1 2 1 10 3 0
3 2 1 1 0 3 1 0
2 1 0 0 0 1 0 1
4 2 1 2 2 5 8 0
6 2 1 3 0 9 1 0
8 2 1 2 1 11 2 0
4 1 0 2 0 4 0 1
6 2 1 2 0 8 1 0
4 2 0 2 0 5 0 0
9 2 1 2 0 12 1 0
3 2 2 1 1 3 5 0
5 2 2 2 2 6 7 0
7 1 0 2 0 9 0 1
5 2 1 2 1 7 2 0
2 1 0 0 0 1 0 1
7 2 0 2 0 10 0 0
####
1 0 0 9 0 22 8 0 16 0
2 0 0 9 0 22 8 0 10 0
2 1 0 9 0 22 8 0 12 0
3 0 0 9 0 22 8 0 13 0
3 1 0 9 0 22 8 0 15 0
3 2 0 9 0 22 8 0 9 0
4 0 0 9 0 22 8 0 11 0
4 1 0 9 0 22 8 0 13 0
4 2 0 9 0 22 8 0 7 0
4 3 0 9 0 22 8 0 10 0
5 0 0 6 0 17 10 0 6 0
5 1 0 6 0 17 10 0 7 0
5 3 0 6 0 17 10 0 5 0
7 1 0 6 0 17 10 0 8 0
7 2 0 6 0 17 10 0 5 0
7 3 0 6 0 17 10 0 7 0
7 4 0 3 0 8 11 0 1 0
8 6 0 5 0 12 8 0 5 0
9 8 1 8 0 17 13 0 7 1
16 6 1 0 0 0 12 0 0 0
15 13 2 0 5 0 10 2 0 0
24 13 2 0 5 0 10 2 0 0
24 15 2 0 5 0 10 2 0 0
17 10 3 0 8 0 11 4 0 0
22 17 3 0 8 0 11 4 0 0
22 10 3 0 8 0 11 4 0 0
22 20 3 0 8 0 11 4 0 0
20 17 3 0 8 0 11 1 0 0
20 10 3 0 8 0 11 2 0 0
27 25 4 0 12 0 9 6 0 0
18 11 5 0 14 0 10 6 0 0
21 11 5 0 14 0 10 8 0 0
21 18 5 0 14 0 10 8 0 0
26 14 6 0 17 0 10 10 0 0
29 14 6 0 17 0 10 8 0 0
29 26 6 0 17 0 10 10 0 0
####
3 25 12 9 4 0 15
7 21 14 10 5 0 5
8 13 0 8 1 1 12
27 21 0 5 1 7 2
5 6 0 12 1 0 4
13 17 0 7 1 3 9
17 25 0 6 1 5 8
11 14 0 6 1 8 4
23 12 0 2 1 12 1
3 17 8 11 3 0 15
0 28 0 12 1 0 11
3 24 5 10 2 0 15
4 23 21 8 8 0 7
10 27 0 6 1 5 3
7 10 8 11 3 0 5
9 24 0 8 1 1 7
2 27 12 9 4 0 7
5 29 17 10 6 0 4
24 10 0 7 1 3 5
8 15 0 8 1 1 12
15 22 0 7 1 3 1
6 18 9 8 4 1 2
21 26 0 6 1 8 1
25 11 0 5 1 6 7
14 19 0 4 1 10 3
25 18 0 5 1 6 7
1 19 20 8 7 0 20
1 9 0 12 1 0 20
7 22 8 11 3 0 5
2 14 17 10 6 0 7
4 11 14 10 5 0 7
24 20 0 7 1 3 5
5 16 0 12 1 0 4
4 15 5 10 2 0 7
0 13 5 10 2 0 11
1 8 0 12 1 0 20
18 29 0 6 1 9 1
19 23 0 2 1 11 2
9 12 17 6 8 1 7
