1 0 3 0 2 0 6 0
1 0 3 0 3 0 11 0
1 0 3 0 5 0 14 0
1 0 2 0 3 0 9 0
4 1 0 2 0 4 0 1
1 0 2 0 2 0 4 0
1 0 3 0 8 0 20 0
5 2 1 2 1 7 4 0
2 1 3 0 3 1 13 0
2 1 3 0 2 1 10 0
9 2 1 2 0 17 1 0
3 2 2 1 1 2 9 0
3 1 0 1 0 2 0 1
4 2 1 2 2 4 7 0
3 1 0 1 0 2 0 1
3 2 2 1 1 3 7 0
5 2 2 2 1 6 6 0
7 2 1 4 1 14 3 0
4 1 0 2 0 3 0 1
2 1 2 0 2 1 4 0
4 2 0 2 0 5 0 0
8 2 1 2 1 15 2 0
4 2 1 2 1 5 5 0
3 2 1 1 0 3 1 0
6 2 0 4 0 10 0 0
4 2 0 3 0 5 0 0
3 2 1 1 0 3 1 0
10 1 0 2 0 18 0 1
6 2 1 2 1 8 4 0
3 2 1 1 0 3 1 0
####
1 0 0 9 0 23 7 0 12 0
2 0 0 9 0 23 7 0 11 0
2 1 0 9 0 23 7 0 15 0
3 0 0 9 0 23 7 0 9 0
3 1 0 9 0 23 7 0 13 0
3 2 0 9 0 23 7 0 12 0
5 0 0 9 0 23 7 0 5 0
5 1 0 9 0 23 7 0 9 0
5 2 0 9 0 23 7 0 8 0
5 3 0 9 0 23 7 0 6 0
6 0 0 9 0 23 7 0 16 0
6 1 0 9 0 23 7 0 20 0
6 2 0 9 0 23 7 0 19 0
6 3 0 9 0 23 7 0 17 0
6 5 0 9 0 23 7 0 13 0
9 8 1 8 0 20 10 0 13 1
19 8 0 4 0 15 5 0 4 0
12 11 2 0 3 0 13 2 0 0
14 11 2 0 3 0 13 2 0 0
14 12 2 0 3 0 13 2 0 0
15 11 2 7 3 13 14 2 11 1
15 12 2 0 3 0 13 2 0 0
15 14 2 0 3 0 13 2 0 0
23 11 0 3 0 8 9 0 2 0
23 15 2 0 3 0 13 1 0 0
26 11 2 0 3 0 13 2 0 0
26 12 2 0 3 0 13 2 0 0
26 14 2 0 3 0 13 2 0 0
26 15 2 0 3 0 13 2 0 0
29 15 2 0 3 0 13 1 0 0
29 23 2 0 3 0 13 2 0 0
18 13 3 0 10 0 12 4 0 0
20 13 3 0 10 0 12 4 0 0
20 18 3 0 10 0 12 4 0 0
20 4 3 0 10 0 12 3 0 0
22 13 3 6 10 7 13 0 9 1
22 18 3 0 10 0 12 4 0 0
22 20 3 0 10 0 12 2 0 0
22 4 3 0 10 0 12 3 0 0
25 13 3 0 10 0 12 5 0 0
25 18 3 0 10 0 12 5 0 0
25 20 3 0 10 0 12 5 0 0
25 22 3 0 10 0 12 5 0 0
16 7 4 5 16 5 9 2 7 1
28 24 5 0 18 0 8 5 0 0
####
6 9 0 9 1 0 20
0 20 10 12 3 0 6
15 20 0 13 1 3 7
0 7 16 8 4 0 6
16 28 0 4 1 6 6
5 26 3 13 2 0 4
29 4 0 13 1 3 1
16 24 0 4 1 6 6
9 25 7 9 2 1 10
26 25 0 13 1 3 1
2 19 0 9 1 0 14
0 21 21 7 7 0 6
19 29 0 10 1 1 4
9 15 0 10 1 1 10
13 16 0 8 1 4 7
22 7 0 8 1 5 5
10 27 0 2 1 17 1
3 16 16 8 4 0 9
11 18 0 13 1 2 9
11 13 0 13 1 2 9
15 22 0 13 1 3 7
9 14 0 10 1 1 10
1 23 3 13 2 0 11
6 11 3 13 2 0 20
1 13 10 12 3 0 11
8 11 0 10 1 1 13
23 24 8 9 3 3 1
8 26 0 10 1 1 13
28 17 0 3 1 8 4
1 22 10 12 3 0 11
5 10 22 7 8 0 4
6 8 0 9 1 0 20
8 12 0 10 1 1 13
2 28 18 8 5 0 14
17 21 0 2 1 14 3
21 10 0 2 1 15 2
3 29 3 13 2 0 9
2 15 3 13 2 0 14
19 23 0 10 1 1 4
7 17 2 3 2 7 4
