1 0 3 0 5 0 21 0
1 0 3 0 3 0 7 0
1 0 3 0 2 0 9 0
1 0 3 0 3 0 16 0
6 2 1 2 0 9 1 0
1 0 2 0 3 0 22 0
7 1 0 2 0 10 0 1
6 1 2 2 3 9 9 0
4 2 1 2 1 5 6 0
1 0 3 0 2 0 15 0
8 2 1 2 1 14 4 0
2 1 3 0 5 1 21 0
2 1 2 0 2 1 14 0
1 0 2 0 2 0 12 0
9 2 1 4 1 20 3 0
4 2 1 2 2 5 13 0
8 2 1 2 1 13 2 0
2 2 1 0 2 2 9 0
3 2 0 1 0 2 0 0
5 2 1 3 1 6 5 0
5 2 0 2 0 7 0 0
2 1 0 0 0 1 0 1
10 2 1 3 1 21 2 0
2 2 1 0 1 2 5 0
7 2 2 3 2 12 8 0
11 2 1 2 0 22 1 0
3 2 2 1 2 3 4 0
5 2 2 3 3 8 12 0
6 2 1 4 1 9 4 0
4 2 1 2 0 5 1 0
9 2 1 4 0 15 1 0
10 2 0 2 0 16 0 0
3 2 2 1 2 3 17 0
12 1 0 2 0 23 0 1
####
1 0 0 11 0 26 8 0 16 0
2 0 0 11 0 26 8 0 19 0
2 1 0 11 0 26 8 0 11 0
3 0 0 11 0 26 8 0 21 0
3 1 0 11 0 26 8 0 13 0
3 2 0 11 0 26 8 0 16 0
5 0 0 11 0 26 8 0 25 0
5 1 0 11 0 26 8 0 17 0
5 2 0 11 0 26 8 0 20 0
5 3 0 11 0 26 8 0 22 0
9 0 0 11 0 26 8 0 20 0
9 1 0 11 0 26 8 0 12 0
9 2 0 11 0 26 8 0 15 0
9 3 0 11 0 26 8 0 17 0
9 5 0 11 0 26 8 0 21 0
13 0 0 11 0 26 8 0 20 0
13 1 0 11 0 26 8 0 12 0
13 2 0 11 0 26 8 0 15 0
13 3 0 11 0 26 8 0 17 0
13 5 0 11 0 26 8 0 21 0
13 9 0 11 0 26 8 0 16 0
12 11 0 10 0 21 6 0 19 0
17 11 0 10 0 21 6 0 17 0
17 12 1 10 0 21 13 0 12 1
23 11 0 10 0 21 6 0 16 0
23 12 0 10 0 21 6 0 11 0
23 17 1 10 0 21 13 0 9 1
32 26 2 7 5 15 12 0 7 1
29 8 3 0 8 0 10 2 0 0
29 15 3 0 8 0 10 2 0 0
15 8 3 8 8 15 11 2 12 1
20 19 4 0 11 0 10 4 0 0
27 20 4 0 11 0 10 4 0 0
27 19 4 7 11 12 11 4 10 1
7 4 5 0 14 0 10 6 0 0
28 4 5 0 14 0 10 6 0 0
28 7 5 6 14 9 11 6 8 1
24 6 6 0 17 0 9 8 0 0
16 10 7 0 19 0 9 10 0 0
30 14 8 0 21 0 9 16 0 0
31 22 9 0 23 0 9 18 0 0
####
15 27 0 6 1 5 13
5 31 23 9 9 0 22
12 27 6 8 3 1 14
2 8 8 10 3 0 9
13 17 0 12 1 0 12
8 19 0 6 1 5 6
30 31 0 4 1 15 1
1 29 8 10 3 0 7
3 17 0 12 1 0 16
11 19 6 8 3 1 21
14 22 0 4 1 20 3
0 32 5 10 2 0 21
1 25 25 8 10 0 7
9 15 8 10 3 0 15
9 21 0 12 1 0 15
26 29 0 6 1 3 4
7 24 0 5 1 9 9
2 23 0 12 1 0 9
17 24 12 7 5 2 9
0 4 14 10 5 0 21
1 10 19 9 7 0 7
24 10 0 4 1 12 8
19 28 0 6 1 6 5
32 15 0 6 1 3 17
5 11 0 12 1 0 22
16 30 0 4 1 13 2
2 20 11 10 4 0 9
12 18 0 8 1 1 14
11 26 0 8 1 1 21
9 16 19 9 7 0 15
27 4 0 6 1 8 12
26 30 13 5 6 3 4
28 14 4 5 3 9 4
7 22 6 5 4 9 9
22 25 0 3 1 21 2
13 23 0 12 1 0 12
3 12 0 12 1 0 16
4 6 0 5 1 9 1
0 26 5 10 2 0 21
23 28 9 8 4 2 5
29 20 0 6 1 5 1
24 16 0 4 1 12 8
11 32 0 8 1 1 21
27 7 0 6 1 8 12
3 18 5 10 2 0 16
10 14 0 4 1 14 4
25 33 0 2 1 22 1
32 8 0 6 1 3 17
