1 0 4 0 3 0 14 0
1 0 3 0 4 0 11 0
1 0 3 0 4 0 10 0
6 2 1 2 1 8 5 0
1 0 2 0 2 0 6 0
9 2 1 2 0 17 1 0
1 0 2 0 2 0 6 0
1 0 3 0 4 0 17 0
1 0 4 0 4 0 21 0
2 1 2 0 2 1 11 0
2 1 1 0 1 1 14 0
3 2 1 1 1 3 8 0
6 2 1 2 1 7 4 0
3 2 1 1 2 2 13 0
2 1 1 0 1 1 2 0
3 2 1 1 0 3 1 0
4 2 2 2 3 4 12 0
5 2 2 2 1 6 5 0
9 2 1 2 0 13 1 0
10 2 0 4 0 17 0 0
7 2 1 2 1 9 3 0
2 1 0 0 0 1 0 1
10 2 0 4 0 18 0 0
7 2 1 4 2 14 4 0
8 2 2 2 1 15 3 0
5 2 1 2 1 6 5 0
9 1 0 2 0 16 0 1
4 2 1 2 1 5 7 0
3 2 1 1 0 3 1 0
4 2 0 2 0 5 0 0
8 2 1 2 1 11 2 0
5 2 1 2 1 7 6 0
####
1 0 0 9 0 23 9 0 14 0
2 0 0 9 0 23 9 0 14 0
2 1 0 9 0 23 9 0 12 0
4 0 0 9 0 23 9 0 9 0
4 1 0 9 0 23 9 0 7 0
4 2 0 9 0 23 9 0 7 0
6 0 0 9 0 23 9 0 7 0
6 1 0 9 0 23 9 0 7 0
6 2 0 9 0 23 9 0 6 0
6 4 0 9 0 23 9 0 8 0
7 0 0 9 0 23 9 0 13 0
7 1 0 9 0 23 9 0 11 0
7 2 0 9 0 23 9 0 11 0
7 4 0 9 0 23 9 0 6 0
7 6 0 9 0 23 9 0 12 0
8 0 0 9 0 23 9 0 19 0
8 1 0 9 0 23 9 0 17 0
8 2 0 9 0 23 9 0 17 0
8 4 0 9 0 23 9 0 12 0
8 6 0 9 0 23 9 0 13 0
8 7 0 9 0 23 9 0 16 0
10 9 0 8 0 19 6 0 13 0
21 9 1 0 0 0 11 0 0 0
13 11 2 7 4 15 13 1 11 1
15 11 2 0 4 0 11 0 0 0
15 13 2 0 4 0 11 1 0 0
28 11 2 0 4 0 11 2 0 0
28 13 0 7 0 15 6 0 6 0
28 15 2 0 4 0 11 1 0 0
27 16 3 6 8 12 12 3 9 1
29 16 3 0 8 0 10 2 0 0
29 27 3 0 8 0 10 2 0 0
25 17 4 0 11 0 10 2 0 0
31 17 4 5 11 9 12 0 7 1
31 25 4 0 11 0 10 5 0 0
12 3 5 0 14 0 9 7 0 0
23 20 6 0 16 0 9 5 0 0
30 24 7 0 18 0 9 4 0 0
18 5 8 0 20 0 10 6 0 0
26 18 8 0 20 0 10 6 0 0
26 5 8 0 20 0 10 14 0 0
22 19 9 0 23 0 9 10 0 0
####
8 13 4 11 2 0 21
2 18 20 10 8 0 10
1 17 11 10 4 0 11
25 12 0 5 1 6 5
24 26 0 5 1 15 3
7 16 8 10 3 0 17
18 19 0 5 1 13 1
0 3 14 9 5 0 14
30 18 0 5 1 11 2
28 19 15 6 7 3 1
16 17 0 6 1 4 12
12 20 0 4 1 7 4
0 21 0 11 1 0 14
24 5 0 5 1 15 3
8 10 0 11 1 0 21
13 16 0 7 1 2 13
20 30 0 4 1 9 3
9 28 0 8 1 1 11
6 25 11 10 4 0 6
9 11 0 8 1 1 11
11 27 0 7 1 3 8
17 23 2 5 2 6 5
7 28 4 11 2 0 17
5 22 0 5 1 17 1
16 25 0 6 1 4 12
0 29 8 10 3 0 14
2 27 8 10 3 0 10
8 15 4 11 2 0 21
7 14 0 11 1 0 17
4 5 20 10 8 0 6
3 23 0 4 1 8 5
10 13 0 8 1 1 14
8 11 4 11 2 0 21
15 29 0 7 1 3 1
17 22 9 5 5 6 5
14 15 0 8 1 1 2
2 24 18 9 7 0 10
31 3 0 5 1 7 6
4 20 16 9 6 0 6
27 31 0 6 1 5 7
6 12 14 9 5 0 6
23 24 0 4 1 14 4
1 31 11 10 4 0 11
0 9 0 11 1 0 14
1 30 18 9 7 0 11
