1 0 4 0 5 0 14 0
1 0 3 0 3 0 9 0
1 0 3 0 2 0 11 0
1 0 4 0 4 0 9 0
1 0 3 0 3 0 8 0
1 0 2 0 3 0 15 0
2 1 3 0 2 1 7 0
4 2 1 2 1 5 8 0
2 1 2 0 1 1 5 0
2 1 0 0 0 1 0 1
5 2 1 2 1 6 7 0
2 1 0 0 0 1 0 1
4 2 1 3 0 6 1 0
3 2 1 2 2 4 3 0
2 1 2 0 3 1 14 0
6 2 1 2 1 7 6 0
4 1 0 2 0 4 0 1
7 2 1 2 1 8 5 0
11 2 1 2 0 14 1 0
8 2 1 2 1 10 4 0
3 2 1 1 1 3 9 0
3 2 0 2 0 4 0 0
2 1 0 0 0 1 0 1
4 2 2 2 0 6 2 0
3 2 2 1 1 3 3 0
9 2 1 2 1 12 3 0
10 2 1 2 1 13 2 0
5 2 0 2 0 7 0 0
5 1 0 2 0 7 0 1
12 2 0 4 0 20 0 0
2 1 0 0 0 1 0 1
####
1 0 0 11 0 24 7 0 9 0
2 0 0 11 0 24 7 0 15 0
2 1 0 11 0 24 7 0 12 0
3 0 0 11 0 24 7 0 14 0
3 1 0 11 0 24 7 0 11 0
3 2 0 11 0 24 7 0 17 0
4 0 0 11 0 24 7 0 11 0
4 1 0 11 0 24 7 0 8 0
4 2 0 11 0 24 7 0 14 0
4 3 0 11 0 24 7 0 13 0
5 0 0 11 0 24 7 0 16 0
5 1 0 11 0 24 7 0 13 0
5 2 0 11 0 24 7 0 19 0
5 3 0 11 0 24 7 0 18 0
5 4 0 11 0 24 7 0 15 0
8 6 0 10 0 17 8 0 4 0
11 6 1 0 0 0 13 0 0 0
14 6 0 10 0 17 8 0 11 0
14 8 0 10 0 17 8 0 11 0
22 8 1 0 0 0 13 0 0 0
20 13 0 9 0 13 5 0 9 0
21 13 2 0 7 0 10 2 0 0
24 13 2 0 7 0 10 1 0 0
24 20 2 0 7 0 10 2 0 0
24 21 2 0 7 0 10 1 0 0
23 7 0 8 0 9 5 0 7 0
23 12 3 0 11 0 10 3 0 0
23 16 3 0 11 0 10 3 0 0
12 7 3 0 11 0 10 4 0 0
16 7 3 0 11 0 10 4 0 0
16 12 3 0 11 0 10 2 0 0
27 10 4 0 15 0 9 6 0 0
28 27 4 0 15 0 9 5 0 0
####
8 13 0 11 1 1 5
12 27 0 7 1 6 1
6 21 0 11 1 1 7
10 15 0 4 1 6 7
20 7 0 8 1 3 9
1 6 0 13 1 0 9
3 7 11 10 3 0 9
1 11 0 13 1 0 9
4 9 0 13 1 0 8
4 19 20 7 7 0 8
3 10 15 9 4 0 9
0 24 7 10 2 0 14
2 30 0 13 1 0 11
25 26 0 2 1 12 3
4 23 11 10 3 0 8
19 25 0 2 1 10 4
7 10 0 7 1 5 8
0 22 0 13 1 0 14
17 19 0 2 1 8 5
0 25 21 7 8 0 14
23 29 9 5 8 6 2
8 21 0 11 1 1 5
2 20 7 10 2 0 11
14 24 0 11 1 1 14
5 15 18 7 5 0 15
6 12 4 11 2 1 7
3 26 22 7 9 0 9
0 8 0 13 1 0 14
14 20 0 11 1 1 14
2 17 19 7 6 0 11
15 17 0 2 1 7 6
26 18 0 2 1 13 2
13 23 0 8 1 4 3
23 28 0 7 1 6 2
24 16 0 8 1 3 3
1 27 15 9 4 0 9
5 14 0 13 1 0 15
3 18 23 7 10 0 9
18 29 0 2 1 14 1
6 13 0 11 1 1 7
24 12 0 8 1 3 3
