1 0 4 0 5 0 16 0
1 0 2 0 1 0 15 0
1 0 4 0 3 0 9 0
5 2 1 2 1 7 13 0
10 2 1 2 1 17 7 0
1 0 3 0 4 0 7 0
2 1 0 0 0 1 0 1
6 2 1 4 2 12 12 0
1 0 2 0 2 0 18 0
2 1 2 0 2 1 17 0
15 2 1 2 0 23 1 0
16 1 0 2 0 24 0 1
1 0 2 0 2 0 16 0
1 0 1 0 1 0 17 0
1 0 2 0 2 0 16 0
2 2 1 0 2 2 15 0
2 1 3 0 0 1 3 0
3 2 1 1 2 3 16 0
4 1 0 2 0 4 0 1
7 1 2 2 1 13 11 0
12 2 1 2 1 19 5 0
8 2 1 1 1 14 9 0
3 1 0 1 0 2 0 1
15 2 0 2 0 22 0 0
13 2 1 2 2 20 4 0
3 2 2 2 1 3 14 0
14 2 2 2 1 21 3 0
9 2 1 2 1 15 8 0
5 2 0 2 0 6 0 0
4 2 2 2 1 5 15 0
3 1 0 1 0 2 0 1
8 1 0 1 0 14 0 1
11 2 1 2 1 18 6 0
3 2 0 1 0 3 0 0
2 1 0 0 0 1 0 1
####
1 0 0 15 0 26 9 0 23 0
2 0 0 15 0 26 9 0 18 0
2 1 0 15 0 26 9 0 17 0
5 0 0 15 0 26 9 0 13 0
5 1 0 15 0 26 9 0 12 0
5 2 0 15 0 26 9 0 7 0
8 0 0 15 0 26 9 0 26 0
8 1 0 15 0 26 9 0 25 0
8 2 0 15 0 26 9 0 20 0
8 5 0 15 0 26 9 0 15 0
12 0 0 15 0 26 9 0 24 0
12 1 0 15 0 26 9 0 23 0
12 2 0 15 0 26 9 0 18 0
12 5 0 15 0 26 9 0 13 0
12 8 0 15 0 26 9 0 26 0
13 0 0 15 0 26 9 0 25 0
13 1 0 15 0 26 9 0 24 0
13 2 0 15 0 26 9 0 19 0
13 5 0 15 0 26 9 0 14 0
13 8 0 15 0 26 9 0 27 0
13 12 0 15 0 26 9 0 25 0
14 0 0 15 0 26 9 0 24 0
14 1 0 15 0 26 9 0 23 0
14 2 0 15 0 26 9 0 18 0
14 5 0 15 0 26 9 0 13 0
14 8 0 15 0 26 9 0 26 0
14 12 0 15 0 26 9 0 24 0
14 13 0 15 0 26 9 0 25 0
15 9 0 14 0 21 6 0 24 0
34 16 1 0 0 0 13 0 0 0
25 17 0 13 0 16 6 0 22 0
30 22 2 0 5 0 13 2 0 0
33 22 2 0 5 0 13 2 0 0
33 30 2 0 5 0 13 2 0 0
28 3 4 0 12 0 10 6 0 0
31 21 7 0 16 0 10 8 0 0
23 10 14 0 24 0 10 22 0 0
####
0 27 18 9 8 0 16
1 3 12 10 4 0 15
10 11 0 3 1 23 1
29 28 0 4 1 5 15
26 23 0 3 1 21 3
17 29 0 7 1 3 16
24 26 0 2 1 20 4
8 9 0 13 1 0 18
13 17 5 13 2 0 17
3 7 0 3 1 7 13
1 33 5 13 2 0 15
2 26 23 9 13 0 9
0 21 16 10 7 0 16
0 15 0 13 1 0 16
32 20 0 2 1 18 6
21 27 0 3 1 14 9
8 20 21 9 11 0 18
2 23 24 10 14 0 9
7 19 0 2 1 12 12
16 22 0 10 1 1 3
9 17 0 10 1 1 17
29 3 0 4 1 5 15
9 24 17 6 11 1 17
12 28 12 10 4 0 16
19 21 0 3 1 13 11
2 6 0 13 1 0 9
15 25 0 10 1 2 15
0 25 5 13 2 0 16
16 30 0 10 1 1 3
25 18 0 7 1 3 14
25 7 4 6 3 3 14
16 33 0 10 1 1 3
14 15 0 13 1 0 16
27 4 0 2 1 15 8
12 29 10 10 3 0 16
5 34 0 13 1 0 7
19 31 0 3 1 13 11
5 10 24 10 14 0 7
5 16 0 13 1 0 7
20 24 0 2 1 19 5
14 32 20 9 10 0 16
26 10 0 3 1 21 3
2 4 19 9 9 0 9
4 32 0 2 1 17 7
