1 0 3 0 3 0 15 0
1 0 3 0 4 0 21 0
1 0 3 0 6 0 13 0
1 0 3 0 5 0 22 0
2 1 3 0 3 1 7 0
1 0 1 0 1 0 4 0
1 0 3 0 4 0 8 0
4 2 1 2 2 5 8 0
5 2 1 3 1 7 3 0
2 1 3 0 4 1 21 0
5 2 2 2 2 7 7 0
5 2 1 2 1 7 2 0
7 2 1 2 0 10 1 0
3 2 2 1 2 3 9 0
6 2 1 2 2 9 5 0
9 2 1 3 0 13 1 0
6 2 1 2 0 9 1 0
7 2 2 2 1 10 4 0
3 2 1 1 1 3 9 0
10 1 0 2 0 14 0 1
6 2 1 2 0 8 1 0
4 2 1 2 1 5 3 0
7 1 0 2 0 10 0 1
4 2 1 2 1 4 4 0
3 2 1 1 0 3 1 0
6 2 1 2 1 9 2 0
8 2 0 4 0 12 0 0
8 2 1 3 1 12 2 0
8 2 0 4 0 12 0 0
####
1 0 0 9 0 22 7 0 13 0
2 0 0 9 0 22 7 0 12 0
2 1 0 9 0 22 7 0 13 0
3 0 0 9 0 22 7 0 14 0
3 1 0 9 0 22 7 0 15 0
3 2 0 9 0 22 7 0 14 0
5 0 0 6 0 15 9 0 5 0
5 1 0 6 0 15 9 0 7 0
5 3 0 6 0 15 9 0 8 0
6 0 0 9 0 22 7 0 10 0
6 1 0 9 0 22 7 0 11 0
6 2 0 9 0 22 7 0 10 0
6 3 0 9 0 22 7 0 12 0
6 5 0 6 0 15 9 0 4 0
9 4 0 8 0 20 3 0 9 0
18 13 2 0 2 0 9 2 0 0
24 13 2 5 2 13 12 2 4 1
24 18 2 0 2 0 9 2 0 0
21 7 3 0 5 0 9 2 0 0
23 7 3 0 5 0 9 2 0 0
23 21 3 0 5 0 9 2 0 0
10 8 4 0 8 0 9 4 0 0
11 10 4 0 8 0 9 1 0 0
11 8 4 0 8 0 9 4 0 0
20 14 5 2 11 3 13 4 1 1
20 16 5 0 11 0 10 3 0 0
16 14 5 0 11 0 10 3 0 0
25 14 5 0 11 0 10 2 0 0
25 20 5 0 11 0 10 2 0 0
25 16 5 0 11 0 10 1 0 0
17 12 6 0 15 0 9 4 0 0
22 17 6 0 15 0 9 5 0 0
22 12 6 0 15 0 9 3 0 0
27 26 7 0 18 0 9 9 0 0
28 26 7 0 18 0 9 7 0 0
28 27 7 0 18 0 9 6 0 0
####
11 16 0 7 1 7 2
14 17 0 7 1 9 5
4 8 6 5 3 1 7
27 15 0 4 1 12 2
23 8 0 6 1 4 4
25 12 0 7 1 9 2
4 27 16 5 6 1 7
0 7 5 9 3 0 15
9 18 0 5 1 1 21
15 19 0 2 1 13 1
6 17 15 9 6 0 8
13 21 0 6 1 3 9
2 4 0 8 1 0 13
6 14 11 10 5 0 8
20 26 3 7 2 8 1
16 22 0 7 1 9 1
0 11 8 9 4 0 15
7 10 0 6 1 5 8
9 24 0 5 1 1 21
12 28 0 6 1 10 1
8 25 0 7 1 7 3
1 24 2 9 2 0 21
24 28 13 6 5 3 1
0 25 11 10 5 0 15
3 23 5 9 3 0 22
1 13 2 9 2 0 21
2 20 11 10 5 0 13
2 10 8 9 4 0 13
3 9 0 8 1 0 22
5 21 5 9 3 0 4
21 11 0 6 1 5 3
17 27 0 6 1 10 4
9 13 0 5 1 1 21
13 23 0 6 1 3 9
3 12 15 9 6 0 22
4 15 19 3 7 1 7
18 7 0 6 1 3 9
1 18 2 9 2 0 21
10 14 0 7 1 7 7
10 20 0 7 1 7 7
17 26 0 6 1 10 4
6 16 11 10 5 0 8
