1 0 2 0 1 0 3 0
1 0 4 0 3 0 17 0
1 0 4 0 4 0 12 0
1 0 3 0 3 0 8 0
1 0 3 0 6 0 19 0
1 0 3 0 5 0 10 0
2 1 3 0 2 1 4 0
2 1 3 0 4 1 12 0
3 2 1 1 1 3 3 0
3 2 1 1 1 3 4 0
4 2 1 2 1 5 3 0
6 2 1 2 1 8 4 0
5 2 1 3 0 7 1 0
2 1 2 0 1 1 9 0
5 2 1 2 1 7 2 0
6 2 1 2 0 9 1 0
7 1 0 2 0 10 0 1
8 2 1 2 1 10 2 0
3 2 1 1 1 3 7 0
9 2 1 3 0 13 1 0
4 2 1 2 1 5 6 0
4 2 1 2 1 5 2 0
2 1 0 0 0 1 0 1
5 2 1 2 1 6 5 0
3 2 2 1 0 2 2 0
3 2 0 1 0 3 0 0
2 1 0 0 0 1 0 1
4 1 0 2 0 3 0 1
7 2 1 2 1 9 3 0
6 2 0 3 0 8 0 0
10 2 0 4 0 16 0 0
####
1 0 0 6 0 20 8 0 5 0
2 0 0 6 0 20 8 0 4 0
2 1 0 9 0 24 7 0 15 0
3 1 0 9 0 24 7 0 12 0
3 2 0 9 0 24 7 0 11 0
4 0 0 6 0 20 8 0 6 0
4 1 0 9 0 24 7 0 16 0
4 2 0 9 0 24 7 0 15 0
4 3 0 9 0 24 7 0 12 0
5 0 0 6 0 20 8 0 3 0
5 1 0 9 0 24 7 0 10 0
5 2 0 9 0 24 7 0 9 0
5 3 0 9 0 24 7 0 6 0
5 4 0 9 0 24 7 0 10 0
7 6 0 8 0 19 6 0 2 0
13 6 0 8 0 19 6 0 8 0
13 7 0 8 0 19 6 0 8 0
22 13 1 0 0 0 11 0 0 0
26 13 1 0 0 0 11 0 0 0
26 22 1 0 0 0 11 0 0 0
9 8 2 0 5 0 11 2 0 0
18 9 2 0 5 0 11 1 0 0
24 8 2 0 5 0 11 2 0 0
24 9 2 0 5 0 11 2 0 0
24 18 0 7 0 14 6 0 6 0
25 9 2 0 5 0 11 1 0 0
25 18 2 0 5 0 11 2 0 0
20 10 3 0 10 0 10 3 0 0
21 10 3 0 10 0 10 4 0 0
21 20 3 0 10 0 10 2 0 0
27 10 3 0 10 0 10 4 0 0
27 20 3 0 10 0 10 2 0 0
27 21 3 0 10 0 10 4 0 0
14 12 4 0 14 0 9 6 0 0
23 14 4 0 14 0 9 5 0 0
23 12 4 0 14 0 9 4 0 0
15 11 5 0 17 0 9 7 0 0
29 15 5 0 17 0 9 8 0 0
29 11 5 0 17 0 9 2 0 0
28 16 6 0 20 0 8 9 0 0
####
24 30 14 6 7 2 2
4 7 0 11 1 0 19
2 18 5 11 2 0 12
5 6 0 11 1 0 10
1 26 0 11 1 0 17
11 28 0 5 1 8 4
3 11 17 9 5 0 8
3 21 10 10 3 0 8
15 16 0 5 1 9 1
3 28 20 8 6 0 8
5 8 5 11 2 0 10
0 15 17 9 5 0 3
6 29 12 8 4 1 4
13 25 0 10 1 1 9
24 27 0 9 1 2 2
23 11 0 6 1 6 5
7 24 0 10 1 1 12
2 23 14 9 4 0 12
4 24 5 11 2 0 19
21 12 0 7 1 5 2
18 20 0 9 1 3 7
17 19 0 2 1 10 2
0 25 5 11 2 0 3
1 13 0 11 1 0 17
8 21 0 9 1 3 3
2 10 10 10 3 0 12
9 10 0 9 1 3 4
14 15 0 6 1 7 2
1 9 5 11 2 0 17
12 29 0 6 1 7 1
6 12 9 8 3 1 4
4 20 10 10 3 0 19
2 17 22 7 7 0 12
7 9 0 10 1 1 12
6 19 18 6 7 1 4
20 23 0 7 1 5 6
28 17 0 3 1 9 3
1 22 0 11 1 0 17
5 14 14 9 4 0 10
10 14 0 7 1 5 3
13 18 0 10 1 1 9
7 8 0 10 1 1 12
19 30 0 2 1 13 1
