1 0 2 0 1 0 5 0
1 0 2 0 5 0 23 0
1 0 2 0 4 0 19 0
1 0 3 0 2 0 15 0
1 0 3 0 3 0 17 0
1 0 3 0 3 0 11 0
1 0 4 0 4 0 15 0
9 2 1 2 1 13 7 0
2 1 3 0 5 1 22 0
3 2 2 1 2 3 18 0
5 2 1 2 1 7 11 0
6 2 1 3 2 8 10 0
7 2 1 2 0 13 1 0
11 2 1 2 2 15 5 0
3 2 2 1 1 3 5 0
12 2 2 2 2 16 4 0
4 2 1 2 1 5 3 0
2 1 0 0 0 1 0 1
4 2 1 2 2 5 6 0
7 2 2 2 2 10 9 0
4 2 1 2 1 5 12 0
5 2 2 2 2 6 5 0
6 2 1 4 1 11 2 0
13 2 1 4 0 19 1 0
8 2 0 2 0 14 0 0
8 2 1 2 1 12 8 0
4 2 0 2 0 5 0 0
10 2 1 4 1 14 6 0
13 2 1 2 0 17 1 0
14 1 0 2 0 18 0 1
14 2 0 2 0 20 0 0
####
1 0 0 7 0 14 9 0 11 0
2 0 0 7 0 14 9 0 8 0
2 1 0 13 0 22 9 0 27 0
3 0 0 7 0 14 9 0 4 0
3 1 0 13 0 22 9 0 24 0
3 2 0 13 0 22 9 0 23 0
4 0 0 7 0 14 9 0 7 0
4 1 0 13 0 22 9 0 25 0
4 2 0 13 0 22 9 0 24 0
4 3 0 13 0 22 9 0 21 0
5 1 0 13 0 22 9 0 21 0
5 2 0 13 0 22 9 0 20 0
5 3 0 13 0 22 9 0 17 0
5 4 0 13 0 22 9 0 18 0
6 0 0 7 0 14 9 0 7 0
6 1 0 13 0 22 9 0 20 0
6 2 0 13 0 22 9 0 19 0
6 3 0 13 0 22 9 0 16 0
6 4 0 13 0 22 9 0 17 0
6 5 0 13 0 22 9 0 13 0
14 9 2 5 2 10 11 2 7 1
18 16 3 4 4 6 13 4 5 1
20 16 3 0 4 0 11 4 0 0
20 18 3 10 4 14 13 4 11 1
26 16 3 0 4 0 11 4 0 0
26 18 3 0 4 0 11 4 0 0
26 20 3 0 4 0 11 4 0 0
21 10 4 9 8 12 11 6 9 1
22 11 5 0 10 0 9 10 0 0
19 12 6 0 12 0 9 12 0 0
25 24 7 0 14 0 9 14 0 0
28 23 12 0 20 0 9 24 0 0
30 29 13 0 22 0 9 26 0 0
####
1 21 8 9 4 0 23
4 7 16 8 8 0 17
10 11 0 4 1 7 11
28 29 0 4 1 17 1
4 18 4 11 3 0 17
6 28 20 9 12 0 15
5 13 18 8 10 0 11
5 19 12 9 6 0 11
8 9 0 4 1 1 22
0 16 4 11 3 0 5
14 26 0 6 1 3 5
6 24 14 9 7 0 15
5 26 4 11 3 0 11
9 18 0 6 1 3 18
11 19 0 4 1 8 10
6 14 2 9 2 0 15
8 14 0 4 1 1 22
23 30 0 4 1 19 1
15 23 0 3 1 16 4
2 9 2 9 2 0 19
3 20 4 11 3 0 15
12 24 0 4 1 13 1
0 17 0 9 1 0 5
16 22 2 6 2 5 3
6 25 14 9 7 0 15
19 25 0 4 1 10 9
4 10 8 9 4 0 17
9 20 0 6 1 3 18
7 27 0 2 1 13 7
8 11 8 4 4 1 22
21 23 10 4 8 6 5
13 15 0 2 1 15 5
3 30 22 9 13 0 15
25 7 0 3 1 12 8
27 13 0 2 1 14 6
20 10 0 6 1 5 12
18 21 0 6 1 5 6
3 12 12 9 6 0 15
14 16 0 6 1 3 5
21 22 0 4 1 6 5
22 12 0 4 1 11 2
19 27 3 3 3 10 9
15 28 0 3 1 16 4
1 8 0 9 1 0 23
2 15 19 8 11 0 19
