1 0 3 0 6 0 23 0
1 0 3 0 5 0 9 0
8 2 1 2 0 11 1 0
1 0 3 0 4 0 14 0
1 0 3 0 2 0 10 0
1 0 3 0 2 0 10 0
6 2 1 2 1 8 6 0
2 1 3 0 2 1 6 0
1 0 3 0 3 0 15 0
2 1 3 0 2 1 12 0
6 2 1 2 1 8 3 0
2 1 2 0 2 1 15 0
3 2 1 1 0 3 1 0
3 2 1 1 1 2 8 0
5 2 1 2 1 6 6 0
3 2 2 1 1 3 13 0
3 2 0 2 0 4 0 0
11 2 0 4 0 20 0 0
4 2 1 2 2 4 12 0
7 2 1 3 1 13 5 0
2 1 0 0 0 1 0 1
10 1 0 2 0 19 0 1
8 2 1 2 2 15 4 0
9 1 0 2 0 12 0 1
9 2 2 3 1 18 3 0
10 2 1 2 0 19 1 0
4 2 0 2 0 5 0 0
5 2 2 2 2 6 11 0
7 2 1 2 1 9 2 0
3 1 0 1 0 2 0 1
4 2 1 2 1 4 7 0
3 1 0 1 0 2 0 1
####
1 0 0 10 0 25 7 0 16 0
3 0 0 10 0 25 7 0 21 0
3 1 0 10 0 25 7 0 11 0
4 0 0 10 0 25 7 0 16 0
4 1 0 10 0 25 7 0 6 0
4 3 0 10 0 25 7 0 11 0
5 0 0 10 0 25 7 0 19 0
5 1 0 10 0 25 7 0 9 0
5 3 0 10 0 25 7 0 14 0
5 4 0 10 0 25 7 0 9 0
8 0 0 10 0 25 7 0 21 0
8 1 0 10 0 25 7 0 11 0
8 3 0 10 0 25 7 0 16 0
8 4 0 10 0 25 7 0 11 0
8 5 0 10 0 25 7 0 14 0
9 7 0 9 0 21 5 0 9 0
11 7 0 9 0 21 5 0 10 0
11 9 1 9 0 21 11 0 15 1
13 12 2 0 4 0 12 2 0 0
15 12 2 0 4 0 12 2 0 0
15 13 2 8 4 15 13 2 13 1
16 12 2 0 4 0 12 2 0 0
16 13 2 0 4 0 12 2 0 0
16 15 2 0 4 0 12 2 0 0
29 16 2 0 4 0 12 2 0 0
31 12 2 0 4 0 12 2 0 0
31 13 2 0 4 0 12 2 0 0
31 15 2 0 4 0 12 2 0 0
31 16 2 0 4 0 12 2 0 0
26 18 3 0 10 0 9 4 0 0
30 18 3 7 10 12 10 4 11 1
30 26 3 0 10 0 9 4 0 0
27 14 4 6 13 10 9 6 9 1
10 6 5 0 15 0 8 8 0 0
28 19 6 0 17 0 8 14 0 0
22 2 7 0 19 0 8 16 0 0
24 23 8 0 21 0 8 18 0 0
25 21 9 0 23 0 8 24 0 0
####
11 16 0 10 1 1 15
5 6 15 8 5 0 10
27 6 0 4 1 6 11
7 16 0 10 1 1 6
4 22 19 8 7 0 10
3 28 17 8 6 0 14
19 22 0 4 1 13 5
13 30 0 9 1 2 8
7 29 0 10 1 1 6
1 2 19 8 7 0 9
1 25 23 8 9 0 9
5 12 4 12 2 0 10
7 24 17 6 7 1 6
18 27 0 5 1 4 12
8 20 0 10 1 0 15
2 23 0 4 1 11 1
28 2 0 4 1 9 2
27 10 0 4 1 6 11
0 11 0 10 1 0 23
15 18 0 9 1 3 13
3 27 13 8 4 0 14
8 15 4 12 2 0 15
4 10 15 8 5 0 10
22 24 0 4 1 15 4
30 14 0 5 1 4 7
14 19 2 4 2 6 6
3 30 10 9 3 0 14
9 31 0 10 1 1 12
10 28 0 4 1 8 3
15 17 15 7 8 3 13
6 19 0 4 1 8 6
9 13 0 10 1 1 12
25 17 0 3 1 19 1
12 26 0 9 1 3 1
0 13 4 12 2 0 23
24 25 0 4 1 18 3
5 14 13 8 4 0 10
4 26 10 9 3 0 10
8 18 10 9 3 0 15
1 7 0 10 1 0 9
0 9 0 10 1 0 23
11 15 0 10 1 1 15
24 21 0 4 1 18 3
9 12 0 10 1 1 12
