1 0 2 0 2 0 9 0
1 0 3 0 2 0 4 0
1 0 3 0 3 0 7 0
2 1 2 0 2 1 7 0
2 1 0 0 0 1 0 1
3 2 1 1 1 3 4 0
4 2 1 2 1 4 3 0
5 2 1 2 1 6 2 0
6 2 1 2 0 7 1 0
7 1 0 2 0 8 0 1
3 2 1 1 0 3 1 0
4 2 0 2 0 5 0 0
####
1 0 0 6 0 8 4 0 7 0
2 0 0 6 0 8 4 0 9 0
2 1 0 6 0 8 4 0 6 0
4 3 1 0 0 0 5 0 0 0
10 5 2 0 2 0 5 2 0 0
11 6 3 0 4 0 5 4 0 0
####
2 6 4 5 3 0 7
10 11 0 4 1 3 1
6 7 0 3 1 4 3
5 6 0 4 1 3 4
3 10 0 4 1 1 7
2 10 2 5 2 0 7
8 9 0 2 1 7 1
1 8 7 4 5 0 4
2 5 2 5 2 0 7
0 4 0 5 1 0 9
1 7 6 4 4 0 4
0 3 0 5 1 0 9
1 11 4 5 3 0 4
7 8 0 2 1 6 2
3 5 0 4 1 1 7
