1 0 4 0 5 0 15 0
1 0 3 0 3 0 17 0
1 0 3 0 4 0 20 0
2 1 2 0 3 1 19 0
1 0 4 0 2 0 8 0
1 0 3 0 4 0 8 0
10 2 1 2 1 13 3 0
3 1 2 1 3 2 18 0
6 2 1 2 1 7 5 0
2 1 0 0 0 1 0 1
8 2 1 2 1 9 5 0
4 2 2 1 3 4 15 0
8 2 1 2 1 11 3 0
11 2 1 4 1 18 2 0
5 2 2 2 3 6 10 0
6 2 1 2 1 7 7 0
6 2 2 2 0 8 2 0
4 2 1 2 0 3 1 0
2 1 0 0 0 1 0 1
13 2 0 4 0 21 0 0
7 2 1 2 1 9 4 0
7 2 1 2 1 8 6 0
7 2 0 2 0 10 0 0
5 2 1 2 1 6 6 0
9 2 1 2 1 11 4 0
5 1 0 2 0 4 0 1
12 2 1 2 0 19 1 0
####
1 0 0 12 0 21 6 0 27 0
2 0 0 12 0 21 6 0 29 0
2 1 0 12 0 21 6 0 30 0
4 0 0 12 0 21 6 0 18 0
4 1 0 12 0 21 6 0 19 0
4 2 0 12 0 21 6 0 21 0
5 0 0 12 0 21 6 0 19 0
5 1 0 12 0 21 6 0 20 0
5 2 0 12 0 21 6 0 22 0
5 4 0 12 0 21 6 0 11 0
17 11 3 0 4 0 7 4 0 0
23 14 4 8 6 12 9 0 13 1
25 14 4 0 6 0 8 6 0 0
25 23 4 0 6 0 8 6 0 0
15 8 5 7 9 9 9 2 10 1
16 15 5 7 9 9 9 2 6 1
16 8 5 7 9 9 9 2 4 1
21 20 6 6 12 6 9 4 8 1
22 21 6 0 12 0 8 4 0 0
22 20 6 0 12 0 8 4 0 0
12 10 7 5 15 4 8 6 6 1
####
5 6 18 6 9 0 8
0 14 6 8 4 0 15
1 26 20 6 11 0 17
2 8 9 8 5 0 20
23 8 0 6 1 6 6
13 26 0 2 1 18 2
11 23 0 5 1 4 15
4 12 15 7 7 0 8
17 25 0 5 1 3 1
4 22 12 8 6 0 8
11 14 0 5 1 4 15
7 11 0 3 1 2 18
3 7 0 4 1 1 19
3 17 1 5 2 1 19
1 11 4 7 3 0 17
20 12 0 5 1 9 4
4 9 0 8 1 0 8
0 21 12 8 6 0 15
0 15 9 8 5 0 15
12 13 2 3 3 11 3
8 20 0 6 1 7 5
16 22 0 6 1 8 2
4 24 17 6 8 0 8
24 6 0 2 1 11 4
2 10 15 7 7 0 20
10 24 0 3 1 9 5
2 3 0 8 1 0 20
14 15 0 6 1 6 10
16 19 9 4 7 8 2
0 23 6 8 4 0 15
14 16 0 6 1 6 10
5 16 9 8 5 0 8
15 21 0 6 1 7 7
1 18 0 8 1 0 17
5 20 12 8 6 0 8
21 10 0 5 1 8 6
6 13 0 2 1 13 3
7 17 0 3 1 2 18
26 19 0 2 1 19 1
