1 0 3 0 2 0 12 0
1 0 2 0 3 0 8 0
1 0 3 0 2 0 6 0
1 0 2 0 2 0 7 0
1 0 1 0 0 0 1 0
1 0 2 0 2 0 9 0
1 0 2 0 1 0 3 0
1 0 3 0 2 0 9 0
1 0 3 0 0 0 3 0
2 1 1 0 1 1 4 0
6 2 1 2 1 9 3 0
4 2 1 2 1 6 2 0
4 2 1 2 1 5 5 0
2 2 0 0 0 2 0 0
8 2 1 2 0 11 1 0
2 1 1 0 1 1 7 0
2 1 2 0 2 1 7 0
2 1 0 0 0 1 0 1
3 2 1 1 1 2 2 0
2 1 0 0 0 1 0 1
2 2 0 0 0 2 0 0
5 2 1 2 0 8 1 0
6 1 0 2 0 9 0 1
5 1 0 2 0 5 0 1
2 1 0 0 0 1 0 1
3 2 1 1 1 3 6 0
3 2 1 2 1 4 3 0
9 2 0 2 0 13 0 0
4 2 1 2 0 4 1 0
5 2 1 2 1 7 4 0
7 2 1 2 1 10 2 0
####
1 0 0 5 0 17 11 0 6 0
2 0 0 8 0 21 10 0 11 0
3 0 0 8 0 21 10 0 13 0
3 2 0 8 0 21 10 0 10 0
5 0 0 8 0 21 10 0 10 0
5 1 0 5 0 17 11 0 8 0
5 2 0 8 0 21 10 0 7 0
5 3 0 8 0 21 10 0 9 0
6 0 0 8 0 21 10 0 7 0
6 1 0 4 0 14 12 0 4 0
6 2 0 8 0 21 10 0 4 0
6 3 0 8 0 21 10 0 6 0
6 5 0 8 0 21 10 0 3 0
7 0 0 8 0 21 10 0 12 0
7 1 0 5 0 17 11 0 5 0
7 2 0 8 0 21 10 0 9 0
7 3 0 8 0 21 10 0 11 0
7 5 0 8 0 21 10 0 8 0
7 6 0 8 0 21 10 0 5 0
8 0 0 1 0 0 17 0 0 0
8 2 0 1 0 0 17 0 0 0
16 9 0 4 0 9 10 0 6 0
17 13 1 0 0 0 17 0 0 0
20 13 1 0 0 0 17 0 0 0
20 15 1 0 0 0 17 0 0 0
20 17 1 0 0 0 17 0 0 0
26 18 2 0 8 0 12 2 0 0
12 11 3 0 11 0 12 2 0 0
28 11 3 0 11 0 12 4 0 0
23 21 4 0 14 0 12 6 0 0
29 21 4 0 14 0 12 4 0 0
22 10 5 0 17 0 11 6 0 0
####
9 26 0 11 1 1 4
5 9 0 17 1 0 9
2 29 14 12 4 0 6
7 21 14 12 4 0 9
8 13 0 17 1 0 3
3 25 8 12 2 0 7
0 20 0 17 1 0 12
7 12 11 12 3 0 9
6 28 11 12 3 0 3
25 12 0 6 1 3 6
26 11 0 6 1 4 3
10 30 0 3 1 9 3
0 15 0 17 1 0 12
4 19 0 17 1 0 1
1 16 0 17 1 0 8
28 23 0 6 1 4 1
7 24 0 17 1 0 9
8 20 0 17 1 0 3
14 27 0 2 1 11 1
2 13 0 17 1 0 6
0 11 11 12 3 0 12
16 18 0 11 1 1 7
30 14 0 2 1 10 2
15 25 0 11 1 1 7
3 30 19 10 6 0 7
18 28 0 6 1 2 2
16 26 0 11 1 1 7
11 21 0 6 1 6 2
8 17 0 17 1 0 3
12 29 0 6 1 5 5
2 14 20 10 7 0 6
5 10 17 11 5 0 9
21 22 0 5 1 8 1
29 10 0 5 1 7 4
1 18 8 12 2 0 8
6 27 21 10 8 0 3
