1 0 4 0 5 0 13 0
1 0 3 0 4 0 14 0
1 0 2 0 3 0 14 0
2 1 2 0 1 1 6 0
3 2 2 2 2 4 9 0
1 0 1 0 1 0 2 0
1 0 1 0 2 0 11 0
1 0 4 0 2 0 10 0
6 2 1 4 1 10 8 0
3 2 1 1 2 3 11 0
9 2 1 3 2 15 5 0
4 2 2 2 2 5 10 0
10 2 2 2 2 16 4 0
2 2 1 0 0 2 1 0
2 1 1 0 1 1 12 0
2 1 0 0 0 1 0 1
7 2 1 4 1 11 7 0
11 2 1 3 0 17 1 0
5 2 1 2 1 6 9 0
11 2 1 4 0 17 1 0
12 1 0 2 0 18 0 1
3 2 0 2 0 3 0 0
12 2 0 3 0 18 0 0
8 2 1 2 1 13 6 0
2 2 2 0 3 2 10 0
2 1 0 0 0 1 0 1
####
1 0 0 11 0 18 8 0 20 0
2 0 0 11 0 18 8 0 20 0
2 1 0 11 0 18 8 0 22 0
6 0 0 11 0 18 8 0 17 0
6 1 0 11 0 18 8 0 19 0
6 2 0 11 0 18 8 0 19 0
7 0 0 11 0 18 8 0 13 0
7 1 0 11 0 18 8 0 15 0
7 2 0 11 0 18 8 0 15 0
7 5 0 2 0 6 9 0 2 0
7 6 0 11 0 18 8 0 12 0
14 3 0 10 0 12 8 0 12 0
15 3 1 0 0 0 12 0 0 0
24 3 0 10 0 12 8 0 10 0
24 14 0 10 0 12 8 0 16 0
25 13 1 0 0 0 12 0 0 0
9 4 2 9 6 9 11 1 14 1
19 17 10 0 16 0 8 16 0 0
22 20 11 0 18 0 8 18 0 0
####
11 16 2 2 3 5 10
7 21 6 9 2 0 10
4 8 2 4 3 4 9
5 13 0 12 1 0 2
17 20 0 4 1 17 1
24 4 0 9 1 2 10
7 25 0 12 1 0 10
6 24 0 12 1 0 11
19 22 0 4 1 17 1
18 8 0 2 1 6 9
14 9 0 9 1 1 12
0 3 0 12 1 0 13
13 21 0 9 1 2 1
2 9 6 9 2 0 14
0 15 0 12 1 0 13
3 10 8 7 7 1 6
1 14 0 12 1 0 14
10 12 0 2 1 15 5
0 11 9 7 3 0 13
9 11 0 4 1 3 11
12 17 0 3 1 16 4
11 18 0 2 1 5 10
8 16 0 2 1 10 8
7 23 13 7 7 0 10
24 19 10 8 9 2 10
23 10 0 2 1 13 6
0 18 10 7 4 0 13
1 4 6 9 2 0 14
16 23 0 2 1 11 7
2 24 0 12 1 0 14
1 12 15 7 9 0 14
3 22 12 8 10 1 6
7 13 0 12 1 0 10
4 17 7 5 8 4 9
12 19 0 3 1 16 4
