1 0 4 0 2 0 8 0
1 0 3 0 2 0 11 0
1 0 4 0 4 0 12 0
1 0 3 0 4 0 13 0
1 0 3 0 4 0 19 0
2 1 1 0 1 1 12 0
6 2 1 2 2 7 8 0
4 2 1 2 2 5 8 0
7 2 2 4 2 12 7 0
3 2 1 1 1 3 11 0
4 2 1 2 1 4 10 0
2 1 2 0 3 1 13 0
2 1 0 0 0 1 0 1
8 2 1 2 1 13 4 0
8 2 1 2 0 14 1 0
9 2 1 2 1 15 3 0
3 2 1 1 0 3 1 0
4 1 0 2 0 4 0 1
10 2 1 2 1 16 2 0
12 1 0 2 0 18 0 1
3 2 2 1 1 3 10 0
4 2 0 2 0 5 0 0
5 2 1 2 1 6 9 0
11 2 1 2 0 17 1 0
9 2 0 2 0 15 0 0
####
1 0 0 11 0 19 6 0 9 0
2 0 0 11 0 19 6 0 12 0
2 1 0 11 0 19 6 0 15 0
3 0 0 11 0 19 6 0 12 0
3 1 0 11 0 19 6 0 15 0
3 2 0 11 0 19 6 0 18 0
4 0 0 11 0 19 6 0 16 0
4 1 0 11 0 19 6 0 19 0
4 2 0 11 0 19 6 0 22 0
4 3 0 11 0 19 6 0 22 0
11 5 1 10 0 16 9 0 16 1
16 9 2 0 3 0 8 2 0 0
20 9 2 9 3 13 9 2 14 1
20 16 2 0 3 0 8 2 0 0
10 7 3 8 6 9 10 4 12 1
17 10 3 0 6 0 9 4 0 0
17 7 3 0 6 0 9 1 0 0
21 10 3 0 6 0 9 4 0 0
21 17 3 0 6 0 9 4 0 0
21 7 3 0 6 0 9 2 0 0
14 13 7 0 13 0 7 4 0 0
24 15 8 0 15 0 7 1 0 0
####
11 16 0 6 1 1 13
5 9 0 6 1 1 12
8 13 0 3 1 12 7
0 14 13 7 7 0 8
20 7 0 7 1 3 10
22 6 0 2 1 6 9
18 23 0 2 1 16 2
8 14 0 3 1 12 7
16 17 0 7 1 3 1
0 21 6 9 3 0 8
2 9 3 8 2 0 12
0 15 15 7 8 0 8
20 21 0 7 1 3 10
1 16 3 8 2 0 11
3 20 3 8 2 0 13
2 23 18 6 10 0 12
2 13 13 7 7 0 12
15 18 0 3 1 15 3
10 22 0 5 1 4 10
1 24 15 7 8 0 11
4 5 0 8 1 0 19
13 15 0 4 1 13 4
14 24 0 4 1 14 1
2 10 6 9 3 0 12
9 10 0 7 1 3 11
0 12 0 8 1 0 8
4 11 0 8 1 0 19
23 19 0 2 1 17 1
6 8 0 2 1 7 8
3 22 10 6 4 0 13
4 6 11 6 5 0 19
3 18 17 6 9 0 13
11 20 0 6 1 1 13
1 7 6 9 3 0 11
7 8 2 5 3 5 8
