1 0 3 0 3 0 6 0
1 0 3 0 3 0 7 0
1 0 4 0 3 0 14 0
1 0 4 0 6 0 24 0
6 2 1 2 1 9 3 0
1 0 2 0 3 0 11 0
2 1 3 0 4 1 12 0
1 0 3 0 1 0 7 0
2 1 2 0 1 1 7 0
6 2 1 2 1 9 2 0
8 2 1 3 0 11 1 0
6 2 1 2 0 8 1 0
7 2 0 2 0 9 0 0
2 1 2 0 3 1 14 0
3 2 1 1 1 3 2 0
3 2 2 1 3 3 10 0
4 2 1 2 0 4 1 0
4 2 2 3 2 5 5 0
4 2 1 2 1 5 3 0
2 1 0 0 0 1 0 1
5 2 1 2 1 7 4 0
7 2 1 4 1 10 2 0
9 2 0 2 0 13 0 0
8 1 0 2 0 11 0 1
5 2 0 2 0 6 0 0
5 2 1 2 1 7 2 0
3 2 1 1 1 3 5 0
4 2 1 2 1 5 4 0
3 1 0 1 0 2 0 1
5 2 1 2 1 7 3 0
7 2 1 2 0 10 1 0
####
2 0 0 7 0 22 8 0 5 0
2 1 0 8 0 24 7 0 7 0
3 0 0 7 0 22 8 0 9 0
3 1 0 8 0 24 7 0 11 0
3 2 0 8 0 24 7 0 12 0
5 0 0 6 0 19 9 0 6 0
5 1 0 8 0 24 7 0 9 0
5 2 0 8 0 24 7 0 10 0
5 3 0 8 0 24 7 0 14 0
7 0 0 7 0 22 8 0 6 0
7 1 0 8 0 24 7 0 3 0
7 2 0 8 0 24 7 0 4 0
7 3 0 8 0 24 7 0 8 0
7 5 0 8 0 24 7 0 6 0
8 6 1 6 0 18 12 0 10 1
13 6 1 7 0 20 11 0 11 1
13 8 1 0 0 0 10 0 0 0
15 14 2 0 4 0 10 2 0 0
26 14 2 0 4 0 10 3 0 0
26 15 2 0 4 0 10 3 0 0
28 14 2 0 4 0 10 2 0 0
28 15 2 0 4 0 10 2 0 0
28 26 2 0 4 0 10 3 0 0
17 16 3 0 8 0 10 5 0 0
18 16 3 0 8 0 10 4 0 0
18 17 3 0 8 0 10 5 0 0
27 16 3 0 8 0 10 5 0 0
27 17 3 0 8 0 10 6 0 0
27 18 3 0 8 0 10 5 0 0
24 20 4 0 12 0 10 7 0 0
25 20 4 0 12 0 10 1 0 0
25 24 4 0 12 0 10 6 0 0
29 20 4 0 12 0 10 0 0 0
29 24 4 0 12 0 10 7 0 0
29 25 4 0 12 0 10 1 0 0
11 4 5 0 16 0 9 3 0 0
11 9 5 0 16 0 9 1 0 0
9 4 5 0 16 0 9 2 0 0
21 12 6 0 19 0 9 5 0 0
30 21 6 0 19 0 9 4 0 0
30 12 6 0 19 0 9 3 0 0
23 10 7 0 22 0 8 6 0 0
####
2 29 12 10 4 0 14
2 18 8 10 3 0 14
29 9 0 7 1 7 3
17 20 0 8 1 5 5
8 28 0 8 1 1 7
6 17 4 8 2 1 12
16 24 0 8 1 4 1
27 29 0 8 1 5 4
2 19 0 10 1 0 14
1 16 8 10 3 0 7
6 10 18 6 6 1 12
7 24 12 10 4 0 7
30 23 0 5 1 10 1
1 14 4 10 2 0 7
3 6 0 10 1 0 24
15 18 0 8 1 3 10
10 22 0 3 1 11 1
20 4 0 7 1 7 4
25 11 0 7 1 7 2
3 13 0 10 1 0 24
0 25 12 10 4 0 6
7 27 8 10 3 0 7
5 11 16 9 5 0 11
13 15 0 8 1 1 14
4 21 0 6 1 9 3
2 20 12 10 4 0 14
1 4 16 9 5 0 7
5 15 4 10 2 0 11
0 30 19 9 6 0 6
7 22 24 7 8 0 7
6 26 0 8 1 1 12
11 12 0 6 1 8 1
8 26 0 8 1 1 7
15 17 0 8 1 3 10
3 12 19 9 6 0 24
26 27 0 8 1 3 5
18 25 0 8 1 5 3
14 16 0 8 1 3 2
13 14 0 8 1 1 14
3 8 0 10 1 0 24
17 21 7 7 3 5 5
9 30 0 6 1 9 2
21 10 0 5 1 10 2
0 9 16 9 5 0 6
