1 0 4 0 3 0 14 0
6 2 1 2 0 8 1 0
1 0 3 0 5 0 19 0
1 0 2 0 1 0 4 0
1 0 4 0 4 0 9 0
1 0 1 0 1 0 3 0
1 0 2 0 3 0 10 0
2 1 3 0 2 1 11 0
4 2 1 2 1 5 5 0
5 2 1 2 1 6 4 0
9 2 0 2 0 14 0 0
2 1 0 0 0 1 0 1
6 2 1 2 1 8 3 0
7 2 1 2 1 10 2 0
3 2 1 1 2 3 6 0
4 2 2 2 2 5 5 0
2 1 2 0 1 1 8 0
3 2 1 1 1 3 2 0
8 2 1 4 0 13 1 0
3 2 0 1 0 2 0 0
5 2 1 2 0 7 1 0
3 2 1 1 1 3 6 0
7 1 0 2 0 9 0 1
6 1 0 2 0 8 0 1
5 2 1 2 1 7 2 0
3 1 0 1 0 2 0 1
####
2 0 0 8 0 19 7 0 15 0
3 0 0 8 0 19 7 0 8 0
3 2 0 8 0 19 7 0 11 0
4 0 0 8 0 19 7 0 12 0
4 2 0 8 0 19 7 0 15 0
4 3 0 8 0 19 7 0 8 0
5 0 0 6 0 16 8 0 6 0
5 2 0 6 0 16 8 0 7 0
6 0 0 8 0 19 7 0 9 0
6 2 0 8 0 19 7 0 12 0
6 3 0 8 0 19 7 0 5 0
6 4 0 8 0 19 7 0 9 0
6 5 0 6 0 16 8 0 5 0
16 7 1 7 0 16 10 0 8 1
17 14 2 0 3 0 11 2 0 0
19 14 2 0 3 0 11 2 0 0
19 17 2 0 3 0 11 2 0 0
21 14 2 0 3 0 11 0 0 0
21 17 2 6 3 11 12 2 6 1
21 19 2 0 3 0 11 2 0 0
25 14 2 0 3 0 11 2 0 0
25 17 2 0 3 0 11 2 0 0
25 19 2 0 3 0 11 2 0 0
25 21 2 0 3 0 11 2 0 0
15 8 3 0 8 0 8 2 0 0
20 9 4 0 10 0 9 4 0 0
24 20 4 0 10 0 9 4 0 0
24 9 4 0 10 0 9 4 0 0
12 1 5 0 13 0 9 6 0 0
23 12 5 0 13 0 9 6 0 0
23 1 5 0 13 0 9 6 0 0
22 13 6 0 16 0 8 8 0 0
####
4 8 8 8 3 0 9
15 20 0 5 1 5 5
0 14 3 11 2 0 14
3 11 0 9 1 0 4
7 25 0 8 1 1 11
8 9 0 5 1 5 5
16 21 0 8 1 1 8
0 10 19 7 8 0 14
2 19 3 11 2 0 19
4 9 10 9 4 0 9
0 21 3 11 2 0 14
12 13 0 5 1 8 3
21 8 0 7 1 3 6
24 1 0 6 1 7 2
6 15 8 8 3 0 10
2 16 0 9 1 0 19
7 14 0 8 1 1 11
3 13 16 8 6 0 4
5 24 10 9 4 0 3
14 15 0 7 1 3 6
6 12 13 9 5 0 10
16 19 0 8 1 1 8
4 20 10 9 4 0 9
18 10 0 2 1 13 1
17 18 10 6 5 3 2
0 1 13 9 5 0 14
2 7 0 9 1 0 19
20 23 0 6 1 7 1
1 22 0 5 1 8 1
15 24 0 5 1 5 5
4 17 3 11 2 0 9
13 18 0 3 1 10 2
7 17 0 8 1 1 11
9 12 0 6 1 6 4
