1 0 3 0 4 0 12 0
1 0 4 0 5 0 19 0
1 0 2 0 1 0 5 0
1 0 3 0 3 0 6 0
1 0 4 0 4 0 11 0
6 2 1 2 1 8 3 0
2 1 2 0 0 1 2 0
2 1 2 0 0 1 2 0
4 2 1 2 2 5 4 0
1 0 3 0 2 0 12 0
3 1 0 1 0 2 0 1
6 2 1 2 0 7 1 0
4 2 1 2 1 4 5 0
2 1 3 0 5 1 16 0
7 2 1 4 1 13 2 0
4 2 1 2 1 4 5 0
2 1 0 0 0 1 0 1
2 1 0 0 0 1 0 1
5 2 1 2 1 6 4 0
9 1 0 2 0 16 0 1
6 2 1 2 1 8 3 0
7 2 0 2 0 9 0 0
6 2 0 3 0 9 0 0
8 2 1 2 0 15 1 0
2 2 0 0 0 2 0 0
5 2 2 3 1 6 3 0
3 2 1 1 1 3 5 0
5 2 1 2 1 6 4 0
3 1 0 1 0 2 0 1
3 2 2 1 2 2 9 0
3 1 0 1 0 2 0 1
####
1 0 0 8 0 24 7 0 18 0
2 0 0 8 0 24 7 0 11 0
2 1 0 8 0 24 7 0 13 0
3 0 0 8 0 24 7 0 9 0
3 1 0 8 0 24 7 0 11 0
3 2 0 8 0 24 7 0 4 0
4 0 0 8 0 24 7 0 13 0
4 1 0 8 0 24 7 0 15 0
4 2 0 8 0 24 7 0 8 0
4 3 0 8 0 24 7 0 6 0
9 0 0 8 0 24 7 0 12 0
9 1 0 8 0 24 7 0 14 0
9 2 0 8 0 24 7 0 7 0
9 3 0 8 0 24 7 0 5 0
9 4 0 8 0 24 7 0 9 0
13 7 0 4 0 11 10 0 3 0
16 13 1 0 0 0 12 0 0 0
24 13 1 0 0 0 12 0 0 0
24 16 1 0 0 0 12 0 0 0
29 26 2 0 6 0 11 2 0 0
30 10 2 0 6 0 11 2 0 0
12 8 3 0 11 0 9 4 0 0
15 8 3 0 11 0 9 4 0 0
15 12 3 5 11 10 10 0 8 1
25 18 4 0 14 0 9 6 0 0
27 25 4 0 14 0 9 6 0 0
27 18 4 4 14 7 10 2 6 1
11 5 5 0 17 0 10 8 0 0
22 11 5 0 17 0 10 8 0 0
22 20 5 0 17 0 10 3 0 0
22 5 5 0 17 0 10 3 0 0
20 11 5 0 17 0 10 8 0 0
20 5 5 3 17 3 11 4 4 1
21 14 6 0 21 0 8 13 0 0
####
9 26 6 11 2 0 12
15 27 0 6 1 4 5
4 8 11 9 3 0 11
4 18 14 9 4 0 11
13 26 0 11 1 1 16
0 7 0 12 1 0 12
3 21 21 8 6 0 6
1 29 6 11 2 0 19
0 15 11 9 3 0 12
13 25 8 9 3 1 16
1 16 0 12 1 0 19
6 10 0 11 1 1 2
26 8 0 8 1 3 5
29 12 0 8 1 2 9
13 29 0 11 1 1 16
3 6 0 12 1 0 6
27 5 0 7 1 6 4
7 28 0 11 1 1 2
9 24 0 12 1 0 12
25 22 0 7 1 6 3
18 20 0 7 1 6 4
14 23 0 3 1 13 2
8 25 0 6 1 5 4
1 24 0 12 1 0 19
25 11 0 7 1 6 3
4 5 17 10 5 0 11
3 23 23 7 7 0 6
1 13 0 12 1 0 19
2 20 17 10 5 0 5
0 12 11 9 3 0 12
6 30 0 11 1 1 2
12 18 0 6 1 4 5
11 21 0 6 1 7 1
7 22 11 10 4 1 2
29 15 0 8 1 2 9
20 14 0 6 1 8 3
4 11 17 10 5 0 11
2 17 0 12 1 0 5
23 19 0 2 1 15 1
9 27 14 9 4 0 12
5 14 0 6 1 8 3
