1 0 2 0 2 0 9 0
1 0 1 0 2 0 6 0
1 0 1 0 1 0 2 0
1 0 4 0 3 0 11 0
1 0 2 0 4 0 10 0
1 0 2 0 2 0 6 0
2 1 0 0 0 1 0 1
2 1 3 0 2 1 9 0
1 0 3 0 2 0 8 0
3 1 0 1 0 2 0 1
2 2 2 0 1 2 5 0
3 2 0 3 0 5 0 0
2 1 0 0 0 1 0 1
6 2 1 2 0 13 1 0
2 1 1 0 1 1 3 0
3 2 2 1 2 3 6 0
4 2 1 2 0 5 1 0
4 2 1 2 1 5 3 0
4 2 1 2 0 5 1 0
7 2 0 2 0 14 0 0
5 1 0 2 0 6 0 1
2 2 1 0 1 2 4 0
3 2 1 1 1 3 2 0
3 2 1 3 1 5 3 0
5 1 0 2 0 6 0 1
5 2 1 4 1 12 2 0
####
1 0 0 6 0 18 8 0 8 0
3 0 0 6 0 18 8 0 8 0
3 1 0 6 0 18 8 0 8 0
3 2 0 4 0 14 10 0 3 0
4 0 0 6 0 18 8 0 9 0
4 1 0 6 0 18 8 0 9 0
4 2 0 4 0 14 10 0 4 0
4 3 0 6 0 18 8 0 9 0
5 0 0 6 0 18 8 0 7 0
5 1 0 6 0 18 8 0 7 0
5 3 0 6 0 18 8 0 7 0
5 4 0 6 0 18 8 0 8 0
8 0 0 6 0 18 8 0 9 0
8 1 0 6 0 18 8 0 9 0
8 3 0 6 0 18 8 0 9 0
8 4 0 6 0 18 8 0 10 0
8 5 0 6 0 18 8 0 8 0
10 7 0 5 0 12 7 0 7 0
12 10 1 0 0 0 13 0 0 0
21 7 0 5 0 12 7 0 7 0
21 10 1 5 0 12 14 0 6 1
21 12 1 0 0 0 13 0 0 0
21 14 1 0 0 0 13 0 0 0
11 9 2 0 6 0 12 2 0 0
15 9 2 0 6 0 12 2 0 0
15 11 2 0 6 0 12 2 0 0
22 15 2 0 6 0 12 0 0 0
23 11 2 0 6 0 12 2 0 0
23 15 0 4 0 7 6 0 5 0
23 22 2 0 6 0 12 2 0 0
17 16 3 0 11 0 10 2 0 0
18 17 3 0 11 0 10 2 0 0
18 16 3 0 11 0 10 2 0 0
24 20 4 0 14 0 10 4 0 0
25 20 4 0 14 0 10 5 0 0
25 24 4 0 14 0 10 4 0 0
####
3 15 6 12 2 0 11
4 7 0 13 1 0 10
10 11 0 11 1 2 5
2 18 11 10 3 0 2
0 14 0 13 1 0 9
17 25 0 6 1 5 3
7 11 0 11 1 1 9
14 22 0 11 1 1 3
0 21 0 13 1 0 9
7 15 0 11 1 1 9
22 16 0 8 1 3 2
8 10 0 13 1 0 8
4 13 17 8 5 0 10
3 6 0 13 1 0 11
15 18 0 8 1 3 6
1 10 0 13 1 0 6
23 25 3 8 2 5 3
5 17 11 10 3 0 6
18 24 0 6 1 5 1
21 23 0 11 1 2 4
8 21 0 13 1 0 8
3 19 18 8 6 0 11
13 19 0 2 1 13 1
10 23 0 11 1 2 5
7 9 0 11 1 1 9
15 17 0 8 1 3 6
5 16 11 10 3 0 6
8 12 0 13 1 0 8
3 22 6 12 2 0 11
25 13 0 4 1 12 2
16 20 0 6 1 5 1
