1 0 3 0 2 0 6 0
1 0 2 0 3 0 10 0
1 0 2 0 2 0 10 0
1 0 3 0 2 0 7 0
1 0 2 0 1 0 3 0
1 0 2 0 2 0 4 0
2 1 0 0 0 1 0 1
1 0 3 0 1 0 8 0
2 1 1 0 1 1 7 0
1 0 3 0 2 0 10 0
2 2 1 0 1 2 5 0
2 1 0 0 0 1 0 1
5 2 1 4 1 10 4 0
2 1 0 0 0 1 0 1
2 1 2 0 2 1 9 0
2 2 1 0 1 2 2 0
7 2 1 2 1 12 2 0
2 1 2 0 0 1 2 0
3 1 0 1 0 2 0 1
2 1 0 0 0 1 0 1
3 2 1 2 1 4 6 0
2 1 0 0 0 1 0 1
8 2 1 2 0 14 1 0
3 2 1 1 0 3 1 0
9 2 0 2 0 16 0 0
4 2 1 2 1 6 5 0
3 2 1 2 0 4 1 0
4 2 0 2 0 5 0 0
6 2 1 2 1 11 3 0
4 2 0 3 0 7 0 0
####
1 0 0 8 0 21 9 0 8 0
2 0 0 8 0 21 9 0 8 0
2 1 0 8 0 21 9 0 14 0
3 0 0 8 0 21 9 0 6 0
3 1 0 8 0 21 9 0 12 0
3 2 0 8 0 21 9 0 12 0
4 0 0 8 0 21 9 0 1 0
4 1 0 8 0 21 9 0 7 0
4 2 0 8 0 21 9 0 7 0
4 3 0 8 0 21 9 0 5 0
5 0 0 3 0 14 11 0 3 0
5 2 0 3 0 14 11 0 2 0
7 0 0 8 0 21 9 0 6 0
7 1 0 8 0 21 9 0 12 0
7 2 0 8 0 21 9 0 12 0
7 3 0 8 0 21 9 0 10 0
7 4 0 8 0 21 9 0 5 0
9 0 0 8 0 21 9 0 6 0
9 1 0 8 0 21 9 0 12 0
9 2 0 8 0 21 9 0 12 0
9 3 0 8 0 21 9 0 10 0
9 4 0 8 0 21 9 0 5 0
9 5 0 3 0 14 11 0 3 0
9 7 0 8 0 21 9 0 10 0
10 8 0 7 0 11 11 0 10 0
13 10 1 0 0 0 18 0 0 0
14 8 0 7 0 11 11 0 12 0
14 10 0 7 0 11 11 0 10 0
15 10 1 0 0 0 18 0 0 0
17 6 1 0 0 0 18 0 0 0
17 15 0 2 0 4 13 0 1 0
19 10 1 0 0 0 18 0 0 0
19 13 1 0 0 0 18 0 0 0
21 15 1 0 0 0 18 0 0 0
23 20 2 0 10 0 12 2 0 0
26 20 2 0 10 0 12 1 0 0
27 25 3 0 14 0 11 4 0 0
29 25 3 0 14 0 11 3 0 0
29 27 3 0 14 0 11 2 0 0
####
3 25 14 11 3 0 7
20 25 0 7 1 4 6
5 6 0 18 1 0 4
17 29 4 13 2 1 2
2 8 0 18 1 0 10
3 11 0 18 1 0 7
25 12 0 4 1 6 5
15 26 0 14 1 2 2
2 26 10 12 2 0 10
0 21 0 18 1 0 6
0 15 0 18 1 0 6
9 15 0 18 1 0 10
26 29 0 7 1 4 1
1 14 0 18 1 0 10
10 12 7 11 3 2 5
8 20 0 14 1 1 7
7 19 0 18 1 0 8
16 22 0 2 1 12 2
4 23 10 12 2 0 3
1 28 18 9 5 0 10
4 24 21 9 8 0 3
7 10 0 18 1 0 8
3 16 19 9 6 0 7
12 28 0 2 1 10 4
14 23 0 14 1 1 9
0 22 20 9 7 0 6
22 24 0 2 1 14 1
28 16 0 2 1 11 3
5 17 0 18 1 0 4
9 10 0 18 1 0 10
14 20 0 14 1 1 9
17 18 0 14 1 1 2
9 27 14 11 3 0 10
7 13 0 18 1 0 8
23 27 0 7 1 3 1
