1 0 3 0 2 0 12 0
1 0 4 0 3 0 17 0
1 0 2 0 1 0 8 0
1 0 4 0 4 0 22 0
1 0 3 0 4 0 17 0
2 1 0 0 0 1 0 1
7 2 1 2 2 10 4 0
2 1 3 0 4 1 21 0
12 2 1 2 1 15 2 0
1 0 3 0 1 0 7 0
7 2 1 2 2 8 7 0
13 2 1 4 0 16 1 0
9 2 1 2 1 11 5 0
2 1 0 0 0 1 0 1
10 2 1 2 1 12 4 0
10 1 0 2 0 13 0 1
8 1 2 2 1 11 3 0
3 1 2 1 3 2 20 0
4 2 2 1 1 4 11 0
4 2 1 1 1 4 7 0
9 2 1 1 0 12 1 0
14 2 0 2 0 17 0 0
2 1 0 0 0 1 0 1
2 1 0 0 0 1 0 1
5 2 1 2 1 6 6 0
5 2 1 2 1 5 9 0
5 1 0 2 0 5 0 1
8 2 2 2 2 10 6 0
9 2 0 1 0 12 0 0
6 2 1 2 1 8 5 0
11 2 1 2 1 14 3 0
6 2 1 2 1 6 8 0
####
1 0 0 13 0 25 7 0 9 0
2 0 0 13 0 25 7 0 10 0
2 1 0 13 0 25 7 0 13 0
3 0 0 13 0 25 7 0 15 0
3 1 0 13 0 25 7 0 18 0
3 2 0 13 0 25 7 0 19 0
4 0 0 13 0 25 7 0 13 0
4 1 0 13 0 25 7 0 16 0
4 2 0 13 0 25 7 0 17 0
4 3 0 13 0 25 7 0 22 0
9 0 0 9 0 20 8 0 9 0
9 1 0 9 0 20 8 0 10 0
9 3 0 9 0 20 8 0 12 0
9 4 0 9 0 20 8 0 7 0
23 22 1 0 0 0 11 0 0 0
19 18 3 0 6 0 8 4 0 0
25 24 4 0 8 0 9 6 0 0
26 24 4 0 8 0 9 6 0 0
26 25 4 0 8 0 9 6 0 0
31 29 5 0 11 0 8 8 0 0
10 6 6 0 13 0 8 10 0 0
27 16 7 0 15 0 8 4 0 0
20 12 8 0 17 0 9 6 0 0
28 20 8 0 17 0 9 8 0 0
28 12 8 0 17 0 9 6 0 0
15 14 9 0 20 0 8 8 0 0
####
3 25 8 9 4 0 22
25 31 0 5 1 5 9
14 30 0 3 1 12 4
4 18 6 8 3 0 17
30 8 0 2 1 14 3
16 28 0 5 1 11 3
18 26 0 5 1 4 11
9 29 11 8 5 0 7
27 11 7 3 5 10 6
3 7 0 11 1 0 22
0 24 8 9 4 0 12
9 28 17 9 8 0 7
10 27 0 4 1 8 7
7 14 15 7 8 1 21
17 19 0 3 1 2 20
12 14 0 5 1 11 5
1 23 0 11 1 0 17
8 11 0 2 1 15 2
2 10 13 8 6 0 8
19 24 0 5 1 4 7
1 19 6 8 3 0 17
0 5 0 11 1 0 12
7 31 6 7 4 1 21
11 21 0 2 1 16 1
0 30 22 7 10 0 12
4 20 17 9 8 0 17
31 10 0 4 1 6 8
17 18 0 3 1 2 20
9 13 0 11 1 0 7
29 6 0 4 1 8 5
24 29 0 5 1 6 6
3 12 17 9 8 0 22
18 25 0 5 1 4 11
1 22 0 11 1 0 17
4 6 13 8 6 0 17
2 21 25 7 13 0 8
1 27 15 8 7 0 17
27 12 0 5 1 10 6
3 8 23 7 11 0 22
16 20 0 5 1 11 3
20 15 0 5 1 12 1
7 17 0 6 1 1 21
6 16 0 4 1 10 4
