1 0 3 0 2 0 6 0
1 0 3 0 3 0 6 0
1 0 4 0 2 0 9 0
1 0 1 0 3 0 8 0
1 0 3 0 4 0 10 0
2 1 0 0 0 1 0 1
1 0 2 0 3 0 12 0
4 2 1 2 1 5 5 0
2 2 2 0 2 2 9 0
2 1 3 0 2 1 7 0
3 2 1 1 0 3 1 0
3 2 1 1 1 3 3 0
8 2 1 2 0 13 1 0
2 1 1 0 0 1 1 0
3 1 0 2 0 3 0 1
2 2 1 0 0 2 1 0
3 2 1 2 1 4 6 0
3 2 1 2 0 4 1 0
5 2 1 2 1 6 4 0
9 2 0 2 0 14 0 0
6 2 1 3 1 9 3 0
4 1 0 2 0 4 0 1
4 1 0 2 0 5 0 1
7 2 1 3 1 12 2 0
3 2 0 1 0 3 0 0
####
2 0 0 8 0 18 7 0 9 0
2 1 0 2 0 5 12 0 1 0
3 0 0 8 0 18 7 0 8 0
3 1 0 3 0 11 9 0 3 0
3 2 0 8 0 18 7 0 11 0
4 0 0 8 0 18 7 0 10 0
4 1 0 3 0 11 9 0 3 0
4 2 0 8 0 18 7 0 13 0
4 3 0 8 0 18 7 0 12 0
6 0 0 8 0 18 7 0 10 0
6 1 0 3 0 11 9 0 3 0
6 2 0 8 0 18 7 0 13 0
6 3 0 8 0 18 7 0 12 0
6 4 0 8 0 18 7 0 14 0
9 8 0 7 0 13 6 0 10 0
15 8 1 0 0 0 11 0 0 0
11 10 2 0 5 0 12 2 0 0
14 11 2 0 5 0 12 1 0 0
16 11 0 6 0 7 7 0 7 0
16 14 2 0 5 0 12 2 0 0
17 10 2 0 5 0 12 0 0 0
17 14 2 0 5 0 12 2 0 0
17 16 2 0 5 0 12 2 0 0
24 10 2 0 5 0 12 1 0 0
24 16 2 0 5 0 12 0 0 0
24 17 2 0 5 0 12 1 0 0
22 7 3 0 11 0 9 4 0 0
22 21 3 0 11 0 9 2 0 0
####
4 7 11 9 3 0 10
4 8 0 11 1 0 10
4 18 14 7 4 0 10
1 17 5 12 2 0 6
11 23 5 7 4 3 3
10 21 0 9 1 3 1
2 12 17 7 7 0 9
23 12 0 2 1 12 2
2 5 0 11 1 0 9
16 7 0 9 1 4 6
0 15 0 11 1 0 6
0 11 5 12 2 0 6
9 11 0 11 1 1 7
1 10 5 12 2 0 6
8 16 0 11 1 2 9
6 15 0 11 1 0 12
18 20 0 2 1 6 4
2 16 5 12 2 0 9
9 20 10 6 4 1 7
13 24 0 11 1 1 1
1 13 0 11 1 0 6
7 18 0 4 1 5 5
9 10 0 11 1 1 7
3 9 0 11 1 0 8
17 22 0 9 1 4 1
8 17 0 11 1 2 9
2 24 5 12 2 0 9
15 14 0 11 1 2 1
20 23 0 2 1 9 3
6 8 0 11 1 0 12
0 19 18 7 8 0 6
12 19 0 2 1 13 1
