1 0 3 0 3 0 9 0
1 0 3 0 1 0 5 0
1 0 4 0 7 0 16 0
1 0 2 0 2 0 7 0
1 0 4 0 3 0 11 0
1 0 2 0 2 0 7 0
1 0 2 0 0 0 2 0
4 2 1 2 1 5 2 0
2 1 0 0 0 1 0 1
2 1 1 0 1 1 3 0
5 2 0 2 0 6 0 0
5 2 1 2 1 6 2 0
2 1 2 0 1 1 5 0
4 2 1 2 1 4 3 0
3 2 0 1 0 3 0 0
2 1 3 0 4 1 13 0
3 2 1 1 1 3 2 0
4 2 1 2 0 5 1 0
6 1 0 2 0 10 0 1
2 1 0 0 0 1 0 1
5 2 1 2 1 6 2 0
3 1 0 1 0 2 0 1
2 1 0 0 0 1 0 1
3 2 2 1 2 2 6 0
3 2 1 1 1 3 3 0
3 2 2 1 2 3 6 0
5 2 1 3 0 9 1 0
5 2 0 2 0 7 0 0
7 1 0 2 0 12 0 1
4 2 1 2 0 4 1 0
4 2 1 2 1 4 3 0
6 2 1 4 0 11 1 0
####
1 0 0 4 0 17 12 0 2 0
2 0 0 5 0 22 9 0 6 0
2 1 0 6 0 24 8 0 10 0
3 0 0 4 0 17 12 0 5 0
3 1 0 6 0 24 8 0 4 0
3 2 0 6 0 24 8 0 10 0
4 0 0 5 0 22 9 0 6 0
4 1 0 6 0 24 8 0 8 0
4 2 0 6 0 24 8 0 14 0
4 3 0 6 0 24 8 0 8 0
5 0 0 5 0 22 9 0 7 0
5 2 0 5 0 22 9 0 7 0
5 4 0 5 0 22 9 0 7 0
6 0 0 4 0 17 12 0 1 0
6 2 0 4 0 17 12 0 3 0
6 5 0 2 0 6 13 0 1 0
15 12 0 4 0 16 8 0 5 0
22 12 1 0 0 0 13 0 0 0
23 21 2 0 6 0 13 2 0 0
24 14 2 0 6 0 13 2 0 0
24 16 2 0 6 0 13 0 0 0
25 21 2 0 6 0 13 2 0 0
25 23 2 4 6 12 14 2 6 1
25 24 0 3 0 10 8 0 3 0
17 13 3 0 12 0 12 2 0 0
17 7 3 0 12 0 12 2 0 0
13 7 3 0 12 0 12 0 0 0
29 17 3 0 12 0 12 1 0 0
29 13 3 0 12 0 12 4 0 0
29 7 3 0 12 0 12 1 0 0
30 17 3 0 12 0 12 2 0 0
30 13 3 3 12 7 13 4 4 1
30 7 3 0 12 0 12 1 0 0
30 29 3 0 12 0 12 4 0 0
20 10 4 0 17 0 12 6 0 0
20 11 4 2 17 2 13 6 2 1
26 20 4 0 17 0 12 5 0 0
26 10 4 0 17 0 12 3 0 0
26 11 4 0 17 0 12 5 0 0
27 20 4 0 17 0 12 0 0 0
27 26 4 0 17 0 12 4 0 0
27 10 4 0 17 0 12 3 0 0
27 11 4 0 17 0 12 4 0 0
11 10 4 0 17 0 12 6 0 0
31 18 5 0 22 0 9 10 0 0
####
4 7 12 12 3 0 11
4 8 0 13 1 0 11
3 11 17 12 4 0 7
0 16 6 13 2 0 9
1 20 17 12 4 0 5
6 14 6 13 2 0 2
16 17 0 11 1 3 2
25 30 0 11 1 3 6
15 23 0 12 1 1 13
11 31 0 7 1 6 2
5 12 0 13 1 0 7
2 30 12 12 3 0 16
6 10 17 12 4 0 2
0 24 6 13 2 0 9
12 24 0 12 1 1 5
2 23 6 13 2 0 16
25 26 5 11 2 3 6
4 13 12 12 3 0 11
5 22 0 13 1 0 7
13 20 0 10 1 4 3
0 29 12 12 3 0 9
12 14 0 12 1 1 5
15 25 0 12 1 1 13
20 31 0 7 1 6 2
23 29 0 11 1 2 6
9 16 0 12 1 1 3
3 9 0 13 1 0 7
4 25 6 13 2 0 11
1 19 0 13 1 0 5
17 27 0 10 1 5 1
2 17 12 12 3 0 16
26 18 0 7 1 9 1
31 28 0 3 1 11 1
24 7 0 11 1 3 3
7 26 0 10 1 5 2
15 21 0 12 1 1 13
1 27 17 12 4 0 5
29 10 0 10 1 4 1
30 11 0 10 1 4 3
2 15 0 13 1 0 16
23 13 0 11 1 2 6
