1 0 3 0 2 0 5 0
1 0 2 0 2 0 13 0
1 0 2 0 2 0 6 0
1 0 4 0 5 0 17 0
1 0 2 0 1 0 15 0
5 2 1 2 3 6 11 0
1 0 1 0 2 0 4 0
12 2 1 2 0 16 1 0
2 1 2 0 2 1 16 0
9 2 1 2 2 10 6 0
6 1 3 2 1 7 10 0
3 2 1 1 1 3 13 0
10 2 2 2 2 12 5 0
3 2 1 1 0 3 1 0
2 1 0 0 0 1 0 1
7 2 1 1 1 8 8 0
11 2 2 2 1 14 3 0
4 2 1 2 1 5 12 0
12 2 0 3 0 15 0 0
2 1 0 0 0 1 0 1
13 1 0 2 0 17 0 1
7 1 0 1 0 8 0 1
11 2 0 2 0 13 0 0
4 1 0 2 0 4 0 1
8 2 1 2 1 9 7 0
####
1 0 0 12 0 18 7 0 10 0
2 0 0 12 0 18 7 0 4 0
2 1 0 12 0 18 7 0 12 0
3 0 0 12 0 18 7 0 12 0
3 1 0 12 0 18 7 0 20 0
3 2 0 12 0 18 7 0 14 0
4 0 0 12 0 18 7 0 11 0
4 1 0 12 0 18 7 0 19 0
4 2 0 12 0 18 7 0 13 0
4 3 0 12 0 18 7 0 21 0
6 0 0 12 0 18 7 0 3 0
6 1 0 12 0 18 7 0 11 0
6 2 0 12 0 18 7 0 5 0
6 3 0 12 0 18 7 0 13 0
6 4 0 12 0 18 7 0 12 0
13 11 2 0 3 0 8 2 0 0
23 17 3 0 5 0 8 4 0 0
21 15 6 0 9 0 8 6 0 0
22 16 10 0 14 0 8 14 0 0
18 7 11 0 16 0 8 16 0 0
####
8 13 0 5 1 1 16
1 17 5 8 3 0 13
0 7 16 8 11 0 5
1 15 9 8 6 0 13
10 15 0 3 1 7 10
10 21 0 3 1 7 10
2 22 14 8 10 0 6
2 12 13 7 9 0 6
12 16 0 3 1 12 5
16 7 0 4 1 14 3
7 20 0 3 1 16 1
3 24 11 7 7 0 17
24 9 0 2 1 9 7
10 18 7 3 6 7 10
16 18 0 4 1 14 3
17 5 0 3 1 5 12
8 11 0 5 1 1 16
4 14 0 9 1 0 15
3 9 12 7 8 0 17
12 22 0 3 1 12 5
4 11 3 8 2 0 15
3 5 7 7 4 0 17
13 23 0 4 1 3 1
5 10 0 2 1 6 11
11 17 0 4 1 3 13
15 24 0 3 1 8 8
0 19 0 9 1 0 5
0 13 3 8 2 0 5
3 8 0 9 1 0 17
6 16 14 8 10 0 4
9 12 0 2 1 10 6
