1 0 3 0 3 0 13 0
1 0 2 0 5 0 19 0
1 0 3 0 4 0 8 0
1 0 2 0 2 0 7 0
1 0 1 0 1 0 2 0
1 0 3 0 3 0 6 0
2 1 2 0 2 1 5 0
6 2 1 2 1 8 2 0
4 2 1 2 0 4 1 0
9 2 0 2 0 17 0 0
5 1 0 2 0 5 0 1
2 1 3 0 4 1 18 0
4 2 1 2 1 4 5 0
3 2 1 1 1 3 4 0
7 2 1 2 1 10 2 0
4 2 1 2 1 5 4 0
4 2 1 2 2 5 3 0
5 2 1 3 1 7 4 0
3 2 1 1 1 3 5 0
8 2 1 4 0 15 1 0
6 2 1 3 1 8 3 0
5 2 1 2 1 7 3 0
3 2 2 1 2 2 8 0
5 2 2 2 0 6 2 0
6 1 0 2 0 7 0 1
6 1 0 2 0 7 0 1
####
1 0 0 8 0 19 7 0 19 0
2 0 0 8 0 19 7 0 15 0
2 1 0 8 0 19 7 0 18 0
3 0 0 8 0 19 7 0 14 0
3 1 0 8 0 19 7 0 17 0
3 2 0 8 0 19 7 0 13 0
4 1 0 4 0 9 10 0 4 0
5 0 0 8 0 19 7 0 8 0
5 1 0 8 0 19 7 0 11 0
5 2 0 8 0 19 7 0 7 0
5 3 0 8 0 19 7 0 6 0
11 6 0 7 0 17 3 0 14 0
18 13 2 0 2 0 9 2 0 0
22 13 2 0 2 0 9 2 0 0
22 18 2 6 2 14 10 2 9 1
16 15 3 0 5 0 10 0 0 0
16 8 3 0 5 0 10 4 0 0
16 12 3 0 5 0 10 0 0 0
15 8 3 0 5 0 10 4 0 0
15 12 3 5 5 10 11 0 7 1
12 8 3 0 5 0 10 4 0 0
21 10 4 0 9 0 10 6 0 0
21 17 4 4 9 6 11 2 5 1
17 10 4 0 9 0 10 6 0 0
23 21 4 0 9 0 10 2 0 0
23 10 4 0 9 0 10 6 0 0
23 17 4 0 9 0 10 2 0 0
20 7 5 3 13 2 11 4 3 1
24 7 5 0 13 0 10 4 0 0
24 20 5 0 13 0 10 4 0 0
25 7 5 0 13 0 10 4 0 0
25 20 5 0 13 0 10 4 0 0
25 24 5 0 13 0 10 4 0 0
####
5 9 19 7 8 0 6
4 8 5 10 3 0 2
18 15 0 7 1 3 5
5 13 2 9 2 0 6
17 20 0 8 1 7 4
0 16 5 10 3 0 13
6 17 7 6 3 1 5
1 11 0 8 1 0 19
5 23 9 10 4 0 6
3 14 17 7 6 0 7
0 15 5 10 3 0 13
8 10 0 8 1 4 1
13 16 0 7 1 3 4
11 22 0 5 1 1 18
7 19 1 5 2 8 2
12 17 0 8 1 4 5
11 18 0 5 1 1 18
23 25 0 8 1 6 2
11 13 0 5 1 1 18
2 6 0 8 1 0 8
14 19 0 2 1 10 2
16 23 0 8 1 5 3
0 12 5 10 3 0 13
23 24 0 8 1 6 2
20 14 0 5 1 8 3
2 7 13 10 5 0 8
19 9 0 2 1 15 1
1 22 2 9 2 0 19
22 12 0 7 1 2 8
2 21 9 10 4 0 8
15 21 0 8 1 5 4
6 20 11 6 4 1 5
3 18 2 9 2 0 7
22 8 0 7 1 2 8
21 7 0 8 1 7 3
