1 0 2 0 2 0 10 0
1 0 2 0 2 0 18 0
1 0 4 0 3 0 8 0
12 2 1 2 0 19 1 0
1 0 2 0 2 0 17 0
1 0 4 0 5 0 21 0
1 0 2 0 1 0 6 0
1 0 2 0 3 0 25 0
1 0 3 0 4 0 16 0
9 2 1 2 1 16 2 0
5 2 1 2 0 5 1 0
5 2 1 2 2 6 15 0
1 0 3 0 3 0 10 0
7 2 1 2 2 12 8 0
6 2 1 2 0 8 1 0
10 2 1 4 0 22 1 0
8 1 2 2 1 13 7 0
9 2 1 1 1 15 5 0
2 1 2 0 2 1 21 0
2 1 1 0 1 1 7 0
10 2 1 2 2 16 4 0
9 2 0 3 0 15 0 0
7 2 0 2 0 10 0 0
13 1 0 2 0 20 0 1
7 2 1 2 1 13 4 0
3 2 1 1 1 3 16 0
2 1 1 0 0 1 1 0
11 2 0 2 0 23 0 0
3 2 1 1 2 3 18 0
3 2 1 1 2 3 6 0
4 2 1 2 2 5 15 0
8 2 1 2 1 15 3 0
3 1 0 1 0 2 0 1
4 2 2 2 2 4 5 0
11 2 2 2 1 17 3 0
6 2 2 4 2 11 14 0
2 1 0 0 0 1 0 1
12 1 0 2 0 18 0 1
5 2 1 2 1 6 2 0
4 2 2 2 2 4 17 0
####
1 0 0 12 0 30 10 0 9 0
2 0 0 10 0 26 11 0 7 0
2 1 0 10 0 26 11 0 9 0
4 0 0 12 0 30 10 0 10 0
4 1 0 12 0 30 10 0 17 0
4 2 0 10 0 26 11 0 10 0
5 0 0 12 0 30 10 0 11 0
5 1 0 12 0 30 10 0 18 0
5 2 0 10 0 26 11 0 11 0
5 4 0 12 0 30 10 0 19 0
6 0 0 10 0 26 11 0 8 0
6 1 0 10 0 26 11 0 10 0
6 2 0 10 0 26 11 0 7 0
6 4 0 10 0 26 11 0 11 0
6 5 0 10 0 26 11 0 12 0
7 0 0 12 0 30 10 0 14 0
7 1 0 12 0 30 10 0 21 0
7 2 0 10 0 26 11 0 14 0
7 4 0 12 0 30 10 0 22 0
7 5 0 12 0 30 10 0 23 0
7 6 0 10 0 26 11 0 15 0
8 0 0 12 0 30 10 0 9 0
8 1 0 12 0 30 10 0 16 0
8 2 0 10 0 26 11 0 9 0
8 4 0 12 0 30 10 0 17 0
8 5 0 12 0 30 10 0 18 0
8 6 0 10 0 26 11 0 10 0
8 7 0 12 0 30 10 0 21 0
12 0 0 12 0 30 10 0 5 0
12 1 0 12 0 30 10 0 12 0
12 2 0 10 0 26 11 0 6 0
12 4 0 12 0 30 10 0 13 0
12 5 0 12 0 30 10 0 14 0
12 6 0 10 0 26 11 0 7 0
12 7 0 12 0 30 10 0 17 0
12 8 0 12 0 30 10 0 12 0
19 18 0 9 0 22 6 0 13 0
28 25 2 10 4 22 14 2 17 1
29 25 0 8 0 18 6 0 8 0
29 28 0 8 0 18 6 0 9 0
33 30 0 7 0 15 5 0 6 0
39 30 3 9 8 19 13 4 15 1
39 33 0 7 0 15 5 0 7 0
38 10 4 0 11 0 12 3 0 0
38 11 4 0 11 0 12 3 0 0
11 10 4 4 11 7 15 4 3 1
35 14 5 0 14 0 11 3 0 0
22 13 6 0 16 0 12 5 0 0
24 22 6 0 16 0 12 5 0 0
24 13 6 0 16 0 12 4 0 0
31 16 7 0 19 0 11 6 0 0
17 9 8 0 21 0 12 8 0 0
21 17 8 0 21 0 12 8 0 0
21 9 8 0 21 0 12 8 0 0
20 15 9 0 24 0 11 10 0 0
34 27 10 0 26 0 11 12 0 0
37 3 11 0 28 0 11 14 0 0
####
15 27 0 4 1 22 1
2 29 4 13 2 0 8
31 9 0 5 1 15 3
1 26 0 13 1 0 18
20 34 0 4 1 16 4
7 38 11 12 4 0 25
11 35 0 5 1 6 15
17 20 0 5 1 15 5
8 9 21 12 8 0 16
12 31 19 11 7 0 10
10 21 7 6 4 5 1
16 21 0 5 1 13 7
6 24 16 12 6 0 6
0 3 28 11 11 0 10
1 11 11 12 4 0 18
24 31 0 5 1 13 4
14 22 0 5 1 8 1
16 17 0 5 1 13 7
12 20 24 11 9 0 10
25 30 0 7 1 3 16
19 29 0 8 1 1 7
9 15 0 5 1 16 2
26 32 0 8 1 1 1
13 16 0 5 1 12 8
33 15 13 5 6 4 5
4 13 16 12 6 0 17
12 17 21 12 8 0 10
6 22 16 12 6 0 6
39 11 0 6 1 4 17
28 39 0 7 1 3 18
2 27 26 11 10 0 8
38 14 0 5 1 6 2
35 24 0 5 1 11 14
3 23 0 3 1 19 1
5 39 8 12 3 0 21
7 18 0 13 1 0 25
29 33 0 7 1 3 6
8 30 8 12 3 0 16
4 25 4 13 2 0 17
33 38 0 6 1 4 5
18 28 0 8 1 1 21
39 10 0 6 1 4 17
5 28 4 13 2 0 21
34 37 0 4 1 17 3
2 36 0 13 1 0 8
5 10 11 12 4 0 21
8 34 26 11 10 0 16
18 25 0 8 1 1 21
35 13 0 5 1 11 14
30 35 3 5 2 5 15
0 19 0 13 1 0 10
2 33 8 12 3 0 8
5 14 14 11 5 0 21
34 3 0 4 1 17 3
