1 0 3 0 3 0 10 0
1 0 3 0 2 0 4 0
1 0 3 0 4 0 19 0
1 0 2 0 2 0 7 0
1 0 4 0 3 0 9 0
1 0 2 0 2 0 9 0
2 1 1 0 1 1 2 0
2 1 0 0 0 1 0 1
1 0 3 0 2 0 7 0
5 2 1 2 2 7 3 0
2 1 0 0 0 1 0 1
2 1 3 0 4 1 14 0
3 2 1 1 0 3 1 0
3 2 1 2 1 4 2 0
2 1 0 0 0 1 0 1
3 2 2 1 1 3 6 0
4 2 1 2 1 5 3 0
4 2 1 3 0 7 1 0
6 2 2 2 0 9 2 0
5 1 0 2 0 8 0 1
7 1 0 2 0 10 0 1
7 2 0 2 0 10 0 0
7 1 0 2 0 9 0 1
5 2 1 2 1 6 2 0
6 2 1 2 0 8 1 0
4 2 0 2 0 5 0 0
2 2 1 0 1 2 3 0
4 2 1 2 1 5 4 0
4 2 0 2 0 4 0 0
3 2 1 1 1 3 4 0
####
1 0 0 6 0 20 10 0 4 0
2 0 0 6 0 20 10 0 8 0
2 1 0 6 0 20 10 0 6 0
3 0 0 6 0 20 10 0 7 0
3 1 0 6 0 20 10 0 5 0
3 2 0 6 0 20 10 0 9 0
4 0 0 6 0 20 10 0 5 0
4 1 0 6 0 20 10 0 3 0
4 2 0 6 0 20 10 0 8 0
4 3 0 6 0 20 10 0 6 0
5 0 0 4 0 15 10 0 5 0
5 2 0 6 0 20 10 0 9 0
5 4 0 6 0 20 10 0 7 0
8 0 0 4 0 15 10 0 5 0
8 2 0 6 0 20 10 0 6 0
8 4 0 6 0 20 10 0 4 0
8 5 0 6 0 20 10 0 5 0
11 6 1 0 0 0 13 0 0 0
14 6 1 0 0 0 13 0 0 0
14 11 1 0 0 0 13 0 0 0
26 6 0 3 0 9 9 0 3 0
26 10 1 0 0 0 13 0 0 0
15 12 2 0 6 0 11 2 0 0
13 12 2 0 6 0 11 0 0 0
29 12 2 0 6 0 11 2 0 0
29 15 2 0 6 0 11 2 0 0
29 13 2 0 6 0 11 1 0 0
25 17 3 0 10 0 12 2 0 0
25 16 3 0 10 0 12 4 0 0
17 16 3 0 10 0 12 3 0 0
27 25 3 0 10 0 12 1 0 0
27 17 3 0 10 0 12 1 0 0
27 16 3 0 10 0 12 4 0 0
28 25 3 0 10 0 12 4 0 0
28 17 3 0 10 0 12 3 0 0
28 27 3 0 10 0 12 4 0 0
28 16 3 0 10 0 12 4 0 0
19 9 4 0 15 0 10 3 0 0
23 19 4 0 15 0 10 5 0 0
23 9 4 0 15 0 10 6 0 0
24 18 5 0 18 0 9 8 0 0
21 20 6 0 20 0 10 6 0 0
22 20 6 0 20 0 10 10 0 0
22 21 6 0 20 0 10 10 0 0
####
15 27 0 9 1 3 6
1 21 20 10 6 0 4
3 15 6 11 2 0 7
0 27 10 12 3 0 10
13 17 0 9 1 4 2
3 28 10 12 3 0 7
5 26 0 13 1 0 9
9 18 0 5 1 7 3
24 22 0 5 1 8 1
6 17 4 11 2 1 2
8 24 18 9 5 0 7
4 9 15 10 4 0 9
8 10 0 13 1 0 7
4 23 15 10 4 0 9
5 29 6 11 2 0 9
18 20 0 5 1 9 2
2 6 0 13 1 0 19
17 19 0 8 1 7 1
12 25 0 9 1 3 1
16 23 0 8 1 5 3
0 12 6 11 2 0 10
4 16 10 12 3 0 9
4 25 10 12 3 0 9
26 13 0 10 1 2 3
18 21 0 5 1 9 2
2 14 0 13 1 0 19
11 12 0 10 1 1 14
27 9 0 8 1 5 4
8 26 0 13 1 0 7
23 24 0 5 1 6 2
29 16 0 9 1 3 4
0 13 6 11 2 0 10
2 11 0 13 1 0 19
11 29 0 10 1 1 14
1 18 18 9 5 0 4
15 28 0 9 1 3 6
1 7 0 13 1 0 4
11 15 0 10 1 1 14
