1 0 3 0 3 0 10 0
1 0 3 0 6 0 15 0
1 0 2 0 2 0 4 0
1 0 1 0 1 0 2 0
2 1 3 0 3 1 14 0
1 0 3 0 1 0 3 0
1 0 4 0 4 0 18 0
2 1 2 0 2 1 8 0
6 2 1 2 1 7 4 0
3 2 1 1 0 3 1 0
8 2 1 2 0 11 1 0
3 2 1 1 1 3 11 0
7 2 1 2 1 9 3 0
2 2 1 0 0 2 1 0
4 2 1 3 2 4 10 0
6 2 1 3 1 8 3 0
8 2 1 2 1 10 2 0
2 2 1 0 0 2 1 0
9 1 0 2 0 12 0 1
9 2 1 2 0 12 1 0
7 2 1 2 1 9 2 0
3 2 0 2 0 4 0 0
4 1 0 2 0 4 0 1
10 2 0 2 0 13 0 0
3 1 0 2 0 3 0 1
5 2 2 2 2 5 9 0
####
1 0 0 9 0 19 7 0 13 0
2 0 0 8 0 17 8 0 5 0
2 1 0 8 0 17 8 0 8 0
5 0 0 9 0 19 7 0 6 0
5 1 0 9 0 19 7 0 9 0
5 2 0 2 0 4 10 0 1 0
6 0 0 9 0 19 7 0 12 0
6 1 0 9 0 19 7 0 15 0
6 2 0 8 0 17 8 0 7 0
6 3 0 2 0 4 10 0 2 0
6 5 0 9 0 19 7 0 8 0
7 4 0 8 0 15 5 0 10 0
17 13 1 0 0 0 10 0 0 0
11 9 2 0 4 0 10 2 0 0
21 9 2 0 4 0 10 1 0 0
21 11 2 0 4 0 10 1 0 0
24 9 2 0 4 0 10 1 0 0
24 11 2 0 4 0 10 1 0 0
24 21 2 0 4 0 10 2 0 0
22 14 3 0 8 0 8 4 0 0
15 8 5 0 11 0 8 1 0 0
20 12 6 0 13 0 8 4 0 0
16 10 7 0 15 0 8 6 0 0
19 18 8 0 17 0 8 8 0 0
####
6 9 4 10 2 0 18
0 20 13 8 6 0 10
7 12 9 6 5 1 8
15 20 0 4 1 8 3
9 22 0 6 1 3 1
0 7 0 10 1 0 10
5 19 17 8 8 0 3
11 14 0 6 1 3 11
12 16 0 4 1 9 3
6 17 0 10 1 0 18
3 17 0 10 1 0 2
25 8 0 3 1 5 9
5 23 19 7 9 0 3
13 21 0 8 1 2 1
4 9 0 8 1 1 14
1 25 10 7 4 0 15
7 15 7 6 4 1 8
1 16 15 8 7 0 15
10 18 0 4 1 11 1
2 13 0 10 1 0 4
17 24 0 8 1 2 1
25 15 0 3 1 5 9
6 11 4 10 2 0 18
4 14 4 6 2 1 14
1 4 0 10 1 0 15
2 10 15 8 7 0 4
20 10 0 4 1 9 2
5 21 4 10 2 0 3
16 19 0 4 1 10 2
0 8 11 8 5 0 10
4 11 0 8 1 1 14
8 12 0 4 1 7 4
14 25 0 3 1 4 10
6 13 0 10 1 0 18
19 23 0 3 1 12 1
