1 0 2 0 2 0 14 0
1 0 4 0 1 0 11 0
1 0 3 0 1 0 8 0
1 0 3 0 5 0 16 0
1 0 3 0 3 0 19 0
1 0 1 0 1 0 2 0
1 0 1 0 1 0 3 0
1 0 3 0 3 0 25 0
4 1 2 2 3 4 14 0
9 2 1 2 1 16 5 0
12 2 1 2 1 22 2 0
4 2 1 2 0 6 1 0
1 0 3 0 3 0 16 0
1 0 2 0 3 0 12 0
4 2 1 2 2 5 3 0
6 2 1 2 1 9 8 0
2 1 2 0 3 1 19 0
5 2 2 2 0 7 2 0
2 2 1 0 2 2 7 0
2 1 2 0 2 1 13 0
13 1 1 2 0 23 1 0
2 2 1 0 1 2 2 0
6 1 0 2 0 8 0 1
6 2 1 2 0 9 1 0
2 2 1 0 1 2 5 0
10 2 1 4 1 19 4 0
3 1 0 1 0 2 0 1
2 2 2 0 2 2 8 0
2 1 0 0 0 1 0 1
14 2 0 1 0 24 0 0
2 1 0 0 0 1 0 1
6 2 0 2 0 9 0 0
5 2 2 2 2 7 11 0
7 2 1 4 1 13 7 0
6 2 0 2 0 9 0 0
3 2 2 2 2 4 6 0
3 2 1 1 2 3 15 0
5 1 0 2 0 7 0 1
8 2 1 2 1 15 6 0
5 2 1 3 0 7 1 0
7 2 0 2 0 10 0 0
11 2 1 4 1 20 3 0
####
1 0 0 13 0 31 11 0 18 0
2 0 0 13 0 31 11 0 15 0
2 1 0 13 0 31 11 0 13 0
3 0 0 13 0 31 11 0 18 0
3 1 0 13 0 31 11 0 16 0
3 2 0 13 0 31 11 0 13 0
4 0 0 13 0 31 11 0 21 0
4 1 0 13 0 31 11 0 19 0
4 2 0 13 0 31 11 0 16 0
4 3 0 13 0 31 11 0 19 0
5 0 0 6 0 23 12 0 4 0
5 4 0 6 0 23 12 0 5 0
6 0 0 13 0 31 11 0 12 0
6 1 0 13 0 31 11 0 10 0
6 2 0 13 0 31 11 0 7 0
6 3 0 13 0 31 11 0 10 0
6 4 0 13 0 31 11 0 13 0
7 0 0 13 0 31 11 0 22 0
7 1 0 13 0 31 11 0 20 0
7 2 0 13 0 31 11 0 17 0
7 3 0 13 0 31 11 0 20 0
7 4 0 13 0 31 11 0 23 0
7 5 0 6 0 23 12 0 6 0
7 6 0 13 0 31 11 0 14 0
12 0 0 13 0 31 11 0 17 0
12 1 0 13 0 31 11 0 15 0
12 2 0 13 0 31 11 0 12 0
12 3 0 13 0 31 11 0 15 0
12 4 0 13 0 31 11 0 18 0
12 6 0 13 0 31 11 0 9 0
12 7 0 13 0 31 11 0 19 0
13 0 0 13 0 31 11 0 18 0
13 1 0 13 0 31 11 0 16 0
13 2 0 13 0 31 11 0 13 0
13 3 0 13 0 31 11 0 16 0
13 4 0 13 0 31 11 0 19 0
13 6 0 13 0 31 11 0 10 0
13 7 0 13 0 31 11 0 20 0
13 12 0 13 0 31 11 0 15 0
18 16 1 4 0 10 23 0 4 1
19 16 0 12 0 23 9 0 20 0
21 16 0 4 0 10 13 0 4 0
24 16 0 12 0 23 9 0 15 0
24 18 1 0 0 0 18 0 0 0
24 19 0 12 0 23 9 0 13 0
27 16 0 12 0 23 9 0 18 0
27 19 0 12 0 23 9 0 16 0
27 21 1 0 0 0 18 0 0 0
27 24 0 12 0 23 9 0 11 0
30 24 1 0 0 0 18 0 0 0
36 35 2 0 8 0 13 2 0 0
11 8 3 0 11 0 13 1 0 0
14 11 3 0 11 0 13 2 0 0
14 8 3 0 11 0 13 4 0 0
32 17 4 0 14 0 14 7 0 0
37 17 4 0 14 0 14 4 0 0
37 32 4 0 14 0 14 3 0 0
39 17 4 0 14 0 14 7 0 0
39 32 4 0 14 0 14 5 0 0
39 37 4 0 14 0 14 4 0 0
31 15 5 0 18 0 15 9 0 0
31 23 5 0 18 0 15 9 0 0
31 22 5 0 18 0 15 9 0 0
34 31 5 0 18 0 15 6 0 0
34 15 5 0 18 0 15 0 0 0
34 23 5 0 18 0 15 9 0 0
34 22 5 0 18 0 15 9 0 0
23 15 5 0 18 0 15 4 0 0
23 22 5 0 18 0 15 7 0 0
22 15 5 0 18 0 15 7 0 0
40 33 6 0 23 0 12 6 0 0
####
1 34 18 15 5 0 11
14 17 0 7 1 5 3
3 35 8 13 2 0 16
19 26 0 11 1 1 13
4 36 8 13 2 0 19
1 15 18 15 5 0 11
17 34 0 9 1 7 2
20 29 0 2 1 23 1
7 16 0 18 1 0 25
1 29 31 11 13 0 11
5 23 18 15 5 0 2
21 39 6 12 3 2 2
9 25 0 2 1 16 5
13 21 0 18 1 0 12
16 17 6 12 3 1 19
38 9 0 2 1 15 6
27 33 15 10 5 2 8
36 8 0 6 1 3 15
16 36 0 11 1 1 19
6 10 29 11 11 0 3
23 40 0 7 1 9 1
8 32 0 7 1 4 14
2 30 0 18 1 0 8
12 24 0 18 1 0 16
35 11 0 6 1 4 6
1 28 0 18 1 0 11
19 32 6 12 3 1 13
27 41 20 9 9 2 8
0 40 23 12 6 0 14
3 27 0 18 1 0 16
35 14 0 6 1 4 6
7 14 11 13 3 0 25
18 35 0 11 1 2 7
32 15 0 9 1 7 11
11 37 0 7 1 6 1
2 31 18 15 5 0 8
12 38 25 11 7 0 16
7 18 0 18 1 0 25
17 31 0 9 1 7 2
12 18 0 18 1 0 16
3 9 26 11 8 0 16
33 38 0 3 1 13 7
2 24 0 18 1 0 8
25 41 0 2 1 19 4
4 11 11 13 3 0 19
0 19 0 18 1 0 14
13 27 0 18 1 0 12
41 10 0 2 1 20 3
24 25 19 9 8 2 5
15 33 0 7 1 9 8
10 20 0 2 1 22 2
8 39 0 7 1 4 14
4 21 0 18 1 0 19
39 22 0 9 1 7 1
32 23 0 9 1 7 11
