1 0 4 0 3 0 15 0
1 0 1 0 1 0 6 0
1 0 4 0 4 0 13 0
1 0 3 0 3 0 11 0
4 2 1 2 1 6 5 0
1 0 3 0 2 0 5 0
1 0 2 0 2 0 15 0
4 2 1 2 1 5 5 0
2 1 2 0 3 1 9 0
2 1 0 0 0 1 0 1
5 1 1 2 1 7 4 0
5 2 1 2 1 6 4 0
2 1 0 0 0 1 0 1
6 2 1 2 1 8 3 0
6 2 1 1 2 8 3 0
3 2 2 1 1 3 3 0
7 2 1 2 1 9 2 0
2 2 1 0 1 2 7 0
8 2 1 3 0 11 1 0
9 2 0 2 0 13 0 0
4 2 0 2 0 5 0 0
3 2 1 2 1 4 6 0
8 1 0 2 0 11 0 1
3 2 1 1 1 3 6 0
8 1 0 2 0 11 0 1
7 2 2 2 0 10 2 0
####
1 0 0 7 0 16 9 0 10 0
2 0 0 8 0 19 7 0 9 0
2 1 0 7 0 16 9 0 9 0
3 0 0 8 0 19 7 0 13 0
3 2 0 8 0 19 7 0 12 0
5 0 0 8 0 19 7 0 5 0
5 1 0 7 0 16 9 0 5 0
5 2 0 8 0 19 7 0 4 0
5 3 0 8 0 19 7 0 8 0
6 0 0 8 0 19 7 0 11 0
6 1 0 7 0 16 9 0 10 0
6 2 0 8 0 19 7 0 10 0
6 3 0 8 0 19 7 0 14 0
6 5 0 8 0 19 7 0 6 0
9 8 1 0 0 0 10 0 0 0
21 15 2 0 4 0 9 0 0 0
23 15 2 6 4 12 10 2 6 1
23 21 2 0 4 0 9 1 0 0
20 4 3 0 7 0 9 2 0 0
20 7 3 0 7 0 9 0 0 0
7 4 3 0 7 0 9 2 0 0
11 10 4 0 10 0 8 4 0 0
14 13 5 0 12 0 8 6 0 0
25 16 6 0 14 0 8 8 0 0
22 18 7 0 16 0 9 10 0 0
24 18 7 0 16 0 9 10 0 0
24 22 7 0 16 0 9 12 0 0
####
8 23 0 7 1 1 9
0 20 7 9 3 0 15
15 20 0 6 1 3 3
0 14 12 8 5 0 15
3 11 10 8 4 0 11
0 7 7 9 3 0 15
5 19 19 7 8 0 5
18 19 0 4 1 11 1
7 11 0 5 1 5 5
6 17 0 10 1 0 15
23 7 0 6 1 3 6
5 12 0 10 1 0 5
13 16 0 4 1 8 3
0 17 0 10 1 0 15
5 25 14 8 6 0 5
2 13 12 8 5 0 13
15 18 9 6 5 3 3
25 22 0 5 1 10 2
16 18 0 5 1 9 2
8 15 0 7 1 1 9
11 13 0 4 1 6 4
2 16 14 8 6 0 13
4 10 0 5 1 6 5
1 4 7 9 3 0 6
21 4 0 6 1 4 6
3 9 0 10 1 0 11
6 23 4 9 2 0 15
25 24 0 5 1 10 2
14 25 0 4 1 8 3
2 21 4 9 2 0 13
3 8 0 10 1 0 11
17 21 0 7 1 2 7
10 14 0 4 1 7 4
2 15 4 9 2 0 13
