1 0 3 0 3 0 7 0
1 0 3 0 3 0 13 0
2 1 2 0 3 1 9 0
1 0 1 0 1 0 3 0
4 2 0 2 0 6 0 0
1 0 2 0 2 0 5 0
1 0 3 0 4 0 13 0
1 0 4 0 5 0 20 0
5 2 1 2 1 8 2 0
3 2 1 1 3 3 5 0
2 2 1 0 1 2 3 0
2 2 2 0 2 2 8 0
3 2 1 2 1 4 2 0
3 2 1 2 1 4 2 0
3 2 1 2 2 3 5 0
4 2 1 2 0 6 1 0
2 2 1 0 1 2 2 0
4 1 3 2 1 4 4 0
4 2 1 2 0 6 1 0
3 2 1 2 0 4 1 0
5 1 0 2 0 7 0 1
5 2 0 4 0 10 0 0
5 1 0 1 0 5 0 1
6 2 1 3 0 11 1 0
7 1 0 2 0 12 0 1
5 1 0 1 0 5 0 1
4 2 2 3 1 6 4 0
####
1 0 0 6 0 20 7 0 8 0
3 1 0 3 0 9 11 0 2 0
5 0 0 4 0 14 11 0 3 0
5 1 0 3 0 9 11 0 1 0
5 3 0 3 0 9 11 0 3 0
6 0 0 6 0 20 7 0 7 0
6 1 0 6 0 20 7 0 11 0
6 5 0 4 0 14 11 0 5 0
7 0 0 6 0 20 7 0 9 0
7 1 0 6 0 20 7 0 13 0
7 3 0 3 0 9 11 0 4 0
7 5 0 4 0 14 11 0 5 0
7 6 0 6 0 20 7 0 12 0
11 2 0 5 0 16 5 0 9 0
11 10 1 0 0 0 10 0 0 0
16 10 1 0 0 0 10 0 0 0
16 11 1 0 0 0 10 0 0 0
12 9 2 0 4 0 11 1 0 0
13 9 2 0 4 0 11 1 0 0
13 12 2 0 4 0 11 2 0 0
14 9 2 4 4 11 12 1 5 1
14 12 2 0 4 0 11 2 0 0
14 13 2 2 4 5 16 2 2 1
19 9 2 0 4 0 11 1 0 0
19 12 2 0 4 0 11 0 0 0
19 13 2 0 4 0 11 2 0 0
19 14 2 0 4 0 11 2 0 0
15 4 3 0 9 0 11 1 0 0
17 15 3 0 9 0 11 3 0 0
17 4 3 0 9 0 11 2 0 0
18 15 3 0 9 0 11 0 0 0
18 17 3 0 9 0 11 3 0 0
18 4 3 0 9 0 11 2 0 0
26 15 3 1 9 0 16 2 0 1
26 17 3 3 9 6 12 3 3 1
26 18 3 0 9 0 11 4 0 0
26 4 3 0 9 0 11 1 0 0
20 8 4 0 14 0 11 1 0 0
22 20 4 0 14 0 11 5 0 0
22 8 4 0 14 0 11 5 0 0
22 21 4 0 14 0 11 7 0 0
25 20 4 0 14 0 11 5 0 0
25 22 4 0 14 0 11 6 0 0
25 8 4 0 14 0 11 5 0 0
25 21 4 0 14 0 11 7 0 0
21 20 4 0 14 0 11 2 0 0
21 8 4 0 14 0 11 1 0 0
####
8 23 0 6 1 8 2
19 4 0 10 1 4 1
5 19 4 11 2 0 5
14 26 0 10 1 3 5
7 16 0 10 1 0 20
17 25 0 10 1 4 4
11 14 0 9 1 2 8
7 11 0 10 1 0 20
6 14 4 11 2 0 13
1 2 0 10 1 0 13
2 26 5 9 2 1 9
2 9 0 9 1 1 9
0 15 9 11 3 0 7
5 12 4 11 2 0 5
6 10 0 10 1 0 13
10 12 0 9 1 2 3
26 8 0 10 1 6 4
9 17 0 10 1 3 5
7 10 0 10 1 0 20
17 23 5 6 2 4 4
3 16 0 10 1 0 3
18 20 0 10 1 6 1
11 13 0 9 1 2 8
26 21 0 10 1 6 4
6 11 0 10 1 0 13
1 13 4 11 2 0 13
13 15 0 10 1 4 2
0 18 9 11 3 0 7
1 4 9 11 3 0 13
12 18 0 10 1 4 2
17 22 0 10 1 4 4
16 19 0 9 1 2 2
0 8 14 11 4 0 7
23 24 0 2 1 11 1
7 9 4 11 2 0 20
15 21 0 10 1 6 1
