1 0 3 0 2 0 8 0
1 0 2 0 2 0 3 0
1 0 2 0 1 0 3 0
1 0 2 0 2 0 4 0
2 2 1 0 1 2 2 0
2 1 1 0 1 1 3 0
3 2 1 1 1 3 2 0
3 2 1 2 0 4 1 0
4 2 1 2 0 4 1 0
2 2 1 0 0 2 1 0
2 1 0 0 0 1 0 1
5 1 0 2 0 5 0 1
4 2 0 3 0 6 0 0
####
1 0 0 4 0 8 5 0 5 0
2 0 0 3 0 6 6 0 4 0
3 0 0 3 0 6 6 0 5 0
3 2 0 3 0 6 6 0 5 0
5 4 1 0 0 0 8 0 0 0
9 4 1 2 0 2 10 0 1 1
10 4 1 0 0 0 8 0 0 0
10 5 1 0 0 0 8 0 0 0
7 6 2 0 4 0 6 2 0 0
12 8 3 0 6 0 6 4 0 0
####
2 7 4 6 2 0 3
4 7 0 6 1 2 2
6 8 0 4 1 3 2
2 9 0 8 1 0 3
5 6 0 6 1 1 3
7 12 0 4 1 4 1
8 11 0 3 1 4 1
1 8 6 6 3 0 3
3 9 0 8 1 0 4
1 6 4 6 2 0 3
0 5 0 8 1 0 8
0 10 0 8 1 0 8
0 4 0 8 1 0 8
3 4 0 8 1 0 4
9 12 2 6 2 2 1
