1 0 2 0 2 0 11 0
1 0 4 0 6 0 11 0
1 0 3 0 3 0 12 0
1 0 1 0 1 0 2 0
1 0 3 0 3 0 9 0
4 1 1 2 1 4 2 0
1 0 3 0 5 0 21 0
1 0 3 0 1 0 14 0
1 0 4 0 2 0 8 0
2 1 2 0 2 1 8 0
8 2 1 2 1 12 4 0
5 2 1 2 1 6 2 0
9 2 1 4 1 16 3 0
2 1 2 0 3 1 20 0
3 2 1 1 2 3 11 0
6 2 1 2 0 6 1 0
3 2 2 1 3 3 7 0
4 2 2 2 2 4 10 0
2 2 0 0 0 2 0 0
5 2 1 2 1 6 7 0
10 2 1 2 1 18 2 0
12 1 0 2 0 22 0 1
7 2 0 2 0 8 0 0
4 2 2 2 2 4 6 0
11 2 1 3 0 21 1 0
2 2 1 0 0 2 1 0
5 2 1 2 1 6 5 0
6 2 1 2 1 8 6 0
3 2 0 2 0 3 0 0
3 2 1 1 1 3 3 0
5 2 1 2 1 5 2 0
2 1 0 0 0 1 0 1
6 2 1 4 0 7 1 0
7 1 0 2 0 8 0 1
6 2 1 2 1 8 4 0
7 2 1 3 1 11 5 0
####
1 0 0 11 0 27 9 0 9 0
2 0 0 11 0 27 9 0 17 0
2 1 0 11 0 27 9 0 12 0
4 0 0 11 0 27 9 0 15 0
4 1 0 11 0 27 9 0 10 0
4 2 0 11 0 27 9 0 18 0
6 0 0 11 0 27 9 0 19 0
6 1 0 11 0 27 9 0 14 0
6 2 0 11 0 27 9 0 22 0
6 4 0 11 0 27 9 0 20 0
7 0 0 11 0 27 9 0 18 0
7 1 0 11 0 27 9 0 13 0
7 2 0 11 0 27 9 0 21 0
7 4 0 11 0 27 9 0 19 0
7 6 0 11 0 27 9 0 23 0
8 0 0 11 0 27 9 0 11 0
8 1 0 11 0 27 9 0 6 0
8 2 0 11 0 27 9 0 14 0
8 3 0 2 0 5 12 0 2 0
8 4 0 11 0 27 9 0 12 0
8 6 0 11 0 27 9 0 16 0
8 7 0 11 0 27 9 0 15 0
13 9 0 10 0 22 6 0 18 0
25 18 1 0 0 0 13 0 0 0
31 9 1 0 0 0 13 0 0 0
16 14 2 0 5 0 12 2 0 0
29 14 0 9 0 18 5 0 12 0
17 5 0 8 0 15 4 0 10 0
23 17 3 0 9 0 11 4 0 0
19 11 4 0 12 0 12 0 0 0
26 19 4 7 12 11 13 6 10 1
26 11 4 0 12 0 12 6 0 0
30 19 4 0 12 0 12 6 0 0
30 11 4 0 12 0 12 4 0 0
30 26 4 0 12 0 12 6 0 0
27 15 5 0 16 0 12 8 0 0
32 27 5 0 16 0 12 2 0 0
32 15 5 0 16 0 12 6 0 0
34 27 5 6 16 7 13 8 8 1
34 15 5 0 16 0 12 8 0 0
34 32 5 0 16 0 12 8 0 0
33 22 6 0 20 0 11 8 0 0
35 22 6 0 20 0 11 10 0 0
35 33 6 0 20 0 11 4 0 0
####
14 17 0 7 1 3 11
3 25 0 13 1 0 2
4 27 16 12 5 0 9
9 29 0 9 1 1 8
8 28 5 12 2 0 8
6 17 9 11 3 0 21
1 20 25 9 9 0 11
2 26 12 12 4 0 12
32 33 0 7 1 7 1
23 30 0 7 1 4 6
12 20 0 2 1 16 3
2 9 0 13 1 0 12
23 11 0 7 1 4 6
1 16 5 12 2 0 11
10 12 0 2 1 12 4
13 16 0 9 1 1 20
0 11 12 12 4 0 11
16 32 7 8 3 3 7
34 12 4 5 3 8 4
6 15 16 12 5 0 21
8 25 0 13 1 0 8
4 10 23 9 7 0 9
7 14 5 12 2 0 14
17 19 0 7 1 4 10
15 22 0 7 1 6 1
1 23 9 11 3 0 11
2 31 0 13 1 0 12
35 10 0 4 1 11 5
7 18 0 13 1 0 14
16 23 0 7 1 3 7
5 24 14 4 7 4 2
7 22 20 11 6 0 14
27 35 0 7 1 8 6
25 28 0 9 1 2 1
4 29 5 12 2 0 9
30 15 0 8 1 5 2
8 34 16 12 5 0 8
20 24 0 2 1 18 2
13 14 0 9 1 1 20
0 19 12 12 4 0 11
9 35 15 8 5 1 8
19 27 0 8 1 6 7
26 34 0 8 1 6 5
11 32 0 8 1 6 2
24 21 0 2 1 21 1
8 18 0 13 1 0 8
6 13 0 13 1 0 21
17 26 0 7 1 4 10
1 30 12 12 4 0 11
29 5 0 7 1 3 3
