1 0 3 0 4 0 17 0
1 0 3 0 3 0 19 0
1 0 3 0 3 0 13 0
1 0 3 0 5 0 15 0
1 0 2 0 2 0 12 0
3 2 1 2 2 4 8 0
6 1 2 2 2 8 4 0
1 0 4 0 4 0 14 0
2 1 3 0 4 1 14 0
7 2 1 3 0 10 1 0
4 1 2 2 1 5 7 0
3 2 1 1 1 3 11 0
7 2 1 2 0 11 1 0
4 2 1 2 1 5 10 0
6 2 1 2 2 8 8 0
7 2 2 3 1 9 7 0
2 2 2 0 1 2 3 0
11 1 0 2 0 13 0 1
8 2 1 2 1 10 5 0
8 2 0 2 0 12 0 0
2 2 1 0 1 2 9 0
5 2 1 2 1 6 9 0
9 2 1 2 2 11 4 0
10 2 2 2 1 12 3 0
11 2 1 4 0 16 1 0
5 1 0 1 0 6 0 1
2 2 1 0 1 2 2 0
8 2 0 4 0 12 0 0
12 2 0 2 0 17 0 0
8 1 0 2 0 10 0 1
5 2 1 1 2 7 5 0
####
1 0 0 11 0 24 7 0 14 0
2 0 0 11 0 24 7 0 10 0
2 1 0 11 0 24 7 0 8 0
3 0 0 11 0 24 7 0 18 0
3 1 0 11 0 24 7 0 16 0
3 2 0 11 0 24 7 0 12 0
4 0 0 11 0 24 7 0 17 0
4 1 0 11 0 24 7 0 15 0
4 2 0 11 0 24 7 0 11 0
4 3 0 11 0 24 7 0 19 0
7 0 0 11 0 24 7 0 10 0
7 1 0 11 0 24 7 0 8 0
7 2 0 11 0 24 7 0 4 0
7 3 0 11 0 24 7 0 12 0
7 4 0 11 0 24 7 0 11 0
16 8 0 10 0 20 5 0 10 0
20 8 0 6 0 12 8 0 6 0
20 16 1 6 0 12 14 0 5 1
26 16 1 6 0 12 14 0 1 1
26 20 1 6 0 12 14 0 6 1
30 21 4 0 8 0 9 1 0 0
30 25 4 0 8 0 9 4 0 0
14 6 5 0 11 0 8 3 0 0
15 9 6 0 13 0 9 5 0 0
15 12 6 0 13 0 9 5 0 0
12 9 6 0 13 0 9 4 0 0
29 18 7 0 16 0 10 8 0 0
29 19 7 0 16 0 10 7 0 0
29 27 7 0 16 0 10 7 0 0
19 18 7 0 16 0 10 7 0 0
27 18 7 0 16 0 10 7 0 0
27 19 7 0 16 0 10 6 0 0
24 17 10 0 22 0 8 14 0 0
####
21 14 0 5 1 6 9
6 9 0 5 1 8 4
18 22 0 5 1 10 5
22 23 0 2 1 11 4
1 26 0 10 1 0 19
3 21 8 9 4 0 15
7 16 0 10 1 0 14
4 22 20 7 8 0 12
16 24 18 6 9 2 3
13 21 0 5 1 5 10
7 20 0 10 1 0 14
10 30 0 5 1 5 7
2 19 16 10 7 0 13
23 17 0 3 1 12 3
1 14 11 8 5 0 19
1 5 4 8 2 0 19
15 18 0 7 1 9 7
7 28 24 7 11 0 14
8 15 9 7 5 1 14
11 13 0 4 1 3 11
2 16 0 10 1 0 13
24 28 0 3 1 16 1
8 11 0 6 1 1 14
2 20 0 10 1 0 13
26 9 9 7 5 2 2
15 29 0 7 1 9 7
14 15 0 5 1 8 8
20 5 0 6 1 2 9
0 30 8 9 4 0 17
6 12 0 5 1 8 4
23 24 0 3 1 12 3
4 11 4 8 2 0 12
0 23 21 7 9 0 17
30 6 0 5 1 7 5
9 27 0 7 1 10 1
5 10 0 4 1 4 8
7 26 0 10 1 0 14
8 12 9 7 5 1 14
0 13 6 8 3 0 17
12 19 0 7 1 11 1
10 25 0 5 1 5 7
3 8 0 10 1 0 15
3 18 16 10 7 0 15
16 27 12 8 6 2 3
