1 0 3 0 4 0 9 0
2 1 2 0 1 1 3 0
1 0 3 0 2 0 4 0
1 0 3 0 4 0 14 0
1 0 2 0 3 0 9 0
2 1 0 0 0 1 0 1
2 1 2 0 2 1 5 0
5 2 1 3 1 7 2 0
1 0 4 0 1 0 6 0
1 0 3 0 3 0 7 0
1 0 2 0 2 0 7 0
3 1 0 1 0 2 0 1
6 2 1 2 0 9 1 0
2 1 2 0 1 1 6 0
2 1 0 0 0 1 0 1
3 2 1 2 1 4 2 0
4 2 1 2 1 5 2 0
3 2 1 1 1 3 4 0
5 1 0 2 0 6 0 1
5 2 1 3 0 7 1 0
2 2 1 0 1 2 4 0
6 2 0 2 0 9 0 0
7 2 0 2 0 11 0 0
2 1 0 0 0 1 0 1
4 2 1 2 0 5 1 0
2 2 2 0 2 2 5 0
3 2 1 3 0 5 1 0
4 2 1 2 1 4 3 0
3 2 1 2 1 3 3 0
3 1 0 1 0 2 0 1
4 2 0 2 0 7 0 0
####
3 0 0 6 0 23 8 0 9 0
3 2 0 4 0 18 10 0 5 0
4 0 0 6 0 23 8 0 7 0
4 2 0 5 0 21 9 0 5 0
4 3 0 6 0 23 8 0 8 0
8 0 0 6 0 23 8 0 4 0
8 2 0 5 0 21 9 0 2 0
8 3 0 6 0 23 8 0 5 0
8 4 0 6 0 23 8 0 3 0
9 0 0 6 0 23 8 0 5 0
9 2 0 5 0 21 9 0 4 0
9 3 0 6 0 23 8 0 6 0
9 4 0 6 0 23 8 0 4 0
9 8 0 6 0 23 8 0 1 0
10 0 0 3 0 14 11 0 4 0
10 2 0 4 0 18 10 0 5 0
10 3 0 4 0 18 10 0 6 0
10 8 0 3 0 14 11 0 2 0
13 5 1 0 0 0 15 0 0 0
13 6 0 5 0 15 9 0 6 0
20 6 1 4 0 13 17 0 4 1
25 1 0 2 0 6 12 0 2 0
25 5 1 0 0 0 15 0 0 0
25 13 1 0 0 0 15 0 0 0
25 14 1 0 0 0 15 0 0 0
17 11 2 0 8 0 13 1 0 0
17 15 2 0 8 0 13 2 0 0
26 11 2 0 8 0 13 2 0 0
26 17 2 0 8 0 13 1 0 0
26 15 2 0 8 0 13 2 0 0
29 17 2 0 8 0 13 2 0 0
29 15 2 0 8 0 13 2 0 0
29 26 2 0 8 0 13 2 0 0
27 24 3 0 14 0 11 4 0 0
30 24 3 0 14 0 11 4 0 0
30 27 3 0 14 0 11 3 0 0
30 16 3 0 14 0 11 0 0 0
18 7 4 0 18 0 10 6 0 0
19 7 4 0 18 0 10 5 0 0
21 12 5 0 21 0 9 7 0 0
####
0 27 14 11 3 0 9
3 25 0 15 1 0 14
8 23 0 15 1 0 6
7 12 0 5 1 7 2
1 26 0 14 1 1 3
13 17 0 14 1 1 6
1 11 0 14 1 1 3
6 7 10 11 3 1 5
24 18 0 7 1 5 1
9 28 8 13 2 0 7
25 26 0 14 1 2 5
0 17 8 13 2 0 9
13 29 0 14 1 1 6
25 15 0 14 1 2 5
8 16 14 11 3 0 6
19 21 0 5 1 7 1
9 20 0 15 1 0 7
28 16 0 10 1 3 3
3 13 0 15 1 0 14
8 30 14 11 3 0 6
26 30 0 10 1 5 1
2 24 14 11 3 0 4
16 19 0 7 1 5 2
4 20 0 15 1 0 9
17 27 0 10 1 3 4
12 22 0 3 1 9 1
3 5 0 15 1 0 14
0 1 0 15 1 0 9
6 19 10 11 3 1 5
15 24 0 10 1 4 2
4 6 0 15 1 0 9
8 22 23 8 6 0 6
2 21 21 9 5 0 4
10 25 0 15 1 0 7
27 7 0 7 1 4 3
20 28 0 14 1 2 4
10 14 0 15 1 0 7
2 15 8 13 2 0 4
9 12 21 9 5 0 7
