1 0 2 0 3 0 8 0
5 2 1 2 0 9 1 0
1 0 3 0 3 0 6 0
1 0 1 0 0 0 1 0
1 0 3 0 4 0 11 0
2 1 2 0 2 1 7 0
1 0 1 0 1 0 3 0
1 0 3 0 2 0 10 0
1 0 3 0 1 0 6 0
1 0 3 0 3 0 10 0
2 1 2 0 0 1 2 0
2 1 2 0 1 1 5 0
2 2 1 0 1 2 2 0
2 1 0 0 0 1 0 1
2 1 0 0 0 1 0 1
6 2 0 2 0 8 0 0
3 2 1 3 1 5 2 0
4 2 1 2 1 5 2 0
4 2 1 4 0 8 1 0
3 2 1 3 1 5 3 0
3 2 1 1 1 3 3 0
6 2 0 3 0 11 0 0
2 2 1 0 1 2 3 0
5 2 1 2 0 6 1 0
4 2 1 2 1 7 2 0
2 2 1 0 1 2 4 0
2 1 0 0 0 1 0 1
5 1 0 2 0 9 0 1
3 2 0 1 0 3 0 0
3 1 0 1 0 2 0 1
####
2 0 0 5 0 20 10 0 3 0
4 0 0 5 0 20 10 0 6 0
4 2 0 5 0 20 10 0 7 0
6 4 0 4 0 17 11 0 5 0
7 0 0 5 0 20 10 0 5 0
7 2 0 5 0 20 10 0 6 0
7 4 0 5 0 20 10 0 9 0
8 0 0 5 0 20 10 0 4 0
8 2 0 5 0 20 10 0 2 0
8 4 0 4 0 17 11 0 6 0
8 6 0 4 0 17 11 0 5 0
8 7 0 5 0 20 10 0 3 0
9 0 0 5 0 20 10 0 5 0
9 2 0 5 0 20 10 0 6 0
9 4 0 5 0 20 10 0 9 0
9 6 0 4 0 17 11 0 6 0
9 7 0 5 0 20 10 0 8 0
9 8 0 4 0 17 11 0 7 0
10 5 1 4 0 11 19 0 3 1
12 5 0 3 0 8 12 0 3 0
22 5 0 3 0 8 12 0 4 0
22 12 1 3 0 8 20 0 3 1
25 5 0 4 0 11 11 0 6 0
25 10 0 4 0 11 11 0 3 0
25 12 1 0 0 0 17 0 0 0
25 13 1 0 0 0 17 0 0 0
25 22 1 0 0 0 17 0 0 0
26 5 1 0 0 0 17 0 0 0
26 10 1 0 0 0 17 0 0 0
20 19 2 0 9 0 13 1 0 0
19 16 2 0 9 0 13 2 0 0
28 20 2 0 9 0 13 2 0 0
28 16 2 0 9 0 13 1 0 0
29 16 2 0 9 0 13 2 0 0
29 19 2 0 9 0 13 2 0 0
24 17 3 0 14 0 11 0 0 0
24 18 3 0 14 0 11 4 0 0
23 1 4 0 17 0 11 3 0 0
27 1 4 0 17 0 11 6 0 0
21 15 5 0 20 0 10 5 0 0
####
1 21 0 5 1 9 1
9 22 0 17 1 0 10
11 28 0 14 1 1 5
5 19 0 14 1 1 7
7 25 0 17 1 0 10
10 21 11 11 4 1 2
8 28 9 13 2 0 6
20 17 0 8 1 3 3
9 25 0 17 1 0 10
3 14 0 17 1 0 1
7 20 9 13 2 0 10
25 19 0 14 1 2 4
18 27 0 6 1 8 1
22 16 0 14 1 2 3
2 23 17 11 4 0 6
0 11 0 17 1 0 8
23 15 0 5 1 6 1
17 23 0 6 1 5 2
24 1 0 6 1 7 2
16 18 0 8 1 5 2
8 15 20 10 5 0 6
4 10 0 17 1 0 11
4 5 0 17 1 0 11
19 24 0 8 1 5 3
12 18 5 12 2 2 2
2 24 14 11 3 0 6
6 12 0 17 1 0 3
2 17 14 11 3 0 6
0 1 17 11 4 0 8
5 16 0 14 1 1 7
8 22 0 17 1 0 6
7 13 0 17 1 0 10
4 26 0 17 1 0 11
11 20 0 14 1 1 5
10 29 0 14 1 1 2
9 12 0 17 1 0 10
