1 0 3 0 4 0 17 0
1 0 3 0 2 0 14 0
1 0 2 0 2 0 7 0
1 0 3 0 4 0 19 0
1 0 4 0 5 0 18 0
2 1 3 0 3 1 13 0
1 0 1 0 1 0 5 0
1 0 4 0 2 0 10 0
2 1 0 0 0 1 0 1
10 2 1 2 1 16 4 0
6 2 1 2 2 7 9 0
2 1 2 0 1 1 15 0
7 2 2 2 2 9 8 0
2 2 0 0 0 2 0 0
8 2 1 2 1 11 4 0
14 2 0 2 0 22 0 0
3 2 1 1 2 3 13 0
4 2 2 2 1 5 12 0
5 2 1 2 1 6 2 0
3 1 1 1 1 2 4 0
3 2 1 1 1 3 7 0
4 2 1 1 1 4 3 0
5 2 0 2 0 7 0 0
11 2 1 4 1 19 3 0
6 2 1 2 0 8 1 0
5 2 1 2 1 6 10 0
8 2 1 4 1 13 6 0
12 2 1 2 1 20 2 0
7 1 0 2 0 9 0 1
13 2 1 2 0 21 1 0
3 1 0 1 0 2 0 1
9 2 1 3 1 14 5 0
####
1 0 0 13 0 24 8 0 23 0
2 0 0 13 0 24 8 0 15 0
2 1 0 13 0 24 8 0 16 0
3 0 0 13 0 24 8 0 24 0
3 1 0 13 0 24 8 0 25 0
3 2 0 13 0 24 8 0 17 0
4 0 0 13 0 24 8 0 21 0
4 1 0 13 0 24 8 0 22 0
4 2 0 13 0 24 8 0 14 0
4 3 0 13 0 24 8 0 23 0
6 0 0 13 0 24 8 0 15 0
6 1 0 13 0 24 8 0 16 0
6 2 0 13 0 24 8 0 8 0
6 3 0 13 0 24 8 0 17 0
6 4 0 13 0 24 8 0 14 0
7 0 0 13 0 24 8 0 18 0
7 1 0 13 0 24 8 0 19 0
7 2 0 13 0 24 8 0 11 0
7 3 0 13 0 24 8 0 20 0
7 4 0 13 0 24 8 0 17 0
7 6 0 13 0 24 8 0 11 0
11 5 0 12 0 20 5 0 19 0
13 5 1 0 0 0 11 0 0 0
13 8 1 0 0 0 11 0 0 0
20 16 0 11 0 16 5 0 17 0
20 19 2 0 4 0 11 2 0 0
30 16 2 0 4 0 11 2 0 0
21 17 3 0 8 0 9 0 0 0
22 18 4 0 10 0 10 2 0 0
25 18 4 0 10 0 10 2 0 0
25 22 4 0 10 0 10 2 0 0
24 10 5 0 13 0 9 4 0 0
28 12 6 0 15 0 9 6 0 0
26 14 7 6 17 5 10 8 8 1
####
11 16 0 8 1 1 15
6 9 20 8 9 0 5
5 31 15 5 7 1 13
31 9 0 2 1 14 5
3 11 0 11 1 0 19
1 15 24 8 13 0 14
5 19 0 8 1 1 13
4 12 15 9 6 0 18
17 25 0 5 1 5 12
4 22 10 10 4 0 18
1 29 23 8 12 0 14
27 29 0 2 1 20 2
7 20 4 11 2 0 10
20 26 9 6 5 3 7
16 17 0 6 1 3 13
0 21 8 9 3 0 17
1 16 4 11 2 0 14
3 10 13 9 5 0 19
10 12 0 4 1 7 9
4 13 0 11 1 0 18
0 17 8 9 3 0 17
14 23 2 3 3 11 4
19 21 0 6 1 2 4
12 14 0 4 1 9 8
11 30 0 8 1 1 15
24 28 0 4 1 8 1
4 5 0 11 1 0 18
0 25 10 10 4 0 17
7 27 22 8 11 0 10
18 24 0 5 1 6 2
17 22 0 5 1 5 12
2 24 13 9 5 0 7
2 14 17 9 7 0 7
21 18 0 5 1 4 3
29 15 0 2 1 21 1
25 10 0 5 1 6 10
12 26 0 4 1 9 8
7 13 0 11 1 0 10
9 23 0 2 1 16 4
26 31 0 3 1 13 6
5 20 0 8 1 1 13
3 18 10 10 4 0 19
23 27 0 2 1 19 3
7 8 0 11 1 0 10
