1 0 3 0 1 0 9 0
1 0 4 0 6 0 11 0
1 0 3 0 5 0 13 0
1 0 4 0 5 0 14 0
1 0 2 0 4 0 19 0
2 1 0 0 0 1 0 1
6 2 1 2 0 7 1 0
2 1 3 0 3 1 12 0
2 1 3 0 3 1 12 0
3 2 2 2 2 4 10 0
5 2 1 2 2 7 6 0
2 1 3 0 1 1 7 0
3 2 1 1 2 3 5 0
9 2 1 2 0 13 1 0
2 1 0 0 0 1 0 1
4 2 2 2 1 5 4 0
6 2 2 2 2 9 5 0
3 1 0 1 0 2 0 1
4 2 1 2 1 5 7 0
7 2 1 2 1 11 3 0
7 2 1 2 0 11 1 0
3 1 0 1 0 2 0 1
7 2 0 3 0 8 0 0
8 2 1 3 1 12 2 0
4 2 1 3 0 5 1 0
3 1 0 1 0 2 0 1
5 2 1 2 1 6 2 0
5 2 0 2 0 7 0 0
5 1 0 2 0 6 0 1
10 2 0 4 0 15 0 0
####
1 0 0 9 0 24 6 0 11 0
2 0 0 9 0 24 6 0 10 0
2 1 0 9 0 24 6 0 9 0
3 0 0 9 0 24 6 0 15 0
3 1 0 9 0 24 6 0 14 0
3 2 0 9 0 24 6 0 13 0
4 0 0 9 0 24 6 0 15 0
4 1 0 9 0 24 6 0 14 0
4 2 0 9 0 24 6 0 13 0
4 3 0 9 0 24 6 0 18 0
8 7 0 8 0 19 6 0 16 0
14 7 1 0 0 0 10 0 0 0
12 9 2 0 5 0 10 1 0 0
17 9 2 0 5 0 10 2 0 0
17 12 2 0 5 0 10 1 0 0
21 12 2 0 5 0 10 2 0 0
25 9 2 0 5 0 10 2 0 0
18 15 3 0 10 0 8 3 0 0
24 15 3 0 10 0 8 3 0 0
24 18 3 0 10 0 8 4 0 0
26 10 4 0 13 0 9 5 0 0
27 10 4 0 13 0 9 0 0 0
27 26 4 0 13 0 9 2 0 0
28 10 4 0 13 0 9 6 0 0
28 26 4 0 13 0 9 5 0 0
28 27 4 0 13 0 9 5 0 0
16 6 5 0 17 0 7 2 0 0
20 19 6 3 19 2 9 4 2 1
22 19 6 0 19 0 8 4 0 0
22 20 6 0 19 0 8 4 0 0
####
15 27 0 7 1 5 4
0 27 13 9 4 0 9
8 23 17 6 6 1 12
4 8 0 10 1 0 19
1 26 13 9 4 0 11
1 15 10 8 3 0 11
8 9 0 10 1 1 12
20 29 2 4 3 11 1
7 25 0 10 1 1 12
4 12 5 10 2 0 19
1 6 17 7 5 0 11
0 10 13 9 4 0 9
9 18 0 8 1 4 10
3 7 0 10 1 0 14
26 6 0 6 1 6 2
15 26 0 7 1 5 4
3 14 0 10 1 0 14
2 19 19 8 6 0 13
1 16 17 7 5 0 11
7 24 5 8 2 1 12
11 22 14 8 5 1 7
13 29 0 2 1 13 1
6 22 0 5 1 7 1
9 24 0 8 1 4 10
24 28 0 7 1 5 1
3 13 23 6 8 0 14
2 20 19 8 6 0 13
0 5 0 10 1 0 9
11 21 0 10 1 1 7
8 17 0 10 1 1 12
16 19 0 5 1 9 5
11 12 0 10 1 1 7
7 9 0 10 1 1 12
18 10 0 7 1 5 7
12 15 0 8 1 3 5
10 16 0 6 1 7 6
2 11 0 10 1 0 13
3 18 10 8 3 0 14
16 20 0 5 1 9 5
19 23 0 4 1 11 3
23 13 0 2 1 12 2
