1 0 4 0 4 0 11 0
1 0 3 0 2 0 20 0
7 2 1 2 1 11 4 0
1 0 2 0 4 0 15 0
1 0 3 0 3 0 16 0
1 0 3 0 2 0 15 0
1 0 4 0 4 0 21 0
2 1 3 0 4 1 14 0
8 2 1 4 1 15 3 0
9 2 1 3 1 16 2 0
2 1 1 0 1 1 5 0
7 2 1 2 2 13 5 0
11 2 0 2 0 18 0 0
2 1 1 0 2 1 19 0
3 2 2 1 3 3 18 0
4 2 2 2 2 5 15 0
8 2 2 2 2 15 4 0
5 2 2 3 2 8 13 0
4 2 1 2 1 5 8 0
9 2 1 2 0 16 1 0
3 2 1 1 1 3 4 0
5 2 0 2 0 6 0 0
6 2 1 2 1 9 5 0
10 1 0 2 0 17 0 1
2 1 0 0 0 1 0 1
5 2 1 2 1 6 7 0
9 2 1 3 0 16 1 0
10 2 1 2 0 17 1 0
2 1 0 0 0 1 0 1
6 2 1 4 1 12 6 0
10 2 0 2 0 17 0 0
####
1 0 0 10 0 24 7 0 12 0
3 0 0 10 0 24 7 0 11 0
3 1 0 10 0 24 7 0 15 0
4 0 0 10 0 24 7 0 11 0
4 1 0 10 0 24 7 0 15 0
4 3 0 10 0 24 7 0 14 0
5 0 0 10 0 24 7 0 9 0
5 1 0 10 0 24 7 0 13 0
5 3 0 10 0 24 7 0 12 0
5 4 0 10 0 24 7 0 12 0
6 0 0 10 0 24 7 0 14 0
6 1 0 10 0 24 7 0 18 0
6 3 0 10 0 24 7 0 17 0
6 4 0 10 0 24 7 0 17 0
6 5 0 10 0 24 7 0 15 0
10 7 0 9 0 19 6 0 10 0
13 7 0 9 0 19 6 0 14 0
13 10 0 9 0 19 6 0 12 0
20 14 2 8 5 17 9 1 10 1
18 15 3 6 7 12 11 2 10 1
21 17 4 0 9 0 9 4 0 0
25 17 4 5 9 9 12 4 8 1
25 21 4 0 9 0 9 4 0 0
29 22 5 0 12 0 8 8 0 0
11 2 6 0 14 0 8 10 0 0
16 8 7 0 16 0 8 1 0 0
19 9 8 0 18 0 9 3 0 0
26 9 8 0 18 0 9 3 0 0
26 19 8 0 18 0 9 2 0 0
27 23 9 0 21 0 9 5 0 0
30 27 9 0 21 0 9 5 0 0
30 23 9 0 21 0 9 4 0 0
####
11 16 0 4 1 13 5
26 23 0 6 1 16 1
17 29 0 5 1 8 13
2 8 0 4 1 11 4
8 9 0 5 1 15 3
0 16 16 8 7 0 11
4 22 12 8 5 0 16
20 8 9 4 5 3 4
3 7 0 11 1 0 15
0 28 0 11 1 0 11
22 2 0 4 1 9 5
5 12 24 7 10 0 15
14 18 0 4 1 3 18
5 18 7 8 3 0 15
1 14 5 8 2 0 20
6 25 9 9 4 0 21
3 27 21 9 9 0 15
25 29 0 5 1 6 7
1 24 0 11 1 0 20
6 11 14 8 6 0 21
29 11 0 4 1 12 6
17 22 0 5 1 8 13
16 26 0 5 1 15 4
14 15 0 4 1 3 18
16 19 0 5 1 15 4
7 9 13 8 7 1 14
15 17 0 5 1 5 15
9 27 0 6 1 16 2
5 10 0 11 1 0 15
18 25 0 5 1 5 8
7 26 13 8 7 1 14
13 14 0 7 1 1 19
0 19 18 9 8 0 11
15 21 0 5 1 5 15
27 12 0 4 1 17 1
4 15 7 8 3 0 16
6 20 5 8 2 0 21
10 20 0 7 1 1 5
6 13 0 11 1 0 21
7 17 4 8 3 1 14
4 21 9 9 4 0 16
1 30 21 9 9 0 20
0 2 14 8 6 0 11
19 30 0 6 1 16 1
