1 0 4 0 5 0 12 0
1 0 3 0 4 0 11 0
2 1 2 0 2 1 5 0
1 0 2 0 2 0 5 0
1 0 4 0 3 0 11 0
3 2 1 2 0 4 1 0
2 2 1 0 1 2 4 0
4 2 0 2 0 5 0 0
5 2 1 3 0 9 1 0
2 1 1 0 1 1 3 0
2 2 2 0 2 2 6 0
5 2 0 4 0 10 0 0
3 2 1 3 1 5 3 0
3 2 2 2 1 4 4 0
2 2 1 0 1 2 2 0
3 2 1 2 1 4 2 0
4 2 1 3 1 7 2 0
2 1 0 0 0 1 0 1
4 2 1 2 0 6 1 0
6 1 0 2 0 10 0 1
####
1 0 0 5 0 15 5 0 11 0
3 0 0 4 0 13 6 0 7 0
3 1 0 4 0 13 6 0 7 0
4 0 0 5 0 15 5 0 12 0
4 1 0 5 0 15 5 0 11 0
4 3 0 4 0 13 6 0 6 0
6 2 1 4 0 9 11 0 4 1
9 2 0 3 0 7 8 0 4 0
10 2 0 4 0 9 7 0 5 0
10 6 1 4 0 9 11 0 7 1
14 2 0 3 0 7 8 0 3 0
14 6 1 0 0 0 10 0 0 0
14 9 0 3 0 7 8 0 3 0
14 10 1 0 0 0 10 0 0 0
17 2 1 0 0 0 10 0 0 0
17 6 1 0 0 0 10 0 0 0
12 5 2 0 6 0 8 2 0 0
13 12 2 3 6 5 9 1 4 1
13 5 2 0 6 0 8 2 0 0
15 12 2 0 6 0 8 2 0 0
15 13 2 0 6 0 8 1 0 0
15 5 2 2 6 3 10 1 1 1
16 7 3 0 10 0 7 4 0 0
18 7 3 0 10 0 7 3 0 0
18 16 3 0 10 0 7 5 0 0
11 8 4 0 13 0 6 8 0 0
####
4 7 10 7 3 0 11
2 8 7 8 3 1 5
8 19 0 3 1 9 1
12 16 0 7 1 5 3
14 5 0 10 1 2 2
9 15 0 10 1 1 3
1 14 0 10 1 0 11
10 12 0 10 1 2 6
13 16 0 7 1 4 4
0 17 0 10 1 0 12
13 7 0 7 1 4 4
15 18 0 7 1 4 2
1 10 0 10 1 0 11
4 10 0 10 1 0 11
5 11 3 6 2 4 1
10 13 0 10 1 2 6
4 14 0 10 1 0 11
3 9 0 10 1 0 5
6 12 0 10 1 2 4
3 5 6 8 2 0 5
4 6 0 10 1 0 11
16 8 0 5 1 7 2
0 13 6 8 2 0 12
1 18 10 7 3 0 11
0 6 0 10 1 0 12
2 15 0 10 1 1 5
18 11 0 5 1 6 1
0 2 0 10 1 0 12
