1 0 3 0 3 0 17 0
1 0 2 0 0 0 2 0
1 0 4 0 2 0 10 0
1 0 3 0 2 0 11 0
1 0 2 0 5 0 17 0
1 0 3 0 3 0 11 0
2 1 2 0 3 1 9 0
4 2 1 2 1 6 2 0
6 2 1 2 2 7 3 0
2 1 3 0 3 1 16 0
1 0 2 0 3 0 11 0
2 1 0 0 0 1 0 1
5 2 1 3 0 10 1 0
2 2 1 0 2 2 7 0
2 1 0 0 0 1 0 1
3 2 1 1 2 3 10 0
2 1 0 0 0 1 0 1
4 2 2 2 2 5 9 0
5 1 0 2 0 6 0 1
7 2 2 2 0 9 2 0
3 2 1 1 1 3 2 0
8 2 0 2 0 11 0 0
6 2 0 2 0 11 0 0
3 2 2 3 2 5 6 0
8 1 0 2 0 16 0 1
5 2 2 2 2 6 7 0
4 2 1 3 0 6 1 0
5 2 0 2 0 8 0 0
7 2 1 3 0 15 1 0
6 2 1 2 1 8 2 0
8 1 0 2 0 10 0 1
4 2 1 2 1 7 2 0
####
1 0 0 7 0 22 10 0 5 0
2 0 0 7 0 22 10 0 10 0
3 0 0 7 0 22 10 0 9 0
3 1 0 4 0 13 11 0 2 0
3 2 0 7 0 22 10 0 9 0
4 0 0 7 0 22 10 0 11 0
4 1 0 7 0 22 10 0 6 0
4 2 0 7 0 22 10 0 11 0
4 3 0 7 0 22 10 0 10 0
5 0 0 7 0 22 10 0 9 0
5 1 0 7 0 22 10 0 4 0
5 2 0 7 0 22 10 0 9 0
5 3 0 7 0 22 10 0 8 0
5 4 0 7 0 22 10 0 10 0
10 0 0 7 0 22 10 0 6 0
10 1 0 7 0 22 10 0 1 0
10 2 0 7 0 22 10 0 9 0
10 3 0 7 0 22 10 0 8 0
10 4 0 7 0 22 10 0 7 0
10 5 0 7 0 22 10 0 5 0
9 6 0 6 0 16 9 0 8 0
13 6 0 6 0 16 9 0 6 0
13 9 0 6 0 16 9 0 8 0
14 6 1 0 0 0 13 0 0 0
16 13 1 0 0 0 13 0 0 0
20 15 2 0 6 0 10 0 0 0
23 15 0 5 0 13 6 0 6 0
17 7 0 4 0 9 7 0 4 0
26 17 3 0 9 0 11 2 0 0
26 7 3 0 9 0 11 3 0 0
31 17 3 0 9 0 11 1 0 0
31 7 3 0 9 0 11 4 0 0
31 26 3 0 9 0 11 1 0 0
18 12 4 0 13 0 11 3 0 0
25 18 4 0 13 0 11 4 0 0
25 12 4 0 13 0 11 3 0 0
27 18 4 0 13 0 11 4 0 0
27 25 4 0 13 0 11 4 0 0
27 12 4 0 13 0 11 3 0 0
29 8 5 0 17 0 10 6 0 0
29 22 5 0 17 0 10 5 0 0
22 8 5 0 17 0 10 5 0 0
28 19 6 0 20 0 9 8 0 0
24 21 7 0 22 0 10 10 0 0
30 21 7 0 22 0 10 10 0 0
30 24 7 0 22 0 10 10 0 0
####
1 21 22 10 7 0 2
29 28 0 5 1 8 2
2 29 17 10 5 0 10
23 31 0 7 1 5 6
0 20 6 10 2 0 17
8 19 0 5 1 7 3
17 25 0 8 1 5 9
25 8 0 7 1 6 7
23 7 0 7 1 5 6
3 14 0 13 1 0 11
5 8 17 10 5 0 11
20 26 0 7 1 3 2
4 9 0 13 1 0 17
0 15 6 10 2 0 17
9 15 0 9 1 1 16
31 12 0 8 1 7 2
2 13 0 13 1 0 10
9 12 7 10 3 1 16
3 6 0 13 1 0 11
7 28 7 6 3 6 2
19 21 0 5 1 9 2
2 16 0 13 1 0 10
25 29 0 7 1 6 7
9 20 0 9 1 1 16
5 11 0 13 1 0 11
5 17 9 11 3 0 11
10 13 0 13 1 0 11
10 19 20 9 6 0 11
4 25 13 11 4 0 17
6 23 0 9 1 1 9
6 26 3 10 2 1 9
12 22 0 7 1 10 1
15 17 0 7 1 3 10
17 18 0 8 1 5 9
28 24 0 5 1 15 1
2 7 9 11 3 0 10
13 23 0 9 1 2 7
26 27 0 8 1 6 1
3 22 17 10 5 0 11
1 27 13 11 4 0 2
0 31 9 11 3 0 17
19 30 0 5 1 9 2
