1 0 2 0 2 0 8 0
1 0 2 0 2 0 15 0
1 0 2 0 0 0 2 0
1 0 3 0 5 0 16 0
1 0 3 0 5 0 18 0
7 2 1 2 0 10 1 0
4 2 1 2 1 5 3 0
7 2 0 2 0 14 0 0
1 0 3 0 2 0 13 0
1 0 2 0 1 0 6 0
5 2 1 4 1 9 2 0
4 2 1 2 1 6 4 0
2 1 1 0 2 1 9 0
8 1 0 2 0 11 0 1
2 1 2 0 3 1 11 0
2 1 2 0 2 1 13 0
7 2 1 4 2 15 3 0
2 1 0 0 0 1 0 1
3 2 2 1 2 3 11 0
4 2 1 2 1 5 8 0
5 2 1 2 2 7 7 0
8 2 2 2 0 16 2 0
9 2 0 2 0 18 0 0
3 2 1 1 1 3 4 0
6 2 1 4 0 12 1 0
6 2 2 2 2 9 6 0
2 1 0 0 0 1 0 1
3 2 2 2 2 4 8 0
3 1 0 1 0 2 0 1
9 2 0 2 0 17 0 0
####
1 0 0 8 0 21 9 0 11 0
2 0 0 8 0 21 9 0 3 0
2 1 0 8 0 21 9 0 8 0
3 0 0 8 0 21 9 0 10 0
3 1 0 8 0 21 9 0 15 0
3 2 0 8 0 21 9 0 7 0
4 0 0 8 0 21 9 0 12 0
4 1 0 8 0 21 9 0 17 0
4 2 0 8 0 21 9 0 9 0
4 3 0 8 0 21 9 0 16 0
8 0 0 8 0 21 9 0 7 0
8 1 0 8 0 21 9 0 12 0
8 2 0 8 0 21 9 0 4 0
8 3 0 8 0 21 9 0 11 0
8 4 0 8 0 21 9 0 13 0
9 0 0 8 0 21 9 0 6 0
9 1 0 8 0 21 9 0 11 0
9 2 0 8 0 21 9 0 3 0
9 3 0 8 0 21 9 0 10 0
9 4 0 8 0 21 9 0 12 0
9 8 0 8 0 21 9 0 7 0
14 12 0 7 0 16 7 0 8 0
15 12 0 7 0 16 7 0 10 0
15 14 0 7 0 16 7 0 10 0
23 18 2 4 5 7 14 1 4 1
27 18 2 6 5 12 13 1 8 1
27 23 2 4 5 7 14 2 5 1
28 18 2 0 5 0 11 2 0 0
19 6 3 0 9 0 10 2 0 0
19 11 3 5 9 9 12 2 6 1
11 6 3 0 9 0 10 4 0 0
20 10 4 0 12 0 9 3 0 0
25 24 5 0 14 0 9 5 0 0
16 5 6 0 16 0 10 2 0 0
16 7 6 0 16 0 10 1 0 0
7 5 6 0 16 0 10 1 0 0
21 13 7 0 19 0 9 4 0 0
29 22 8 0 21 0 9 6 0 0
####
11 16 4 6 3 6 4
3 15 0 12 1 0 16
25 16 0 5 1 9 6
20 25 0 4 1 7 7
8 23 5 11 2 0 13
12 27 0 9 1 1 9
4 18 5 11 2 0 18
25 5 0 5 1 9 6
5 13 0 5 1 10 1
0 7 16 10 6 0 8
3 21 19 9 7 0 16
2 22 21 9 8 0 2
16 21 0 5 1 15 3
27 11 0 7 1 4 8
18 19 0 7 1 3 11
2 26 0 12 1 0 2
6 10 0 5 1 5 3
8 20 12 9 4 0 13
14 27 0 9 1 1 11
27 10 3 6 2 4 8
9 11 9 10 3 0 6
8 29 21 9 8 0 13
9 17 0 12 1 0 6
3 6 9 10 3 0 16
15 18 0 9 1 1 13
23 6 0 7 1 3 4
14 23 0 9 1 1 11
4 5 16 10 6 0 18
0 25 14 9 5 0 8
18 24 5 6 3 3 11
4 14 0 12 1 0 18
10 24 0 4 1 9 2
1 19 9 10 3 0 15
19 20 0 5 1 5 8
24 7 0 5 1 12 1
1 12 0 12 1 0 15
21 22 0 4 1 16 2
21 29 0 4 1 16 2
15 28 0 9 1 1 13
