1 0 3 0 2 0 10 0
1 0 2 0 2 0 8 0
1 0 2 0 1 0 3 0
1 0 3 0 4 0 12 0
1 0 2 0 2 0 5 0
6 2 1 2 1 7 4 0
1 0 2 0 1 0 4 0
1 0 2 0 0 0 2 0
2 1 2 0 2 1 7 0
2 1 1 0 1 1 8 0
3 2 1 1 1 3 5 0
4 2 1 2 1 4 6 0
2 1 0 0 0 1 0 1
2 1 0 0 0 1 0 1
8 2 1 2 1 14 2 0
9 2 1 2 0 15 1 0
4 2 1 2 1 5 4 0
2 1 0 0 0 1 0 1
3 2 1 1 1 3 7 0
2 1 0 0 0 1 0 1
7 2 1 4 1 12 3 0
10 2 0 4 0 18 0 0
2 1 0 0 0 1 0 1
5 2 1 2 1 6 5 0
3 2 1 1 0 3 1 0
####
1 0 0 9 0 17 8 0 15 0
2 0 0 9 0 17 8 0 9 0
2 1 0 9 0 17 8 0 8 0
3 0 0 9 0 17 8 0 19 0
3 1 0 9 0 17 8 0 18 0
3 2 0 9 0 17 8 0 12 0
4 0 0 9 0 17 8 0 12 0
4 1 0 9 0 17 8 0 11 0
4 2 0 9 0 17 8 0 5 0
4 3 0 9 0 17 8 0 15 0
6 0 0 9 0 17 8 0 10 0
6 1 0 9 0 17 8 0 9 0
6 2 0 9 0 17 8 0 3 0
6 3 0 9 0 17 8 0 13 0
6 4 0 9 0 17 8 0 6 0
9 8 0 8 0 10 8 0 13 0
13 9 1 0 0 0 14 0 0 0
22 19 1 0 0 0 14 0 0 0
18 10 2 7 7 7 11 1 10 1
24 10 2 7 7 7 11 2 4 1
24 18 2 7 7 7 11 1 6 1
16 11 3 6 10 5 10 3 8 1
####
3 11 10 9 3 0 12
11 23 0 3 1 4 6
9 18 0 10 1 1 8
6 14 15 8 7 0 4
8 24 0 10 1 1 7
8 10 0 10 1 1 7
7 19 0 14 1 0 2
1 10 7 10 2 0 8
1 23 12 8 4 0 8
4 16 10 9 3 0 5
14 15 0 2 1 14 2
0 5 13 8 5 0 10
18 11 0 5 1 3 7
2 24 7 10 2 0 3
6 12 0 14 1 0 4
7 22 0 14 1 0 2
20 14 0 2 1 12 3
2 17 0 14 1 0 3
23 5 0 2 1 6 5
10 16 0 5 1 3 5
4 15 16 8 8 0 5
15 21 0 2 1 15 1
0 13 0 14 1 0 10
3 8 0 14 1 0 12
5 20 0 2 1 7 4
3 18 7 10 2 0 12
16 20 2 3 3 5 4
0 9 0 14 1 0 10
24 21 7 4 7 3 1
