1 0 3 0 3 0 9 0
1 0 4 0 5 0 14 0
3 2 1 2 1 4 5 0
1 0 1 0 1 0 4 0
4 2 1 2 1 6 3 0
1 0 3 0 3 0 9 0
3 2 1 2 1 4 3 0
1 0 4 0 4 0 15 0
1 0 4 0 4 0 13 0
5 2 1 4 1 10 2 0
4 2 1 2 1 5 4 0
7 2 1 4 0 19 1 0
2 1 2 0 3 1 9 0
2 2 1 0 1 2 5 0
3 2 2 1 2 3 5 0
5 2 1 2 1 7 3 0
5 2 1 2 0 6 1 0
2 2 1 0 1 2 6 0
6 2 1 4 1 11 2 0
4 2 1 2 0 5 1 0
4 2 1 2 1 4 2 0
3 2 1 1 1 2 3 0
2 2 1 0 1 2 4 0
8 2 0 4 0 22 0 0
2 1 0 0 0 1 0 1
3 2 1 2 1 4 4 0
6 1 0 2 0 7 0 1
####
1 0 0 7 0 20 7 0 16 0
3 0 0 7 0 20 7 0 9 0
3 1 0 7 0 20 7 0 13 0
5 0 0 7 0 20 7 0 14 0
5 1 0 7 0 20 7 0 18 0
5 3 0 7 0 20 7 0 11 0
7 0 0 7 0 20 7 0 16 0
7 1 0 7 0 20 7 0 20 0
7 3 0 7 0 20 7 0 13 0
7 5 0 7 0 20 7 0 18 0
8 0 0 7 0 20 7 0 18 0
8 1 0 7 0 20 7 0 22 0
8 3 0 7 0 20 7 0 15 0
8 5 0 7 0 20 7 0 20 0
8 7 0 7 0 20 7 0 22 0
13 12 0 6 0 15 6 0 9 0
17 12 0 6 0 15 6 0 10 0
17 13 1 6 0 15 12 0 9 1
22 12 0 6 0 15 6 0 8 0
22 13 1 6 0 15 12 0 7 1
22 17 1 6 0 15 12 0 8 1
24 17 1 0 0 0 11 0 0 0
24 22 1 0 0 0 11 0 0 0
14 2 2 5 5 10 12 1 5 1
14 6 2 5 5 10 12 1 3 1
21 14 2 5 5 10 12 2 3 1
21 2 2 5 5 10 12 1 6 1
21 6 0 5 0 10 6 0 4 0
6 2 2 5 5 10 12 2 6 1
25 14 0 5 0 10 6 0 4 0
25 2 2 5 5 10 12 2 7 1
25 21 0 5 0 10 6 0 5 0
25 6 2 5 5 10 12 0 5 1
10 4 3 4 10 6 11 4 5 1
19 10 3 4 10 6 11 3 3 1
19 4 3 4 10 6 11 2 2 1
20 10 3 0 10 0 10 3 0 0
20 19 3 0 10 0 10 4 0 0
15 9 4 3 14 3 10 4 3 1
16 15 4 0 14 0 9 5 0 0
16 9 4 0 14 0 9 2 0 0
26 18 5 0 17 0 8 2 0 0
####
1 21 5 11 2 0 14
8 13 0 11 1 0 13
5 13 0 11 1 0 9
5 19 10 10 3 0 9
10 15 0 7 1 5 4
11 23 0 2 1 19 1
21 9 4 8 2 2 3
0 16 14 9 4 0 9
22 6 0 10 1 2 4
1 20 10 10 3 0 14
1 2 5 11 2 0 14
4 9 0 7 1 6 3
25 4 0 9 1 4 4
13 25 0 10 1 2 5
7 24 0 11 1 0 15
8 10 10 10 3 0 13
17 2 0 10 1 2 6
9 11 2 4 2 10 2
15 18 0 5 1 7 3
3 4 10 10 3 0 4
12 21 0 10 1 1 9
7 14 5 11 2 0 15
6 18 7 7 3 4 3
12 14 0 10 1 1 9
14 19 0 9 1 3 5
0 25 5 11 2 0 9
2 10 0 9 1 4 5
5 15 14 9 4 0 9
16 26 0 5 1 6 1
8 17 0 11 1 0 13
14 20 0 9 1 3 5
7 22 0 11 1 0 15
1 12 0 11 1 0 14
8 22 0 11 1 0 13
0 6 5 11 2 0 9
7 17 0 11 1 0 15
19 23 6 5 4 5 1
18 11 0 3 1 11 2
20 16 0 7 1 4 2
