1 0 4 0 5 0 14 0
1 0 3 0 3 0 14 0
1 0 2 0 2 0 5 0
1 0 2 0 1 0 7 0
1 0 2 0 2 0 5 0
2 1 2 0 2 1 7 0
3 2 2 2 3 3 8 0
1 0 3 0 2 0 12 0
2 1 2 0 3 1 13 0
6 2 1 2 0 8 1 0
6 2 1 3 1 10 4 0
3 2 1 1 1 3 4 0
4 2 1 2 1 4 3 0
4 2 2 3 1 6 7 0
7 2 1 2 1 12 3 0
2 1 0 0 0 1 0 1
8 2 1 2 1 13 2 0
9 2 1 4 0 14 1 0
2 1 0 0 0 1 0 1
5 2 0 2 0 7 0 0
7 1 0 2 0 9 0 1
5 2 1 2 1 8 5 0
5 2 1 2 1 6 2 0
10 2 0 4 0 16 0 0
2 2 1 0 0 2 1 0
2 2 1 0 2 2 9 0
####
1 0 0 9 0 19 7 0 16 0
2 0 0 9 0 19 7 0 13 0
2 1 0 9 0 19 7 0 11 0
3 0 0 9 0 19 7 0 14 0
3 1 0 9 0 19 7 0 12 0
3 2 0 9 0 19 7 0 9 0
4 0 0 6 0 15 8 0 7 0
4 1 0 6 0 15 8 0 9 0
7 0 0 9 0 19 7 0 18 0
7 1 0 9 0 19 7 0 16 0
7 2 0 9 0 19 7 0 13 0
7 3 0 9 0 19 7 0 14 0
8 5 0 8 0 13 7 0 10 0
24 5 0 8 0 13 7 0 4 0
24 8 0 8 0 13 7 0 6 0
24 15 1 0 0 0 12 0 0 0
25 5 1 8 0 13 13 0 11 1
25 8 0 8 0 13 7 0 13 0
25 15 1 0 0 0 12 0 0 0
25 24 1 8 0 13 13 0 7 1
13 12 3 0 8 0 8 3 0 0
22 19 4 0 10 0 9 3 0 0
22 21 4 0 10 0 9 3 0 0
21 19 4 0 10 0 9 6 0 0
10 9 5 0 13 0 8 7 0 0
20 14 6 0 15 0 8 9 0 0
####
5 9 7 8 4 1 7
8 13 2 8 2 1 13
7 25 0 12 1 0 12
3 21 10 9 4 0 7
22 9 0 5 1 6 2
4 12 8 8 3 0 5
6 17 10 3 6 3 8
13 21 0 5 1 6 7
16 17 0 2 1 13 2
7 15 0 12 1 0 12
1 16 17 7 7 0 14
7 24 0 12 1 0 12
24 23 13 7 8 2 1
17 23 0 2 1 14 1
0 22 10 9 4 0 14
9 20 0 4 1 8 1
0 25 0 12 1 0 14
8 11 0 8 1 1 13
1 19 10 9 4 0 14
0 5 0 12 1 0 14
13 19 0 5 1 6 7
2 24 0 12 1 0 5
2 14 15 8 6 0 5
11 12 0 4 1 3 4
12 22 0 5 1 4 3
4 11 6 8 2 0 5
5 10 7 8 4 1 7
14 16 0 3 1 12 3
25 6 0 8 1 2 9
0 6 6 8 2 0 14
1 8 0 12 1 0 14
3 18 0 12 1 0 7
21 10 0 5 1 8 5
10 14 0 4 1 10 4
6 13 0 4 1 3 8
