1 0 3 0 1 0 4 0
1 0 3 0 4 0 17 0
8 2 2 3 2 13 9 0
1 0 3 0 3 0 7 0
1 0 3 0 3 0 13 0
1 0 3 0 3 0 14 0
9 1 0 2 0 14 0 1
1 0 4 0 3 0 17 0
1 0 3 0 5 0 26 0
12 2 1 2 0 24 1 0
1 0 3 0 3 0 24 0
2 1 3 0 4 1 25 0
5 2 1 2 2 6 13 0
2 1 1 0 1 1 2 0
2 1 1 0 1 1 7 0
3 2 1 1 1 3 15 0
6 2 1 2 1 8 5 0
2 1 0 0 0 1 0 1
9 1 2 2 2 14 7 0
3 2 1 1 0 3 1 0
10 2 2 1 2 15 5 0
3 2 1 1 2 3 9 0
2 1 0 0 0 1 0 1
12 2 0 4 0 20 0 0
4 2 2 2 1 5 8 0
11 2 1 2 0 17 1 0
6 2 2 2 1 8 12 0
5 2 1 3 1 7 6 0
2 1 0 0 0 1 0 1
7 2 1 2 2 10 10 0
13 2 0 4 0 28 0 0
3 2 2 1 0 3 2 0
7 2 1 2 1 10 4 0
4 2 1 2 1 5 14 0
8 2 1 2 1 11 3 0
4 2 0 2 0 4 0 0
10 2 0 1 0 16 0 0
5 1 0 2 0 6 0 1
2 1 0 0 0 1 0 1
11 2 1 4 1 23 2 0
7 2 1 2 2 10 10 0
####
1 0 0 11 0 30 10 0 6 0
3 0 0 11 0 30 10 0 2 0
3 1 0 12 0 32 9 0 13 0
4 0 0 11 0 30 10 0 6 0
4 1 0 12 0 32 9 0 19 0
4 3 0 12 0 32 9 0 10 0
5 0 0 11 0 30 10 0 8 0
5 1 0 12 0 32 9 0 19 0
5 3 0 12 0 32 9 0 10 0
5 4 0 12 0 32 9 0 16 0
7 0 0 11 0 30 10 0 10 0
7 1 0 12 0 32 9 0 22 0
7 3 0 12 0 32 9 0 13 0
7 4 0 12 0 32 9 0 19 0
7 5 0 12 0 32 9 0 19 0
8 0 0 11 0 30 10 0 13 0
8 1 0 12 0 32 9 0 29 0
8 3 0 12 0 32 9 0 20 0
8 4 0 12 0 32 9 0 26 0
8 5 0 12 0 32 9 0 26 0
8 7 0 12 0 32 9 0 29 0
10 0 0 11 0 30 10 0 11 0
10 1 0 12 0 32 9 0 29 0
10 3 0 12 0 32 9 0 20 0
10 4 0 12 0 32 9 0 26 0
10 5 0 12 0 32 9 0 26 0
10 7 0 12 0 32 9 0 29 0
10 8 0 12 0 32 9 0 36 0
13 11 0 11 0 25 8 0 18 0
14 11 0 11 0 25 8 0 23 0
14 13 0 11 0 25 8 0 7 0
38 13 1 0 0 0 15 0 0 0
19 15 0 10 0 21 5 0 10 0
21 15 2 10 7 21 13 2 17 1
21 19 0 10 0 21 5 0 7 0
31 15 2 9 7 19 14 2 9 1
31 19 2 0 7 0 12 1 0 0
31 21 2 0 7 0 12 2 0 0
33 24 3 9 11 18 12 4 15 1
35 24 3 0 11 0 11 4 0 0
35 33 3 0 11 0 11 4 0 0
27 12 4 8 14 15 12 6 13 1
37 27 4 0 14 0 11 2 0 0
37 12 4 0 14 0 11 6 0 0
26 16 5 7 17 13 11 8 11 1
32 29 6 6 19 10 12 0 8 1
40 32 6 6 19 10 12 3 8 1
40 29 6 6 19 10 12 2 10 1
34 2 7 5 22 8 11 5 6 1
18 6 8 0 24 0 10 4 0 0
36 20 9 0 26 0 10 6 0 0
39 25 10 0 28 0 10 13 0 0
23 9 11 0 30 0 10 15 0 0
####
5 9 30 10 11 0 14
8 35 11 11 3 0 26
20 25 0 4 1 15 5
33 12 0 6 1 5 14
2 18 0 4 1 13 9
7 12 14 11 4 0 17
24 37 0 6 1 5 8
4 32 19 11 6 0 13
10 15 7 12 2 0 24
26 40 0 5 1 8 12
10 21 7 12 2 0 24
5 26 17 10 5 0 14
31 23 19 6 9 3 2
3 38 0 15 1 0 7
0 36 26 10 9 0 4
25 23 0 4 1 17 1
34 39 4 4 3 11 3
0 28 0 15 1 0 4
7 33 11 11 3 0 17
11 31 0 11 1 1 25
1 16 17 10 5 0 17
24 27 0 6 1 5 8
26 29 0 5 1 8 12
8 20 26 10 9 0 26
27 16 0 5 1 7 6
7 19 7 12 2 0 17
20 39 0 4 1 15 5
16 32 0 5 1 8 5
14 27 7 10 3 1 7
3 31 7 12 2 0 7
31 35 0 7 1 3 2
4 34 22 10 7 0 13
18 20 0 4 1 14 7
32 34 0 5 1 10 4
1 24 11 11 3 0 17
2 6 0 4 1 13 9
3 13 0 15 1 0 7
0 25 28 10 10 0 4
5 17 0 15 1 0 14
8 11 0 15 1 0 26
1 40 19 11 6 0 17
29 2 0 5 1 10 10
13 19 0 11 1 1 2
11 21 0 11 1 1 25
7 22 0 15 1 0 17
4 29 19 11 6 0 13
40 2 0 5 1 10 10
12 26 0 5 1 6 13
18 36 0 4 1 14 7
15 33 0 7 1 3 15
10 14 0 15 1 0 24
9 30 0 3 1 24 1
19 30 21 5 10 3 1
11 15 0 11 1 1 25
21 24 0 7 1 3 9
39 9 0 4 1 23 2
