1 0 3 0 3 0 6 0
1 0 3 0 2 0 10 0
1 0 4 0 5 0 18 0
1 0 4 0 5 0 19 0
1 0 3 0 2 0 7 0
5 2 1 2 0 6 1 0
1 0 2 0 2 0 8 0
4 2 1 2 2 5 4 0
5 2 1 2 1 7 2 0
5 2 1 2 0 7 1 0
2 1 3 0 3 1 11 0
2 1 2 0 2 1 8 0
3 2 1 1 0 3 1 0
6 2 0 2 0 9 0 0
2 1 1 0 1 1 5 0
3 2 1 1 2 3 4 0
7 1 0 2 0 16 0 1
2 1 0 0 0 1 0 1
3 2 1 1 1 3 3 0
3 2 1 1 1 3 3 0
3 2 1 1 1 3 4 0
4 2 1 2 1 5 2 0
4 2 1 2 1 5 3 0
5 2 2 4 1 9 3 0
6 2 0 4 0 15 0 0
6 2 1 4 0 15 1 0
2 1 0 0 0 1 0 1
4 2 1 2 1 5 2 0
4 1 0 2 0 4 0 1
3 2 1 1 1 3 5 0
####
1 0 0 6 0 23 7 0 6 0
2 0 0 6 0 23 7 0 11 0
2 1 0 6 0 23 7 0 13 0
3 0 0 6 0 23 7 0 9 0
3 1 0 6 0 23 7 0 11 0
3 2 0 6 0 23 7 0 16 0
4 0 0 6 0 23 7 0 5 0
4 1 0 6 0 23 7 0 7 0
4 2 0 6 0 23 7 0 12 0
4 3 0 6 0 23 7 0 10 0
6 0 0 6 0 23 7 0 5 0
6 1 0 6 0 23 7 0 7 0
6 2 0 6 0 23 7 0 12 0
6 3 0 6 0 23 7 0 10 0
6 4 0 6 0 23 7 0 6 0
11 10 0 4 0 15 8 0 6 0
14 10 0 5 0 18 6 0 10 0
14 11 1 4 0 15 14 0 5 1
26 10 1 0 0 0 11 0 0 0
15 12 2 0 5 0 12 1 0 0
18 12 2 0 5 0 12 1 0 0
18 15 2 3 5 9 15 2 3 1
19 12 2 0 5 0 12 1 0 0
19 15 2 0 5 0 12 2 0 0
19 18 2 0 5 0 12 2 0 0
20 12 2 0 5 0 12 0 0 0
20 15 2 4 5 12 13 1 5 1
20 18 2 0 5 0 12 1 0 0
20 19 2 0 5 0 12 1 0 0
29 12 2 0 5 0 12 2 0 0
29 15 2 4 5 12 13 1 5 1
29 18 2 3 5 9 15 0 4 1
29 19 2 0 5 0 12 1 0 0
29 20 2 4 5 12 13 2 6 1
21 7 3 0 11 0 11 3 0 0
22 21 3 0 11 0 11 3 0 0
22 7 3 3 11 7 12 4 4 1
27 21 3 0 11 0 11 4 0 0
27 22 3 0 11 0 11 3 0 0
27 7 3 2 11 4 14 2 2 1
28 21 3 0 11 0 11 3 0 0
28 22 3 0 11 0 11 4 0 0
28 27 3 0 11 0 11 3 0 0
28 7 3 0 11 0 11 4 0 0
9 8 4 0 16 0 10 5 0 0
9 5 4 0 16 0 10 6 0 0
8 5 4 0 16 0 10 1 0 0
23 9 4 0 16 0 10 6 0 0
23 8 4 2 16 3 11 7 2 1
23 5 4 1 16 0 13 4 0 1
24 13 5 0 20 0 9 6 0 0
25 13 5 0 20 0 9 3 0 0
25 24 5 0 20 0 9 3 0 0
####
25 16 0 4 1 15 1
0 27 11 11 3 0 6
3 11 0 11 1 0 19
6 21 11 11 3 0 8
21 9 0 9 1 5 2
4 22 11 11 3 0 7
1 29 5 12 2 0 10
11 19 0 11 1 1 8
3 14 0 11 1 0 19
2 26 0 11 1 0 18
2 19 5 12 2 0 18
15 23 5 10 2 3 4
6 7 11 11 3 0 8
4 9 16 10 4 0 7
18 27 0 11 1 3 3
10 12 0 11 1 1 11
3 20 5 12 2 0 19
27 5 0 9 1 5 2
11 18 0 11 1 1 8
12 28 0 11 1 3 1
7 23 0 9 1 5 4
23 25 0 7 1 9 3
8 25 0 7 1 7 2
19 21 0 11 1 3 3
29 7 0 11 1 3 5
20 22 0 11 1 3 4
1 13 20 9 5 0 10
5 24 0 7 1 6 1
2 10 0 11 1 0 18
0 5 16 10 4 0 6
14 15 0 11 1 1 5
0 8 16 10 4 0 6
23 24 0 7 1 9 3
9 13 0 7 1 7 1
3 12 5 12 2 0 19
4 17 0 11 1 0 7
1 18 5 12 2 0 10
10 20 0 11 1 1 11
22 8 0 9 1 5 3
2 15 5 12 2 0 18
10 29 0 11 1 1 11
