1 0 3 0 3 0 8 0
1 0 3 0 4 0 15 0
1 0 3 0 2 0 4 0
7 2 1 2 1 9 5 0
1 0 2 0 2 0 11 0
1 0 2 0 1 0 3 0
1 0 1 0 1 0 3 0
1 0 3 0 2 0 12 0
2 1 2 0 2 1 5 0
2 2 1 0 1 2 10 0
9 2 1 2 1 11 3 0
3 1 1 1 0 2 1 0
10 2 1 2 1 13 2 0
11 2 1 2 0 15 1 0
3 2 1 2 1 3 9 0
4 2 1 2 1 5 8 0
5 2 1 2 1 7 7 0
2 1 0 0 0 1 0 1
12 1 0 2 0 16 0 1
4 2 0 1 0 4 0 0
3 2 1 1 1 3 2 0
4 2 1 2 0 4 1 0
6 2 1 2 1 8 6 0
5 2 0 2 0 6 0 0
8 2 1 2 1 10 4 0
####
1 0 0 11 0 17 8 0 15 0
2 1 0 4 0 9 9 0 5 0
4 0 0 11 0 17 8 0 17 0
4 1 0 11 0 17 8 0 18 0
5 0 0 11 0 17 8 0 8 0
5 1 0 11 0 17 8 0 9 0
5 2 0 4 0 9 9 0 2 0
5 4 0 11 0 17 8 0 11 0
6 0 0 11 0 17 8 0 9 0
6 1 0 11 0 17 8 0 10 0
6 4 0 11 0 17 8 0 12 0
6 5 0 11 0 17 8 0 3 0
7 0 0 11 0 17 8 0 17 0
7 1 0 11 0 17 8 0 18 0
7 4 0 11 0 17 8 0 20 0
7 5 0 11 0 17 8 0 11 0
7 6 0 11 0 17 8 0 12 0
17 9 1 0 0 0 10 0 0 0
20 11 2 0 3 0 10 2 0 0
19 15 3 0 6 0 10 2 0 0
21 15 3 0 6 0 10 2 0 0
21 19 3 0 6 0 10 4 0 0
23 16 4 0 9 0 9 4 0 0
####
5 13 16 8 10 0 3
1 15 6 10 3 0 15
0 16 9 9 4 0 8
0 3 12 8 6 0 8
5 23 9 9 4 0 3
11 19 0 6 1 2 1
3 24 0 2 1 9 5
2 19 6 10 3 0 4
4 9 0 10 1 0 11
12 13 0 2 1 13 2
20 21 0 6 1 3 2
7 24 13 8 7 0 12
10 12 0 2 1 11 3
8 20 0 6 1 1 5
16 22 0 3 1 7 7
1 10 14 8 8 0 15
24 10 0 2 1 10 4
22 3 0 2 1 8 6
0 22 11 8 5 0 8
9 14 0 6 1 2 10
8 11 0 6 1 1 5
21 23 0 5 1 4 1
2 20 3 10 2 0 4
4 14 3 10 2 0 11
14 15 0 6 1 3 9
6 12 15 8 9 0 3
7 9 0 10 1 0 12
2 21 6 10 3 0 4
1 8 0 10 1 0 15
13 18 0 2 1 15 1
7 17 0 10 1 0 12
15 16 0 5 1 5 8
