1 0 4 0 5 0 19 0
1 0 2 0 3 0 12 0
13 1 1 2 0 20 1 0
1 0 2 0 2 0 12 0
1 0 4 0 3 0 13 0
5 2 1 2 1 6 7 0
7 2 1 2 1 9 8 0
1 0 3 0 3 0 14 0
5 2 1 2 1 6 8 0
9 2 1 4 1 16 6 0
5 2 1 2 1 7 10 0
2 1 2 0 2 1 17 0
2 1 0 0 0 1 0 1
2 1 0 0 0 1 0 1
10 2 1 2 2 17 5 0
14 1 0 1 0 21 0 1
3 2 1 1 1 3 12 0
3 2 1 1 2 3 11 0
11 2 2 2 1 18 4 0
6 2 1 2 1 8 9 0
4 2 1 2 1 5 11 0
4 2 2 2 2 4 10 0
12 1 0 2 0 19 0 1
8 2 1 4 1 14 7 0
12 2 1 2 1 19 2 0
####
1 0 0 13 0 19 6 0 26 0
3 0 0 13 0 19 6 0 26 0
3 1 0 13 0 19 6 0 20 0
4 0 0 13 0 19 6 0 26 0
4 1 0 13 0 19 6 0 20 0
4 3 0 13 0 19 6 0 20 0
7 0 0 13 0 19 6 0 28 0
7 1 0 13 0 19 6 0 22 0
7 3 0 13 0 19 6 0 22 0
7 4 0 13 0 19 6 0 22 0
12 11 1 0 0 0 8 0 0 0
17 16 2 11 3 14 8 2 19 1
21 20 3 10 5 12 8 4 17 1
10 5 4 9 7 9 9 6 13 1
10 8 4 9 7 9 9 6 14 1
8 5 4 9 7 9 9 6 11 1
24 22 11 0 16 0 7 28 0 0
####
11 16 0 5 1 1 17
1 21 5 7 3 0 12
5 9 3 4 4 6 7
18 22 0 3 1 18 4
8 23 2 4 3 6 8
1 17 3 7 2 0 12
7 16 3 7 2 0 14
3 14 14 6 9 0 12
14 18 0 2 1 17 5
7 24 16 7 11 0 14
3 20 5 7 3 0 12
21 8 0 5 1 4 10
4 13 0 8 1 0 13
0 11 0 8 1 0 19
21 5 0 5 1 4 10
4 10 7 8 4 0 13
9 14 0 2 1 16 6
19 6 0 2 1 8 9
4 5 7 8 4 0 13
18 24 0 3 1 18 4
10 19 0 4 1 7 10
0 18 15 6 10 0 19
0 12 0 8 1 0 19
20 10 0 5 1 5 11
6 23 0 2 1 9 8
24 2 0 3 1 19 2
11 17 0 5 1 1 17
4 6 11 6 6 0 13
0 19 10 6 5 0 19
23 9 0 2 1 14 7
17 21 0 4 1 3 11
16 20 0 4 1 3 12
2 15 0 2 1 20 1
7 8 7 8 4 0 14
