1 0 2 0 2 0 8 0
1 0 3 0 2 0 6 0
1 0 2 0 2 0 10 0
1 0 1 0 1 0 4 0
1 0 3 0 3 0 6 0
1 0 2 0 1 0 3 0
1 0 3 0 4 0 11 0
2 1 2 0 1 1 6 0
1 0 3 0 1 0 7 0
5 2 1 2 1 6 2 0
2 1 0 0 0 1 0 1
2 1 2 0 2 1 4 0
4 2 1 2 0 5 1 0
2 2 0 0 0 2 0 0
3 2 1 1 1 3 4 0
2 1 0 0 0 1 0 1
2 1 2 0 2 1 8 0
5 1 0 2 0 6 0 1
3 2 1 1 0 3 1 0
3 2 1 1 1 3 4 0
6 2 1 3 0 9 1 0
4 2 1 2 1 5 3 0
6 2 1 2 0 8 1 0
4 2 1 2 1 5 3 0
7 2 0 2 0 11 0 0
5 2 1 2 1 7 2 0
3 2 1 1 1 3 2 0
4 1 0 2 0 4 0 1
7 2 0 3 0 11 0 0
2 1 0 0 0 1 0 1
####
1 0 0 6 0 20 10 0 5 0
2 0 0 6 0 20 10 0 6 0
2 1 0 6 0 20 10 0 9 0
3 0 0 6 0 20 10 0 4 0
3 1 0 6 0 20 10 0 7 0
3 2 0 6 0 20 10 0 8 0
4 0 0 6 0 20 10 0 8 0
4 2 0 6 0 20 10 0 3 0
5 2 0 4 0 15 11 0 4 0
6 0 0 6 0 20 10 0 3 0
6 1 0 6 0 20 10 0 6 0
6 2 0 6 0 20 10 0 7 0
6 3 0 6 0 20 10 0 5 0
6 4 0 6 0 20 10 0 5 0
6 5 0 4 0 15 11 0 3 0
8 0 0 6 0 20 10 0 9 0
8 2 0 6 0 20 10 0 4 0
8 4 0 6 0 20 10 0 7 0
8 5 0 1 0 0 15 0 0 0
8 6 0 6 0 20 10 0 6 0
10 7 1 0 0 0 15 0 0 0
11 7 0 5 0 13 9 0 5 0
15 13 1 0 0 0 15 0 0 0
16 7 0 5 0 13 9 0 4 0
26 18 2 0 7 0 12 1 0 0
26 19 2 0 7 0 12 2 0 0
21 12 3 0 11 0 12 4 0 0
27 23 3 0 11 0 12 1 0 0
27 12 3 0 11 0 12 3 0 0
25 17 4 0 15 0 11 6 0 0
22 20 5 0 18 0 10 2 0 0
28 24 6 0 20 0 10 6 0 0
####
8 13 0 15 1 0 7
4 18 7 12 2 0 6
5 13 0 15 1 0 3
0 7 0 15 1 0 8
3 21 11 12 3 0 4
0 10 0 15 1 0 8
1 29 0 15 1 0 6
8 14 7 12 2 0 7
4 9 15 11 4 0 6
5 12 11 12 3 0 3
18 27 0 8 1 3 1
4 23 11 12 3 0 6
6 25 15 11 4 0 11
12 17 0 7 1 5 1
7 28 13 9 5 1 6
22 28 0 4 1 8 1
11 18 0 11 1 1 4
25 22 0 5 1 7 2
26 12 0 8 1 3 2
8 15 0 15 1 0 7
19 21 0 8 1 3 4
14 23 0 8 1 3 4
2 16 0 15 1 0 10
7 14 0 11 1 1 6
9 20 0 5 1 6 2
6 11 0 15 1 0 11
1 19 7 12 2 0 6
16 26 0 11 1 1 8
2 24 20 10 6 0 10
16 19 0 11 1 1 8
6 26 7 12 2 0 11
21 25 0 7 1 5 3
1 22 18 10 5 0 6
20 24 0 4 1 9 1
23 9 0 7 1 5 3
11 20 11 9 4 1 4
