1 0 4 0 2 0 8 0
1 0 3 0 6 0 17 0
2 1 0 0 0 1 0 1
1 0 1 0 0 0 1 0
1 0 2 0 4 0 21 0
1 0 3 0 4 0 12 0
1 0 3 0 4 0 9 0
2 1 2 0 3 1 7 0
5 2 1 2 2 6 4 0
2 1 2 0 2 1 8 0
8 1 0 2 0 14 0 1
2 1 2 0 3 1 14 0
3 2 2 1 3 3 10 0
3 2 1 2 1 4 2 0
4 2 1 2 0 6 1 0
6 2 2 2 1 7 3 0
4 2 2 2 1 5 6 0
4 2 1 2 1 5 2 0
7 2 1 2 0 9 1 0
5 2 0 2 0 8 0 0
5 1 0 2 0 6 0 1
7 1 0 2 0 8 0 1
4 1 0 2 0 4 0 1
3 2 2 1 1 3 7 0
6 2 2 3 1 9 3 0
4 2 1 2 1 5 5 0
7 2 1 4 0 13 1 0
7 2 0 3 0 10 0 0
8 2 0 2 0 11 0 0
5 2 1 2 2 6 4 0
####
1 0 0 7 0 22 8 0 9 0
3 1 0 7 0 22 8 0 5 0
4 0 0 7 0 22 8 0 12 0
4 1 0 7 0 22 8 0 11 0
4 3 0 7 0 22 8 0 6 0
5 0 0 7 0 22 8 0 11 0
5 1 0 7 0 22 8 0 6 0
5 3 0 7 0 22 8 0 1 0
5 4 0 7 0 22 8 0 7 0
6 0 0 4 0 12 10 0 1 0
6 1 0 7 0 22 8 0 9 0
6 3 0 7 0 22 8 0 4 0
6 4 0 7 0 22 8 0 10 0
6 5 0 7 0 22 8 0 5 0
9 7 0 6 0 18 6 0 7 0
11 7 0 6 0 18 6 0 5 0
11 9 0 6 0 18 6 0 8 0
13 12 2 0 4 0 9 1 0 0
23 12 2 5 4 15 11 1 6 1
23 13 2 0 4 0 9 1 0 0
16 14 3 0 7 0 11 3 0 0
17 14 3 0 7 0 11 3 0 0
17 16 3 0 7 0 11 2 0 0
22 14 3 0 7 0 11 3 0 0
22 16 3 0 7 0 11 3 0 0
22 17 3 0 7 0 11 3 0 0
25 14 3 0 7 0 11 3 0 0
25 16 3 0 7 0 11 3 0 0
25 17 3 4 7 10 13 3 4 1
25 22 3 0 7 0 11 2 0 0
19 8 4 0 12 0 10 1 0 0
20 19 4 0 12 0 10 5 0 0
20 8 4 0 12 0 10 5 0 0
29 19 4 0 12 0 10 5 0 0
29 20 4 0 12 0 10 4 0 0
29 8 4 0 12 0 10 5 0 0
24 15 5 0 16 0 8 4 0 0
26 18 6 0 18 0 10 8 0 0
26 21 6 0 18 0 10 8 0 0
27 26 6 0 18 0 10 6 0 0
27 18 6 0 18 0 10 6 0 0
27 21 6 0 18 0 10 6 0 0
21 18 6 0 18 0 10 8 0 0
28 10 7 0 22 0 8 10 0 0
####
5 9 0 10 1 0 12
0 2 0 10 1 0 8
23 22 0 8 1 3 7
24 26 0 6 1 9 3
1 15 16 8 5 0 17
3 28 22 8 7 0 1
12 16 0 8 1 3 10
25 8 0 9 1 5 5
6 14 7 11 3 0 9
26 10 0 6 1 13 1
8 24 0 6 1 6 4
6 29 12 10 4 0 9
24 27 0 6 1 9 3
7 24 12 6 4 1 7
5 18 18 10 6 0 12
16 29 0 9 1 5 6
4 23 4 9 2 0 21
12 17 0 8 1 3 10
15 18 0 6 1 7 3
23 25 0 8 1 3 7
11 13 0 7 1 1 14
14 19 0 9 1 6 1
0 25 7 11 3 0 8
5 17 7 11 3 0 12
18 28 0 6 1 9 1
0 8 12 10 4 0 8
11 12 0 7 1 1 14
29 15 0 6 1 6 4
4 11 0 10 1 0 21
16 20 0 9 1 5 6
9 27 14 8 5 1 8
1 12 4 9 2 0 17
13 14 0 8 1 4 2
0 19 12 10 4 0 8
7 13 0 7 1 1 7
15 21 0 6 1 7 3
9 23 0 7 1 1 8
1 7 0 10 1 0 17
17 26 6 9 3 5 2
6 16 7 11 3 0 9
