1 0 4 0 2 0 6 0
1 0 3 0 2 0 9 0
1 0 3 0 3 0 7 0
1 0 3 0 5 0 17 0
8 2 0 2 0 12 0 0
1 0 3 0 3 0 6 0
1 0 2 0 5 0 22 0
2 1 2 0 2 1 9 0
2 1 3 0 3 1 11 0
3 2 2 1 3 3 8 0
5 2 1 2 1 8 3 0
2 1 2 0 2 1 9 0
4 2 1 2 0 4 1 0
6 2 1 2 1 10 2 0
5 1 0 2 0 5 0 1
2 1 0 0 0 1 0 1
5 2 1 2 1 7 3 0
4 2 1 2 0 4 1 0
3 2 1 2 1 4 5 0
3 2 1 2 1 4 2 0
3 2 1 1 1 3 2 0
8 1 0 2 0 12 0 1
6 2 1 2 1 8 2 0
7 2 1 4 0 11 1 0
4 2 2 2 1 5 5 0
5 2 0 2 0 6 0 0
5 2 0 2 0 7 0 0
3 1 0 1 0 2 0 1
7 2 1 2 0 11 1 0
4 2 1 2 1 6 4 0
####
1 0 0 7 0 22 8 0 7 0
2 0 0 4 0 13 11 0 1 0
2 1 0 7 0 22 8 0 7 0
3 0 0 7 0 22 8 0 9 0
3 1 0 7 0 22 8 0 10 0
3 2 0 7 0 22 8 0 11 0
5 0 0 7 0 22 8 0 5 0
5 1 0 7 0 22 8 0 6 0
5 3 0 7 0 22 8 0 8 0
6 0 0 7 0 22 8 0 9 0
6 1 0 7 0 22 8 0 10 0
6 2 0 7 0 22 8 0 11 0
6 3 0 7 0 22 8 0 12 0
6 5 0 7 0 22 8 0 8 0
8 7 0 6 0 18 6 0 8 0
11 7 0 6 0 18 6 0 10 0
11 8 1 0 0 0 10 0 0 0
18 9 2 0 4 0 11 1 0 0
19 9 2 5 4 13 13 1 5 1
19 18 2 0 4 0 11 2 0 0
20 9 2 0 4 0 11 2 0 0
20 18 2 0 4 0 11 2 0 0
20 19 2 0 4 0 11 2 0 0
27 9 2 0 4 0 11 2 0 0
27 18 2 0 4 0 11 2 0 0
27 19 2 0 4 0 11 2 0 0
27 20 2 0 4 0 11 2 0 0
17 12 3 0 9 0 10 4 0 0
24 12 3 0 9 0 10 2 0 0
24 17 3 0 9 0 10 4 0 0
29 12 3 0 9 0 10 3 0 0
29 17 3 0 9 0 10 4 0 0
29 24 3 0 9 0 10 3 0 0
14 10 4 0 13 0 11 5 0 0
16 14 4 0 13 0 11 4 0 0
16 10 4 0 13 0 11 1 0 0
25 14 4 0 13 0 11 6 0 0
25 16 4 0 13 0 11 6 0 0
25 10 4 0 13 0 11 0 0 0
26 14 4 0 13 0 11 4 0 0
26 16 4 0 13 0 11 2 0 0
26 25 4 0 13 0 11 0 0 0
26 10 4 0 13 0 11 0 0 0
22 13 5 0 18 0 8 3 0 0
28 23 6 0 20 0 8 5 0 0
21 4 7 0 22 0 8 7 0 0
####
23 4 0 4 1 11 1
22 23 0 4 1 8 2
5 13 18 8 5 0 6
24 26 0 9 1 5 5
8 9 0 9 1 1 11
8 19 0 9 1 1 11
2 22 18 8 5 0 7
17 25 0 9 1 4 1
0 10 13 11 4 0 6
3 7 0 10 1 0 17
1 29 9 10 3 0 9
20 17 0 9 1 3 2
0 28 20 8 6 0 6
1 16 13 11 4 0 9
7 19 0 9 1 1 9
16 22 0 7 1 7 3
9 24 0 9 1 3 8
11 18 0 9 1 1 9
12 14 0 9 1 4 1
6 11 0 10 1 0 22
0 25 13 11 4 0 6
10 13 0 7 1 8 3
5 17 9 10 3 0 6
7 18 0 9 1 1 9
1 4 22 8 7 0 9
13 28 0 4 1 10 2
3 9 4 11 2 0 17
2 24 9 10 3 0 7
3 12 9 10 3 0 17
6 8 0 10 1 0 22
0 26 13 11 4 0 6
24 16 0 9 1 5 5
29 10 0 9 1 6 4
28 21 0 4 1 11 1
5 20 4 11 2 0 6
18 29 0 9 1 4 5
11 20 0 9 1 1 9
2 15 0 10 1 0 7
19 23 11 7 4 4 2
8 27 0 9 1 1 11
9 12 0 9 1 3 8
