1 0 4 0 5 0 18 0
1 0 2 0 3 0 9 0
1 0 4 0 5 0 22 0
5 2 1 2 1 6 6 0
1 0 3 0 2 0 5 0
1 0 2 0 4 0 10 0
1 0 3 0 4 0 8 0
8 2 1 2 1 9 2 0
2 1 2 0 2 1 5 0
2 1 1 0 0 1 1 0
5 2 1 2 0 7 1 0
5 2 1 2 2 5 6 0
2 1 2 0 3 1 18 0
7 2 1 2 2 8 4 0
3 1 0 1 0 2 0 1
8 2 2 2 1 10 3 0
6 2 2 2 1 7 5 0
3 2 2 1 1 3 3 0
9 2 1 2 0 12 1 0
3 2 2 1 3 3 17 0
4 2 2 2 2 5 8 0
3 2 0 1 0 3 0 0
7 2 1 2 1 8 3 0
10 1 0 2 0 14 0 1
7 1 0 2 0 8 0 1
9 2 1 4 0 13 1 0
9 2 0 2 0 12 0 0
4 2 1 2 1 4 7 0
4 1 0 2 0 4 0 1
6 2 1 3 1 7 5 0
10 2 0 4 0 15 0 0
####
1 0 0 9 0 23 8 0 15 0
2 0 0 9 0 23 8 0 17 0
2 1 0 9 0 23 8 0 16 0
4 0 0 9 0 23 8 0 9 0
4 1 0 9 0 23 8 0 8 0
4 2 0 9 0 23 8 0 10 0
5 0 0 9 0 23 8 0 10 0
5 1 0 9 0 23 8 0 9 0
5 2 0 9 0 23 8 0 11 0
5 4 0 9 0 23 8 0 3 0
6 0 0 9 0 23 8 0 9 0
6 1 0 9 0 23 8 0 8 0
6 2 0 9 0 23 8 0 10 0
6 4 0 9 0 23 8 0 2 0
6 5 0 9 0 23 8 0 3 0
12 8 0 8 0 20 5 0 9 0
17 14 2 0 3 0 10 2 0 0
19 17 2 7 3 16 12 1 7 1
21 17 2 0 3 0 10 0 0 0
21 19 2 0 3 0 10 1 0 0
27 20 3 0 7 0 9 2 0 0
28 20 3 0 7 0 9 3 0 0
28 27 3 0 7 0 9 3 0 0
10 3 4 5 10 10 11 4 4 1
11 3 4 0 10 0 9 4 0 0
11 10 4 0 10 0 9 4 0 0
29 16 5 0 13 0 8 6 0 0
22 13 6 0 15 0 9 8 0 0
24 22 6 0 15 0 9 8 0 0
24 13 6 0 15 0 9 8 0 0
15 7 7 0 18 0 8 10 0 0
25 18 8 0 20 0 9 12 0 0
26 25 8 0 20 0 9 12 0 0
26 18 8 0 20 0 9 12 0 0
30 23 9 0 23 0 8 15 0 0
####
11 16 0 5 1 5 6
20 3 0 6 1 5 8
4 18 20 9 8 0 5
0 7 18 8 7 0 18
7 25 0 5 1 9 2
17 25 13 7 6 3 3
27 11 0 6 1 4 7
2 12 0 9 1 0 22
29 13 0 5 1 7 5
0 3 10 9 4 0 18
18 30 0 5 1 12 1
16 24 0 5 1 7 5
15 26 0 5 1 10 3
1 20 7 9 3 0 9
5 8 0 9 1 0 10
8 14 0 7 1 1 5
25 23 0 5 1 13 1
10 30 10 5 5 7 1
4 9 0 9 1 0 5
17 28 0 7 1 3 3
9 21 0 7 1 1 1
6 10 10 9 4 0 8
16 22 0 5 1 7 5
0 11 10 9 4 0 18
22 7 0 5 1 8 3
15 18 0 5 1 10 3
6 22 15 9 6 0 8
2 27 7 9 3 0 22
1 13 15 9 6 0 9
13 15 0 5 1 8 4
20 10 0 6 1 5 8
5 15 18 8 7 0 10
12 29 10 5 4 1 18
8 17 0 7 1 1 5
19 20 0 7 1 3 17
2 17 3 10 2 0 22
0 19 3 10 2 0 18
2 21 3 10 2 0 22
19 27 0 7 1 3 17
12 19 0 7 1 1 18
4 26 20 9 8 0 5
3 29 0 5 1 6 6
6 16 13 8 5 0 8
