1 0 3 0 3 0 11 0
1 0 3 0 3 0 14 0
1 0 3 0 0 0 3 0
10 1 1 2 0 13 1 0
2 1 0 0 0 1 0 1
1 0 3 0 2 0 5 0
1 0 3 0 2 0 16 0
1 0 3 0 3 0 14 0
1 0 3 0 2 0 16 0
7 2 1 2 2 10 8 0
2 1 1 0 1 1 2 0
2 2 1 0 0 2 1 0
2 1 0 0 0 1 0 1
2 1 0 0 0 1 0 1
11 2 0 3 0 15 0 0
5 2 1 2 1 8 10 0
10 2 1 2 1 13 2 0
2 1 0 0 0 1 0 1
8 1 2 2 2 11 7 0
2 2 1 0 1 2 13 0
3 2 1 1 0 3 1 0
3 2 1 2 1 4 12 0
4 2 0 2 0 5 0 0
11 2 1 2 0 15 1 0
9 2 1 1 1 12 3 0
6 2 1 2 1 9 9 0
12 1 0 2 0 16 0 1
9 2 1 1 1 12 2 0
2 1 0 0 0 1 0 1
4 2 1 2 1 6 11 0
####
1 0 0 11 0 22 8 0 16 0
5 0 0 11 0 22 8 0 8 0
5 1 0 11 0 22 8 0 10 0
5 2 0 3 0 10 9 0 1 0
6 0 0 11 0 22 8 0 15 0
6 1 0 11 0 22 8 0 17 0
6 2 0 3 0 10 9 0 2 0
6 5 0 11 0 22 8 0 9 0
7 0 0 11 0 22 8 0 17 0
7 1 0 11 0 22 8 0 19 0
7 5 0 11 0 22 8 0 11 0
7 6 0 11 0 22 8 0 18 0
8 0 0 11 0 22 8 0 17 0
8 1 0 11 0 22 8 0 19 0
8 5 0 11 0 22 8 0 11 0
8 6 0 11 0 22 8 0 18 0
8 7 0 11 0 22 8 0 20 0
12 4 1 0 0 0 15 0 0 0
13 10 1 0 0 0 15 0 0 0
17 11 1 0 0 0 15 0 0 0
19 11 1 9 0 12 17 0 8 1
19 17 1 0 0 0 15 0 0 0
29 22 3 0 10 0 9 2 0 0
27 24 8 0 16 0 9 8 0 0
16 3 9 0 18 0 9 10 0 0
23 14 10 0 20 0 9 12 0 0
####
1 21 8 9 2 0 14
0 27 16 9 8 0 11
7 25 13 8 5 0 14
8 19 0 15 1 0 16
2 22 10 9 3 0 3
7 16 18 9 9 0 14
2 12 0 15 1 0 3
23 26 0 3 1 15 1
11 14 12 10 9 2 1
9 18 0 2 1 10 8
5 23 20 9 10 0 5
1 11 0 15 1 0 14
3 14 0 4 1 13 1
0 15 12 8 4 0 11
6 29 10 9 3 0 16
6 10 0 15 1 0 16
0 24 16 9 8 0 11
18 27 0 3 1 11 7
7 19 0 15 1 0 14
19 21 0 10 1 2 13
20 22 0 4 1 3 1
15 25 0 2 1 8 10
18 24 0 3 1 11 7
8 11 0 15 1 0 16
16 23 0 4 1 13 2
1 9 14 8 6 0 14
8 17 0 15 1 0 16
5 28 0 15 1 0 5
29 15 0 3 1 6 11
25 9 0 2 1 9 9
24 16 0 4 1 12 3
21 29 0 4 1 4 12
27 3 0 4 1 12 2
5 20 8 9 2 0 5
10 20 0 10 1 1 2
6 13 0 15 1 0 16
2 4 0 15 1 0 3
