1 0 3 0 3 0 10 0
1 0 3 0 1 0 5 0
1 0 4 0 6 0 17 0
1 0 2 0 1 0 3 0
1 0 2 0 2 0 10 0
1 0 3 0 2 0 13 0
2 1 2 0 2 1 8 0
3 2 1 1 1 3 4 0
2 1 2 0 1 1 7 0
5 2 1 4 1 9 3 0
2 2 0 0 0 2 0 0
3 2 1 1 1 3 2 0
6 2 1 2 1 11 2 0
3 2 1 1 1 3 5 0
2 2 1 0 1 2 5 0
4 2 1 2 1 6 3 0
7 2 1 2 0 13 1 0
4 2 1 2 1 5 4 0
7 2 0 2 0 12 0 0
2 1 0 0 0 1 0 1
8 1 0 2 0 14 0 1
3 1 0 1 0 2 0 1
3 2 1 2 1 4 4 0
5 2 1 2 1 7 2 0
6 2 1 4 0 10 1 0
####
1 0 0 7 0 18 7 0 6 0
2 0 0 7 0 18 7 0 12 0
2 1 0 7 0 18 7 0 10 0
3 0 0 7 0 18 7 0 5 0
3 1 0 7 0 18 7 0 3 0
3 2 0 7 0 18 7 0 9 0
4 0 0 7 0 18 7 0 8 0
4 1 0 7 0 18 7 0 6 0
4 2 0 7 0 18 7 0 12 0
4 3 0 7 0 18 7 0 5 0
5 0 0 7 0 18 7 0 9 0
5 1 0 7 0 18 7 0 7 0
5 2 0 7 0 18 7 0 13 0
5 3 0 7 0 18 7 0 6 0
5 4 0 7 0 18 7 0 9 0
8 6 1 6 0 13 12 0 9 1
14 6 1 5 0 11 13 0 6 1
14 8 1 0 0 0 11 0 0 0
14 10 1 0 0 0 11 0 0 0
11 7 2 0 5 0 11 2 0 0
13 7 2 5 5 8 12 2 7 1
13 11 2 0 5 0 11 2 0 0
21 7 2 0 5 0 11 2 0 0
21 11 2 0 5 0 11 2 0 0
21 13 2 0 5 0 11 2 0 0
22 7 2 0 5 0 11 2 0 0
22 11 2 4 5 6 13 2 4 1
22 13 2 0 5 0 11 2 0 0
22 21 2 0 5 0 11 2 0 0
17 15 3 0 10 0 8 0 0 0
23 9 4 0 12 0 8 2 0 0
24 12 5 0 14 0 8 5 0 0
18 16 6 0 16 0 8 7 0 0
####
4 7 5 11 2 0 10
8 13 0 10 1 1 7
2 8 0 11 1 0 17
5 13 5 11 2 0 13
13 17 0 7 1 3 5
4 22 5 11 2 0 10
12 16 0 4 1 11 2
11 24 4 7 3 3 2
14 22 0 10 1 2 5
6 7 0 10 1 1 8
15 23 0 4 1 6 3
0 15 10 8 3 0 10
24 18 0 4 1 10 1
3 10 0 11 1 0 3
2 23 12 8 4 0 17
0 17 10 8 3 0 10
0 11 5 11 2 0 10
3 16 16 8 6 0 3
2 6 0 11 1 0 17
6 11 0 10 1 1 8
8 21 0 10 1 1 7
22 15 0 7 1 4 4
1 19 0 11 1 0 5
2 14 0 11 1 0 17
23 24 0 4 1 7 2
7 9 2 7 2 3 4
5 10 0 11 1 0 13
17 9 0 4 1 5 4
1 12 14 8 5 0 5
1 18 16 8 6 0 5
5 14 0 11 1 0 13
16 20 0 3 1 13 1
9 12 0 4 1 9 3
