1 0 2 0 2 0 8 0
1 0 3 0 2 0 9 0
1 0 4 0 4 0 9 0
1 0 3 0 4 0 15 0
2 1 3 0 4 1 11 0
1 0 2 0 2 0 4 0
3 1 3 1 1 2 9 0
1 0 4 0 3 0 12 0
8 2 1 3 1 11 2 0
4 2 1 1 1 4 6 0
2 2 1 0 1 2 3 0
2 1 2 0 2 1 4 0
3 2 1 2 0 4 1 0
5 2 1 2 1 6 5 0
9 2 1 3 0 13 1 0
3 2 1 2 1 3 2 0
4 1 0 2 0 3 0 1
2 2 1 0 1 2 2 0
10 2 0 2 0 14 0 0
4 1 0 1 0 3 0 1
5 1 0 2 0 6 0 1
3 2 0 1 0 3 0 0
4 2 1 2 0 5 1 0
3 2 1 1 0 2 1 0
4 1 0 2 0 5 0 1
4 2 0 1 0 3 0 0
6 2 1 2 1 8 4 0
7 2 1 2 1 10 3 0
2 1 0 0 0 1 0 1
####
1 0 0 9 0 22 7 0 11 0
2 0 0 9 0 22 7 0 10 0
2 1 0 9 0 22 7 0 11 0
3 0 0 9 0 22 7 0 13 0
3 1 0 9 0 22 7 0 14 0
3 2 0 9 0 22 7 0 13 0
5 1 0 4 0 16 8 0 4 0
7 0 0 9 0 22 7 0 8 0
7 1 0 9 0 22 7 0 9 0
7 2 0 9 0 22 7 0 8 0
7 3 0 9 0 22 7 0 11 0
7 5 0 4 0 16 8 0 6 0
11 4 0 8 0 17 6 0 8 0
17 4 1 0 0 0 11 0 0 0
17 10 1 0 0 0 11 0 0 0
28 11 1 0 0 0 11 0 0 0
15 12 2 0 5 0 11 2 0 0
12 6 2 0 5 0 11 2 0 0
21 6 2 0 5 0 11 2 0 0
21 15 2 0 5 0 11 1 0 0
21 12 2 0 5 0 11 2 0 0
19 9 3 0 10 0 12 4 0 0
22 9 3 0 10 0 12 0 0 0
24 9 3 0 10 0 12 4 0 0
24 19 3 0 10 0 12 4 0 0
24 22 3 0 10 0 12 4 0 0
25 9 3 0 10 0 12 4 0 0
25 19 3 0 10 0 12 4 0 0
25 24 3 0 10 0 12 4 0 0
20 13 4 0 16 0 8 2 0 0
####
6 9 0 11 1 2 9
3 25 10 12 3 0 15
7 21 5 11 2 0 12
4 8 15 6 6 1 11
13 26 0 3 1 6 5
10 15 0 10 1 2 3
11 23 0 10 1 1 4
11 14 16 6 7 1 4
3 17 0 11 1 0 15
2 26 18 7 5 0 9
22 20 0 8 1 5 1
8 14 0 2 1 11 2
14 18 0 2 1 13 1
12 24 0 11 1 4 1
2 23 5 11 2 0 9
6 25 0 11 1 2 9
7 10 0 11 1 0 12
15 22 0 11 1 3 2
23 16 0 11 1 2 1
7 27 19 7 6 0 12
4 21 0 10 1 1 11
0 12 5 11 2 0 8
5 15 5 11 2 0 4
1 9 10 12 3 0 9
6 19 0 11 1 2 9
9 13 0 8 1 4 6
5 10 0 11 1 0 4
26 27 0 2 1 8 4
4 6 0 10 1 1 11
2 28 0 11 1 0 9
1 22 10 12 3 0 9
0 13 16 8 4 0 8
2 11 0 11 1 0 9
1 18 22 7 9 0 9
17 12 0 10 1 2 2
7 17 0 11 1 0 12
27 8 0 2 1 10 3
3 4 0 11 1 0 15
