1 0 2 0 4 0 15 0
1 0 3 0 5 0 19 0
1 0 3 0 4 0 11 0
1 0 2 0 2 0 13 0
1 0 3 0 3 0 7 0
1 0 3 0 2 0 11 0
2 1 2 0 2 1 11 0
2 1 3 0 2 1 14 0
5 2 1 3 1 7 6 0
3 1 0 1 0 2 0 1
9 2 1 2 1 16 2 0
3 2 1 1 2 3 10 0
6 2 1 2 1 9 2 0
2 1 2 0 3 1 13 0
4 2 2 3 3 6 9 0
3 2 2 1 2 3 10 0
10 2 1 4 0 20 1 0
6 2 1 3 1 13 5 0
4 2 1 2 0 5 1 0
7 2 1 2 1 14 4 0
3 2 1 1 0 3 1 0
4 2 1 2 1 5 7 0
11 2 0 2 0 21 0 0
3 2 1 1 0 3 1 0
5 2 2 2 1 8 4 0
4 2 0 2 0 5 0 0
8 2 1 2 1 15 3 0
6 1 0 2 0 9 0 1
4 1 0 2 0 4 0 1
5 1 0 2 0 6 0 1
####
1 0 0 10 0 23 7 0 23 0
2 0 0 10 0 23 7 0 18 0
2 1 0 10 0 23 7 0 21 0
3 0 0 10 0 23 7 0 19 0
3 1 0 10 0 23 7 0 22 0
3 2 0 10 0 23 7 0 17 0
4 0 0 10 0 23 7 0 13 0
4 1 0 10 0 23 7 0 16 0
4 2 0 10 0 23 7 0 11 0
4 3 0 10 0 23 7 0 12 0
5 0 0 10 0 23 7 0 17 0
5 1 0 10 0 23 7 0 20 0
5 2 0 10 0 23 7 0 15 0
5 3 0 10 0 23 7 0 16 0
5 4 0 10 0 23 7 0 10 0
7 6 0 9 0 20 4 0 18 0
13 6 1 9 0 20 10 0 17 1
13 7 0 9 0 20 4 0 17 0
11 9 2 0 3 0 11 2 0 0
15 11 0 8 0 15 6 0 15 0
20 9 2 0 3 0 11 2 0 0
20 11 2 0 3 0 11 2 0 0
23 15 2 0 3 0 11 2 0 0
18 14 3 0 8 0 11 3 0 0
21 14 3 7 8 10 12 3 13 1
21 18 3 0 8 0 11 4 0 0
25 14 3 0 8 0 11 4 0 0
25 21 3 0 8 0 11 0 0 0
28 14 3 0 8 0 11 3 0 0
28 18 3 0 8 0 11 4 0 0
28 21 3 0 8 0 11 4 0 0
28 25 3 0 8 0 11 1 0 0
24 8 4 6 13 7 10 6 7 1
29 8 4 0 13 0 9 7 0 0
29 24 4 0 13 0 9 5 0 0
17 12 5 5 16 4 10 7 5 1
27 17 5 0 16 0 9 7 0 0
27 12 5 0 16 0 9 8 0 0
####
14 17 3 8 2 6 9
20 25 0 10 1 3 1
1 26 20 7 7 0 19
19 26 0 2 1 14 4
3 11 3 11 2 0 13
0 7 0 9 1 0 15
1 6 0 9 1 0 19
4 22 23 7 10 0 7
11 14 0 10 1 3 10
12 16 3 4 4 9 2
7 11 0 8 1 1 14
5 23 3 11 2 0 11
6 14 5 8 2 1 11
7 20 0 8 1 1 14
26 10 0 2 1 15 3
2 19 19 7 6 0 11
24 27 0 6 1 8 4
21 8 0 8 1 5 7
16 22 0 2 1 20 1
5 25 8 11 3 0 11
15 18 0 10 1 3 10
4 24 13 9 4 0 7
17 19 0 4 1 13 5
1 13 0 9 1 0 19
13 15 0 8 1 1 13
14 24 0 8 1 6 9
2 10 21 7 8 0 11
0 12 16 9 5 0 15
5 21 8 11 3 0 11
8 17 0 6 1 7 6
4 20 3 11 2 0 7
7 9 0 8 1 1 14
13 23 0 8 1 1 13
6 8 10 6 3 1 11
23 28 0 10 1 3 1
10 16 0 2 1 16 2
15 21 0 10 1 3 10
3 18 8 11 3 0 13
18 29 0 8 1 5 1
24 12 0 6 1 8 4
2 15 3 11 2 0 11
