1 0 3 0 6 0 20 0
1 0 4 0 4 0 19 0
1 0 4 0 6 0 17 0
1 0 2 0 1 0 5 0
10 2 1 2 1 13 2 0
1 0 3 0 3 0 16 0
12 2 1 2 1 15 2 0
11 2 1 4 0 15 1 0
13 2 1 4 0 17 1 0
7 2 1 2 2 9 11 0
2 1 2 0 1 1 5 0
2 1 3 0 3 1 19 0
3 1 0 1 0 2 0 1
14 2 0 3 0 18 0 0
3 2 2 1 3 3 17 0
4 2 1 2 2 5 15 0
2 1 0 0 0 1 0 1
8 2 2 2 2 10 10 0
5 2 2 2 1 7 14 0
2 1 0 0 0 1 0 1
9 2 1 2 1 11 5 0
6 2 1 2 1 8 12 0
6 2 0 2 0 9 0 0
9 2 1 2 1 12 3 0
4 2 2 2 2 4 4 0
10 2 1 3 1 13 4 0
11 2 1 3 1 14 3 0
12 1 0 2 0 16 0 1
####
1 0 0 13 0 22 6 0 25 0
2 0 0 13 0 22 6 0 24 0
2 1 0 13 0 22 6 0 23 0
3 0 0 11 0 19 7 0 14 0
3 1 0 11 0 19 7 0 13 0
3 2 0 11 0 19 7 0 11 0
5 0 0 13 0 22 6 0 22 0
5 1 0 13 0 22 6 0 21 0
5 2 0 13 0 22 6 0 20 0
5 3 0 11 0 19 7 0 10 0
11 10 0 12 0 18 5 0 16 0
14 12 2 0 4 0 7 2 0 0
24 15 3 10 6 14 8 4 10 1
22 21 5 0 9 0 7 8 0 0
23 20 8 0 13 0 7 14 0 0
25 4 9 0 15 0 7 16 0 0
26 7 10 0 17 0 7 19 0 0
27 6 11 0 19 0 7 21 0 0
####
23 4 0 4 1 12 3
4 7 0 4 1 13 2
18 22 0 3 1 7 14
8 13 0 2 1 17 1
20 25 0 4 1 11 5
24 8 13 3 9 4 4
0 20 13 7 8 0 20
17 20 0 3 1 10 10
5 19 0 9 1 0 16
21 9 0 3 1 8 12
1 6 19 7 11 0 19
11 14 0 6 1 1 19
26 6 0 4 1 14 3
2 9 11 6 6 0 17
1 16 0 9 1 0 19
0 24 6 7 3 0 20
5 18 8 6 4 0 16
1 14 4 7 2 0 19
25 26 0 4 1 13 4
0 11 0 9 1 0 20
9 17 0 2 1 9 11
15 18 0 3 1 5 15
17 23 0 3 1 10 10
7 27 0 4 1 15 1
10 13 18 5 12 1 5
3 23 13 7 8 0 5
14 24 0 4 1 3 17
1 4 15 7 9 0 19
2 10 0 9 1 0 17
11 26 13 6 9 1 19
14 15 0 4 1 3 17
5 21 9 7 5 0 16
18 21 0 3 1 7 14
11 12 0 6 1 1 19
2 17 12 6 7 0 17
6 8 0 3 1 15 2
24 7 9 4 7 4 4
3 22 9 7 5 0 5
10 25 11 6 8 1 5
2 15 6 7 3 0 17
