1 0 3 0 2 0 6 0
1 0 3 0 5 0 17 0
4 2 1 2 0 5 1 0
1 0 3 0 5 0 22 0
1 0 3 0 3 0 8 0
1 0 2 0 2 0 11 0
6 2 1 2 1 9 3 0
2 1 3 0 4 1 11 0
1 0 2 0 2 0 8 0
1 0 2 0 3 0 14 0
5 2 1 2 1 5 8 0
9 2 1 2 1 13 5 0
2 1 2 0 4 1 21 0
6 2 1 2 1 7 7 0
11 2 1 2 1 22 3 0
2 1 1 0 0 1 1 0
3 2 2 1 1 2 11 0
6 2 1 2 1 9 8 0
7 2 1 2 1 8 6 0
7 2 1 2 1 11 7 0
4 2 1 2 2 4 11 0
5 2 2 3 2 7 10 0
4 2 0 2 0 4 0 0
8 2 1 2 1 9 5 0
10 2 1 4 1 21 4 0
4 2 1 2 1 4 9 0
12 2 1 4 1 25 2 0
3 2 2 1 2 3 13 0
13 2 1 3 0 26 1 0
14 2 0 4 0 28 0 0
8 2 1 3 1 12 6 0
3 1 0 1 0 2 0 1
####
1 0 0 13 0 24 8 0 20 0
3 0 0 13 0 24 8 0 24 0
3 1 0 13 0 24 8 0 36 0
4 0 0 13 0 24 8 0 11 0
4 1 0 13 0 24 8 0 23 0
4 3 0 13 0 24 8 0 27 0
5 0 0 13 0 24 8 0 12 0
5 1 0 13 0 24 8 0 24 0
5 3 0 13 0 24 8 0 28 0
5 4 0 13 0 24 8 0 15 0
8 0 0 13 0 24 8 0 11 0
8 1 0 13 0 24 8 0 23 0
8 3 0 13 0 24 8 0 27 0
8 4 0 13 0 24 8 0 14 0
8 5 0 13 0 24 8 0 15 0
9 0 0 13 0 24 8 0 17 0
9 1 0 13 0 24 8 0 29 0
9 3 0 13 0 24 8 0 33 0
9 4 0 13 0 24 8 0 20 0
9 5 0 13 0 24 8 0 21 0
9 8 0 13 0 24 8 0 20 0
12 7 0 12 0 21 4 0 29 0
27 16 2 11 3 18 11 2 21 1
22 2 3 0 6 0 11 0 0 0
22 20 3 0 6 0 11 4 0 0
25 22 3 0 6 0 11 4 0 0
25 2 3 10 6 14 12 4 8 1
25 20 3 10 6 14 12 4 18 1
20 2 3 10 6 14 12 4 10 1
21 10 4 9 10 12 10 2 16 1
13 6 5 8 12 9 11 4 8 1
17 13 5 8 12 9 11 4 13 1
17 6 5 8 12 9 11 4 9 1
19 18 6 7 15 7 10 6 11 1
30 23 7 6 17 5 10 8 9 1
####
2 29 14 5 10 5 1
7 21 7 5 3 1 11
12 27 0 6 1 1 21
28 29 0 2 1 26 1
4 18 15 9 6 0 8
26 28 0 2 1 25 2
15 31 0 6 1 1 1
8 19 15 9 6 0 8
14 26 0 2 1 22 3
12 16 0 6 1 1 21
11 24 0 2 1 13 5
21 6 0 5 1 7 10
27 2 0 7 1 3 13
18 23 0 4 1 8 6
27 20 0 7 1 3 13
1 25 6 11 3 0 17
20 21 0 6 1 4 11
3 10 10 9 4 0 22
4 13 12 10 5 0 8
24 14 0 2 1 21 4
16 22 0 7 1 2 11
7 28 20 4 11 1 11
3 16 3 10 2 0 22
16 25 0 7 1 2 11
0 22 6 11 3 0 6
17 19 0 5 1 9 8
9 20 6 11 3 0 14
1 23 17 9 7 0 17
5 17 12 10 5 0 11
10 13 0 5 1 5 8
8 11 19 8 8 0 8
4 14 21 8 10 0 8
5 15 0 10 1 0 11
6 26 7 4 6 9 3
23 24 1 3 2 9 5
25 10 0 6 1 4 9
9 27 3 10 2 0 14
3 12 0 10 1 0 22
30 11 0 3 1 12 6
0 6 12 10 5 0 6
7 30 14 5 6 1 11
13 18 0 5 1 7 7
1 7 0 10 1 0 17
21 17 0 5 1 7 10
0 2 6 11 3 0 6
19 30 0 4 1 11 7
