1 0 3 0 3 0 6 0
1 0 3 0 3 0 20 0
1 0 3 0 2 0 20 0
14 2 1 2 0 20 1 0
1 0 3 0 3 0 20 0
14 2 1 2 3 19 6 0
1 0 2 0 2 0 15 0
1 0 3 0 6 0 33 0
15 1 3 2 1 20 5 0
1 0 3 0 4 0 29 0
1 0 2 0 3 0 26 0
5 1 2 2 3 6 23 0
6 1 2 1 2 7 5 0
7 2 1 1 1 8 4 0
2 1 3 0 4 1 32 0
4 2 1 2 0 5 1 0
11 2 1 2 2 15 14 0
11 2 0 2 0 15 0 0
2 1 0 0 0 1 0 1
8 2 1 2 1 11 18 0
3 2 2 1 3 3 26 0
6 2 1 3 1 7 20 0
15 1 0 2 0 21 0 1
12 2 2 2 3 17 13 0
9 2 1 2 2 12 17 0
7 2 1 2 1 9 19 0
16 2 1 3 1 23 3 0
3 2 0 1 0 3 0 0
13 2 2 2 2 19 4 0
4 2 2 2 2 5 25 0
10 2 2 2 1 13 16 0
5 1 0 2 0 6 0 1
3 2 2 1 1 3 3 0
17 2 1 3 1 24 2 0
13 2 1 2 1 18 7 0
18 2 1 2 0 25 1 0
15 1 0 2 0 21 0 1
4 1 0 2 0 4 0 1
5 2 0 2 0 7 0 0
16 1 0 1 0 21 0 1
14 2 1 2 0 20 1 0
19 2 0 3 0 26 0 0
####
1 0 0 14 0 26 11 0 10 0
2 0 0 14 0 26 11 0 9 0
2 1 0 18 0 33 9 0 23 0
4 0 0 14 0 26 11 0 6 0
4 1 0 18 0 33 9 0 20 0
4 2 0 18 0 33 9 0 19 0
6 0 0 14 0 26 11 0 5 0
6 1 0 18 0 33 9 0 19 0
6 2 0 18 0 33 9 0 18 0
6 4 0 18 0 33 9 0 15 0
7 0 0 14 0 26 11 0 15 0
7 1 0 18 0 33 9 0 31 0
7 2 0 18 0 33 9 0 30 0
7 4 0 18 0 33 9 0 27 0
7 6 0 18 0 33 9 0 26 0
9 0 0 14 0 26 11 0 14 0
9 1 0 18 0 33 9 0 30 0
9 2 0 18 0 33 9 0 29 0
9 4 0 18 0 33 9 0 26 0
9 6 0 18 0 33 9 0 25 0
9 7 0 18 0 33 9 0 37 0
10 0 0 14 0 26 11 0 13 0
10 1 0 18 0 33 9 0 29 0
10 2 0 18 0 33 9 0 28 0
10 4 0 18 0 33 9 0 25 0
10 6 0 18 0 33 9 0 24 0
10 7 0 18 0 33 9 0 36 0
10 9 0 18 0 33 9 0 35 0
27 20 2 0 2 0 11 2 0 0
32 20 2 0 2 0 11 2 0 0
32 27 2 0 2 0 11 2 0 0
29 15 3 0 5 0 11 4 0 0
37 29 3 0 5 0 11 4 0 0
37 15 3 0 5 0 11 2 0 0
31 11 4 0 8 0 11 6 0 0
38 11 4 0 8 0 11 6 0 0
38 31 4 0 8 0 11 6 0 0
21 12 5 13 11 20 11 8 16 1
25 13 6 12 13 18 11 10 14 1
17 16 10 0 18 0 10 8 0 0
34 28 12 0 21 0 10 12 0 0
5 3 13 0 23 0 11 14 0 0
40 3 13 0 23 0 11 2 0 0
40 5 13 0 23 0 11 14 0 0
22 8 14 0 26 0 11 16 0 0
36 22 14 0 26 0 11 4 0 0
36 8 14 0 26 0 11 16 0 0
39 26 15 0 29 0 10 18 0 0
####
1 34 21 10 12 0 20
24 30 0 2 1 12 17
1 3 23 11 13 0 20
13 26 14 4 9 8 4
15 31 0 6 1 5 1
20 29 0 6 1 3 26
35 41 0 2 1 25 1
32 37 0 6 1 3 3
2 5 23 11 13 0 20
5 8 0 6 1 19 6
0 28 21 10 12 0 6
2 19 15 9 7 0 20
1 25 13 10 6 0 20
12 33 18 3 11 7 5
9 15 5 11 3 0 29
12 13 0 4 1 7 5
20 21 6 5 3 3 26
25 19 0 3 1 9 19
7 24 16 9 8 0 33
14 27 0 5 1 1 32
8 41 4 4 4 20 5
34 5 0 5 1 18 7
0 40 23 11 13 0 6
2 27 2 11 2 0 20
29 38 0 6 1 5 25
7 14 0 10 1 0 33
33 35 0 2 1 24 2
9 20 2 11 2 0 29
32 15 0 6 1 3 3
26 33 0 3 1 23 3
10 13 13 10 6 0 26
0 18 0 10 1 0 6
28 3 0 5 1 19 4
29 11 0 6 1 5 25
19 24 0 2 1 11 18
16 23 0 3 1 15 14
4 16 18 10 10 0 20
23 34 0 3 1 17 13
6 23 20 9 11 0 15
30 16 0 3 1 13 16
11 21 0 5 1 6 23
14 20 0 5 1 1 32
11 12 0 5 1 6 23
8 26 0 5 1 20 5
21 25 0 4 1 7 20
40 36 0 6 1 20 1
3 22 0 6 1 20 1
6 38 8 11 4 0 15
23 28 0 3 1 17 13
9 35 32 9 17 0 29
4 17 18 10 10 0 20
28 40 0 5 1 19 4
30 17 0 3 1 13 16
7 30 17 9 9 0 33
14 32 0 5 1 1 32
8 39 0 5 1 20 5
10 29 5 11 3 0 26
4 32 2 11 2 0 20
