1 0 2 0 1 0 3 0
1 0 3 0 3 0 15 0
1 0 3 0 2 0 12 0
1 0 4 0 5 0 15 0
1 0 3 0 5 0 16 0
1 0 3 0 3 0 14 0
2 1 2 0 2 1 10 0
4 2 1 2 1 4 2 0
2 1 2 0 3 1 12 0
6 2 1 2 2 9 4 0
6 2 1 2 1 9 2 0
2 1 2 0 3 1 13 0
3 2 1 2 2 4 4 0
4 2 0 2 0 5 0 0
3 2 1 1 1 3 2 0
4 2 1 2 1 5 6 0
4 2 1 3 1 6 4 0
7 2 2 4 1 13 3 0
4 2 1 2 0 5 1 0
2 1 0 0 0 1 0 1
7 2 1 4 0 14 1 0
8 2 0 2 0 15 0 0
2 1 0 0 0 1 0 1
5 2 1 2 1 7 5 0
3 2 2 1 1 3 6 0
8 1 0 2 0 14 0 1
8 2 1 2 0 14 1 0
3 2 2 1 2 3 10 0
5 2 1 2 1 8 3 0
9 2 0 4 0 18 0 0
####
1 0 0 8 0 23 7 0 10 0
2 0 0 8 0 23 7 0 6 0
2 1 0 8 0 23 7 0 14 0
3 0 0 8 0 23 7 0 9 0
3 1 0 8 0 23 7 0 17 0
3 2 0 8 0 23 7 0 13 0
4 0 0 8 0 23 7 0 7 0
4 1 0 8 0 23 7 0 15 0
4 2 0 8 0 23 7 0 11 0
4 3 0 8 0 23 7 0 14 0
5 0 0 8 0 23 7 0 6 0
5 1 0 8 0 23 7 0 14 0
5 2 0 8 0 23 7 0 10 0
5 3 0 8 0 23 7 0 13 0
5 4 0 8 0 23 7 0 11 0
8 6 0 7 0 18 6 0 6 0
11 6 0 7 0 18 6 0 11 0
11 8 0 7 0 18 6 0 11 0
14 12 2 6 5 14 11 1 3 1
24 12 2 0 5 0 10 2 0 0
27 12 0 6 0 14 5 0 7 0
27 14 2 6 5 14 11 2 6 1
27 24 2 5 5 11 13 0 6 1
18 13 3 0 9 0 11 2 0 0
18 16 3 0 9 0 11 2 0 0
18 7 3 0 9 0 11 4 0 0
18 15 3 5 9 9 12 4 4 1
13 7 3 0 9 0 11 2 0 0
16 13 3 0 9 0 11 2 0 0
16 7 3 4 9 6 14 2 4 1
16 15 3 0 9 0 11 2 0 0
15 13 3 0 9 0 11 2 0 0
15 7 3 0 9 0 11 4 0 0
28 23 4 0 14 0 8 1 0 0
10 9 5 0 16 0 8 3 0 0
20 17 6 0 18 0 8 8 0 0
25 21 7 0 20 0 9 10 0 0
26 25 7 0 20 0 9 12 0 0
26 21 7 0 20 0 9 10 0 0
####
5 9 16 8 5 0 14
27 15 0 9 1 3 10
4 27 5 10 2 0 16
16 28 0 7 1 6 4
2 22 0 11 1 0 12
24 13 0 9 1 3 6
17 25 0 5 1 13 3
11 14 0 9 1 1 13
1 11 0 11 1 0 15
3 14 5 10 2 0 15
5 8 0 11 1 0 14
7 20 4 7 3 4 2
8 24 0 9 1 1 12
15 23 0 7 1 5 6
20 21 0 5 1 14 1
26 29 0 4 1 14 1
14 18 0 9 1 3 2
12 17 9 6 4 4 4
11 27 0 9 1 1 13
3 6 0 11 1 0 15
9 17 0 4 1 9 4
4 24 5 10 2 0 16
2 15 9 11 3 0 12
4 10 16 8 5 0 16
3 23 14 8 4 0 15
28 10 0 4 1 8 3
1 13 9 11 3 0 15
0 18 9 11 3 0 3
5 21 20 9 7 0 14
6 12 0 9 1 1 10
3 26 20 9 7 0 15
2 28 14 8 4 0 12
8 12 0 9 1 1 12
0 19 0 11 1 0 3
24 16 0 9 1 3 6
23 9 0 4 1 7 5
27 7 0 9 1 3 10
18 29 9 6 5 5 1
10 20 0 4 1 9 2
1 7 9 11 3 0 15
17 26 0 5 1 13 3
6 16 4 10 2 1 10
