1 0 3 0 3 0 10 0
1 0 3 0 4 0 18 0
1 0 4 0 1 0 4 0
6 1 1 2 1 7 2 0
1 0 3 0 3 0 9 0
1 0 2 0 3 0 8 0
1 0 3 0 5 0 12 0
5 2 1 2 1 6 3 0
2 1 0 0 0 1 0 1
5 2 1 2 0 9 1 0
2 1 3 0 5 1 16 0
6 1 0 2 0 10 0 1
3 2 1 1 1 3 4 0
2 1 0 0 0 1 0 1
3 2 2 1 3 3 7 0
4 2 0 2 0 4 0 0
4 2 1 2 1 5 3 0
2 1 3 0 2 1 7 0
3 2 2 1 2 3 8 0
2 1 0 0 0 1 0 1
4 2 1 2 1 4 4 0
6 2 1 4 1 9 2 0
5 2 1 4 1 6 3 0
5 2 0 3 0 8 0 0
4 2 2 2 1 5 5 0
7 2 1 3 0 16 1 0
8 2 0 2 0 17 0 0
3 2 1 1 1 2 3 0
2 1 0 0 0 1 0 1
3 2 1 1 0 3 1 0
4 2 1 4 1 7 2 0
####
1 0 0 7 0 24 7 0 18 0
4 0 0 7 0 24 7 0 10 0
4 1 0 7 0 24 7 0 16 0
5 0 0 7 0 24 7 0 12 0
5 1 0 7 0 24 7 0 18 0
5 4 0 7 0 24 7 0 10 0
6 0 0 7 0 24 7 0 9 0
6 1 0 7 0 24 7 0 15 0
6 2 0 3 0 11 11 0 3 0
6 4 0 7 0 24 7 0 7 0
6 5 0 7 0 24 7 0 9 0
17 10 0 4 0 14 9 0 6 0
19 13 1 0 0 0 12 0 0 0
28 10 1 0 0 0 12 0 0 0
14 12 2 5 6 13 12 2 8 1
18 12 2 5 6 13 12 0 7 1
18 14 2 5 6 13 12 2 9 1
27 18 0 3 0 9 8 0 4 0
29 27 2 0 6 0 11 2 0 0
16 15 3 0 11 0 11 2 0 0
20 16 3 4 11 8 12 4 5 1
24 16 3 4 11 8 12 4 5 1
24 20 3 4 11 8 12 4 6 1
30 16 3 0 11 0 11 4 0 0
30 20 3 0 11 0 11 2 0 0
30 24 3 0 11 0 11 4 0 0
30 15 3 0 11 0 11 4 0 0
22 7 4 3 16 4 11 7 4 1
22 9 4 0 16 0 10 5 0 0
23 22 4 0 16 0 10 7 0 0
23 7 4 0 16 0 10 6 0 0
23 9 4 0 16 0 10 6 0 0
9 7 4 0 16 0 10 6 0 0
21 3 5 2 20 1 10 10 2 1
21 11 5 0 20 0 9 9 0 0
11 3 5 0 20 0 9 7 0 0
####
2 29 6 11 2 0 4
7 21 0 7 1 6 3
3 25 0 4 1 7 2
4 8 0 12 1 0 9
17 29 0 11 1 1 7
16 21 4 8 2 5 3
6 17 0 12 1 0 12
18 30 0 10 1 3 8
1 20 11 11 3 0 18
2 19 0 12 1 0 4
4 9 16 10 4 0 9
30 9 0 9 1 7 2
10 12 0 11 1 1 16
10 18 0 11 1 1 16
25 26 0 2 1 16 1
2 13 0 12 1 0 4
9 11 0 7 1 9 1
1 28 0 12 1 0 18
17 23 10 10 3 1 7
4 24 11 11 3 0 9
24 23 0 9 1 5 5
1 10 0 12 1 0 18
18 20 0 10 1 3 8
22 3 0 7 1 6 3
20 22 0 9 1 4 4
14 24 0 10 1 3 7
0 18 6 11 2 0 10
0 12 6 11 2 0 10
29 15 0 10 1 3 1
17 27 0 11 1 1 7
12 22 5 9 2 3 4
6 27 6 11 2 0 12
21 25 0 4 1 9 2
14 16 0 10 1 3 7
24 7 0 9 1 5 5
0 26 24 7 7 0 10
5 7 16 10 4 0 8
5 14 6 11 2 0 8
10 14 0 11 1 1 16
27 30 0 10 1 2 3
2 15 11 11 3 0 4
6 16 11 11 3 0 12
