1 0 2 0 2 0 25 0
1 0 3 0 2 0 17 0
1 0 1 0 1 0 7 0
1 0 3 0 4 0 25 0
1 0 2 0 4 0 20 0
1 0 2 0 1 0 7 0
1 0 2 0 2 0 5 0
1 0 3 0 3 0 10 0
1 0 3 0 0 0 3 0
1 0 3 0 3 0 13 0
5 2 1 2 2 8 14 0
2 1 1 0 2 1 24 0
6 2 1 2 1 9 3 0
8 2 0 2 0 12 0 0
6 1 2 2 4 9 13 0
6 2 1 2 1 10 2 0
2 1 1 0 1 1 4 0
2 1 0 0 0 1 0 1
2 1 1 0 2 1 24 0
7 2 2 1 1 10 9 0
2 1 0 0 0 1 0 1
3 2 2 2 3 4 23 0
2 1 0 0 0 1 0 1
8 2 1 2 0 13 1 0
10 2 1 2 2 16 5 0
4 2 1 2 1 5 4 0
8 2 1 2 1 12 7 0
11 2 2 2 2 18 4 0
13 2 0 2 0 24 0 0
13 1 0 2 0 21 0 1
5 2 1 3 1 8 3 0
4 2 2 2 2 6 19 0
7 2 2 1 0 10 2 0
12 2 1 4 0 23 1 0
12 2 1 2 0 20 1 0
8 2 0 2 0 12 0 0
5 2 1 2 1 8 4 0
9 2 0 4 0 18 0 0
9 2 1 2 1 14 6 0
7 2 1 2 1 11 2 0
####
1 0 0 12 0 28 12 0 19 0
2 0 0 12 0 28 12 0 15 0
2 1 0 12 0 28 12 0 12 0
3 0 0 12 0 28 12 0 22 0
3 1 0 12 0 28 12 0 19 0
3 2 0 12 0 28 12 0 15 0
4 0 0 12 0 28 12 0 20 0
4 1 0 12 0 28 12 0 17 0
4 2 0 12 0 28 12 0 13 0
4 3 0 12 0 28 12 0 20 0
5 0 0 12 0 28 12 0 14 0
5 1 0 12 0 28 12 0 11 0
5 2 0 12 0 28 12 0 7 0
5 3 0 12 0 28 12 0 14 0
5 4 0 12 0 28 12 0 12 0
6 0 0 12 0 28 12 0 12 0
6 1 0 12 0 28 12 0 9 0
6 2 0 12 0 28 12 0 5 0
6 3 0 12 0 28 12 0 12 0
6 4 0 12 0 28 12 0 10 0
6 5 0 12 0 28 12 0 4 0
7 0 0 12 0 28 12 0 13 0
7 1 0 12 0 28 12 0 10 0
7 2 0 12 0 28 12 0 6 0
7 3 0 12 0 28 12 0 13 0
7 4 0 12 0 28 12 0 11 0
7 5 0 12 0 28 12 0 5 0
7 6 0 12 0 28 12 0 3 0
8 0 0 7 0 18 14 0 6 0
8 1 0 7 0 18 14 0 3 0
8 3 0 7 0 18 14 0 6 0
8 4 0 7 0 18 14 0 4 0
9 0 0 12 0 28 12 0 16 0
9 1 0 12 0 28 12 0 13 0
9 2 0 12 0 28 12 0 9 0
9 3 0 12 0 28 12 0 16 0
9 4 0 12 0 28 12 0 14 0
9 5 0 12 0 28 12 0 8 0
9 6 0 12 0 28 12 0 6 0
9 7 0 12 0 28 12 0 7 0
16 11 0 11 0 22 8 0 16 0
18 11 0 11 0 22 8 0 20 0
18 16 0 11 0 22 8 0 16 0
22 20 1 0 0 0 16 0 0 0
31 25 3 9 7 19 14 4 11 1
30 10 4 8 9 16 15 6 9 1
36 30 4 0 9 0 13 6 0 0
36 10 4 4 9 10 15 6 5 1
15 14 5 7 12 13 15 8 7 1
15 12 5 0 12 0 13 8 0 0
14 12 5 3 12 7 15 8 3 1
32 19 6 0 15 0 13 10 0 0
39 19 6 0 15 0 13 10 0 0
39 32 6 2 15 4 15 10 1 1
26 13 7 0 18 0 14 12 0 0
26 23 7 0 18 0 14 12 0 0
35 26 7 0 18 0 14 12 0 0
35 13 7 0 18 0 14 12 0 0
35 23 7 0 18 0 14 12 0 0
23 13 7 0 18 0 14 12 0 0
38 37 8 0 22 0 12 17 0 0
34 33 11 0 26 0 12 23 0 0
29 28 12 0 28 0 12 25 0 0
####
9 26 18 14 7 0 13
8 35 18 14 7 0 3
23 37 0 6 1 13 1
6 39 15 13 6 0 5
3 25 7 12 3 0 25
19 26 0 7 1 10 9
32 13 0 7 1 10 2
1 17 0 16 1 0 17
3 11 0 16 1 0 25
5 13 18 14 7 0 7
1 15 12 13 5 0 17
32 37 4 5 2 10 2
4 31 7 12 3 0 20
34 29 0 4 1 20 1
27 33 0 3 1 18 4
2 38 22 12 8 0 7
25 30 0 5 1 5 4
31 36 0 5 1 6 19
24 27 0 2 1 16 5
8 20 0 16 1 0 3
36 12 0 6 1 8 4
21 31 0 3 1 4 23
38 24 0 3 1 14 6
7 28 28 12 12 0 10
1 10 9 13 4 0 17
14 19 0 6 1 9 13
7 27 25 11 10 0 10
16 30 3 9 3 1 4
0 18 0 16 1 0 25
5 24 24 11 9 0 7
0 12 12 13 5 0 25
7 36 9 13 4 0 10
9 16 0 16 1 0 13
3 19 15 13 6 0 25
33 28 0 4 1 23 1
19 35 0 7 1 10 9
11 21 0 7 1 1 24
18 21 0 7 1 1 24
39 23 0 7 1 11 2
31 10 0 5 1 6 19
21 25 0 3 1 4 23
30 15 0 6 1 8 3
8 22 0 16 1 0 3
12 39 0 6 1 9 3
9 23 18 14 7 0 13
15 33 11 5 6 10 2
6 34 26 12 11 0 5
10 14 0 6 1 8 14
14 32 0 6 1 9 13
27 34 0 3 1 18 4
26 38 0 6 1 12 7
4 32 15 13 6 0 20
