1 0 1 0 2 0 19 0
1 0 3 0 3 0 10 0
1 0 1 0 1 0 6 0
1 0 1 0 2 0 11 0
1 0 4 0 6 0 8 0
1 0 3 0 4 0 11 0
2 1 2 0 3 1 8 0
5 2 1 2 2 7 5 0
2 1 2 0 4 1 18 0
6 2 2 2 2 9 4 0
3 2 2 1 2 3 10 0
5 2 1 2 0 6 1 0
3 2 2 2 2 4 7 0
6 2 0 3 0 12 0 0
4 2 1 3 1 5 3 0
7 2 2 2 1 10 3 0
4 2 1 2 1 5 2 0
6 2 1 2 0 8 1 0
8 2 1 2 0 12 1 0
8 1 0 2 0 11 0 1
7 1 0 2 0 9 0 1
4 1 0 2 0 4 0 1
9 2 0 4 0 13 0 0
5 2 1 2 0 7 1 0
5 2 1 2 1 7 2 0
4 2 2 2 2 5 8 0
####
1 0 0 8 0 19 7 0 12 0
2 0 0 8 0 19 7 0 11 0
2 1 0 8 0 19 7 0 9 0
3 0 0 8 0 19 7 0 13 0
3 1 0 8 0 19 7 0 11 0
3 2 0 8 0 19 7 0 10 0
4 0 0 8 0 19 7 0 10 0
4 1 0 8 0 19 7 0 8 0
4 2 0 8 0 19 7 0 7 0
4 3 0 8 0 19 7 0 9 0
5 0 0 8 0 19 7 0 8 0
5 1 0 8 0 19 7 0 6 0
5 2 0 8 0 19 7 0 5 0
5 3 0 8 0 19 7 0 7 0
5 4 0 8 0 19 7 0 4 0
8 6 0 5 0 13 4 0 8 0
12 10 2 3 2 8 11 2 4 1
16 14 3 0 4 0 10 4 0 0
21 14 3 0 4 0 10 4 0 0
21 16 3 0 4 0 10 4 0 0
25 14 3 0 4 0 10 4 0 0
25 16 3 2 4 4 13 4 2 1
25 21 3 0 4 0 10 4 0 0
23 7 4 0 8 0 10 6 0 0
23 11 4 1 8 0 13 6 0 1
24 23 4 0 8 0 10 6 0 0
24 7 4 0 8 0 10 6 0 0
24 11 4 0 8 0 10 6 0 0
11 7 4 0 8 0 10 6 0 0
17 9 5 0 12 0 9 8 0 0
17 13 5 0 12 0 9 11 0 0
13 9 5 0 12 0 9 11 0 0
20 15 6 0 15 0 8 10 0 0
19 18 7 0 17 0 8 12 0 0
####
18 22 0 3 1 12 1
5 6 0 8 1 0 11
24 17 0 7 1 7 2
9 22 4 4 3 9 4
17 20 0 5 1 8 1
10 21 0 6 1 3 10
12 16 0 6 1 4 7
15 19 0 4 1 10 3
1 11 8 10 4 0 10
6 14 2 6 2 1 8
4 9 12 9 5 0 8
1 25 4 10 3 0 10
9 15 0 5 1 9 4
3 10 2 8 2 0 11
5 18 17 8 7 0 11
8 10 0 4 1 1 18
15 18 0 4 1 10 3
4 24 8 10 4 0 8
11 13 0 7 1 6 1
25 11 0 8 1 5 8
12 14 0 6 1 4 7
1 23 8 10 4 0 10
14 24 0 8 1 5 3
16 23 0 8 1 5 2
25 7 0 8 1 5 8
6 12 0 4 1 1 8
0 8 0 8 1 0 19
7 9 0 7 1 7 5
2 7 8 10 4 0 6
5 16 4 10 3 0 11
8 12 0 4 1 1 18
4 15 15 8 6 0 8
4 17 12 9 5 0 8
10 25 0 6 1 3 10
23 13 0 7 1 7 1
