1 0 2 0 2 0 8 0
1 0 3 0 2 0 10 0
1 0 3 0 5 0 17 0
6 2 1 2 1 9 4 0
1 0 3 0 2 0 14 0
6 2 1 2 2 8 10 0
1 0 2 0 1 0 4 0
2 1 3 0 3 1 15 0
1 0 4 0 4 0 19 0
7 1 2 2 2 9 9 0
1 0 2 0 2 0 20 0
2 1 0 0 0 1 0 1
11 2 1 2 0 14 1 0
12 2 0 2 0 16 0 0
9 2 1 2 1 11 3 0
3 2 1 1 1 3 14 0
9 2 1 2 1 19 2 0
2 2 1 0 1 2 8 0
3 2 1 2 1 4 7 0
4 2 1 2 2 5 13 0
10 2 1 2 0 20 1 0
2 1 0 0 0 1 0 1
6 1 0 2 0 8 0 1
8 2 1 2 1 10 4 0
5 2 2 2 1 7 12 0
4 2 1 2 1 6 6 0
8 2 1 3 1 17 3 0
11 2 0 2 0 21 0 0
10 2 1 3 1 12 2 0
5 2 1 2 1 7 5 0
####
1 0 0 10 0 20 9 0 13 0
2 0 0 10 0 20 9 0 17 0
2 1 0 11 0 22 8 0 11 0
4 0 0 10 0 20 9 0 13 0
4 1 0 11 0 22 8 0 8 0
4 2 0 11 0 22 8 0 17 0
6 0 0 10 0 20 9 0 9 0
6 1 0 11 0 22 8 0 1 0
6 2 0 11 0 22 8 0 10 0
6 4 0 11 0 22 8 0 7 0
8 0 0 10 0 20 9 0 19 0
8 1 0 11 0 22 8 0 9 0
8 2 0 11 0 22 8 0 18 0
8 4 0 11 0 22 8 0 15 0
8 6 0 11 0 22 8 0 8 0
10 0 0 10 0 20 9 0 20 0
10 1 0 11 0 22 8 0 10 0
10 2 0 11 0 22 8 0 19 0
10 4 0 11 0 22 8 0 16 0
10 6 0 11 0 22 8 0 9 0
10 8 0 11 0 22 8 0 17 0
17 7 0 9 0 16 6 0 15 0
18 15 2 8 4 14 11 1 13 1
25 19 3 7 6 12 11 2 11 1
29 24 4 6 8 10 11 4 9 1
5 3 5 5 10 7 12 4 7 1
22 5 5 0 10 0 10 8 0 0
22 3 5 0 10 0 10 4 0 0
26 23 7 0 14 0 9 13 0 0
16 14 8 0 16 0 9 15 0 0
28 20 9 0 18 0 9 17 0 0
27 12 10 0 20 0 9 6 0 0
####
9 26 0 3 1 9 9
1 21 0 11 1 0 10
5 9 0 4 1 8 10
10 17 0 11 1 0 20
0 20 18 9 9 0 8
4 27 20 9 10 0 14
10 15 4 9 2 0 20
8 19 6 9 3 0 19
15 19 0 4 1 3 14
2 5 10 10 5 0 17
24 22 0 5 1 7 12
26 16 0 4 1 17 3
28 12 0 4 1 12 2
8 14 16 9 8 0 19
1 25 6 9 3 0 10
7 15 0 6 1 1 15
12 13 0 3 1 14 1
24 5 0 5 1 7 12
8 29 8 9 4 0 19
4 24 8 9 4 0 14
29 3 0 5 1 7 5
7 28 14 6 8 1 15
7 23 10 6 6 1 15
20 27 0 4 1 20 1
14 28 0 4 1 11 3
25 29 0 4 1 6 6
0 18 4 9 2 0 8
19 24 0 4 1 5 13
23 14 0 4 1 10 4
2 3 10 10 5 0 17
8 17 0 11 1 0 19
3 26 1 5 2 9 4
4 11 0 11 1 0 14
17 18 0 6 1 2 8
2 7 0 11 1 0 17
18 25 0 4 1 4 7
1 12 20 9 10 0 10
9 23 0 3 1 9 9
6 13 22 8 11 0 4
16 20 0 4 1 19 2
6 16 16 9 8 0 4
