1 0 3 0 4 0 12 0
1 0 3 0 4 0 17 0
1 0 2 0 1 0 8 0
1 0 4 0 4 0 13 0
8 2 1 2 1 16 4 0
1 0 1 0 2 0 17 0
6 1 1 2 0 9 1 0
2 1 3 0 4 1 15 0
1 0 3 0 4 0 17 0
11 2 0 2 0 19 0 0
2 2 2 0 2 2 16 0
2 1 3 0 3 1 11 0
3 2 2 1 2 3 7 0
3 2 1 3 2 5 12 0
3 2 1 1 0 3 1 0
9 2 1 3 2 17 3 0
2 1 0 0 0 1 0 1
11 2 0 2 0 19 0 0
4 2 2 2 2 6 11 0
3 2 1 2 1 4 2 0
6 2 1 2 1 9 6 0
5 1 0 2 0 7 0 1
7 2 0 2 0 12 0 0
4 2 1 2 0 6 1 0
4 2 1 2 1 4 6 0
4 1 0 2 0 4 0 1
5 2 1 2 1 8 2 0
10 2 2 3 0 18 2 0
7 2 1 4 1 15 5 0
5 2 1 2 1 7 7 0
####
1 0 0 10 0 22 8 0 16 0
2 0 0 10 0 22 8 0 12 0
2 1 0 10 0 22 8 0 14 0
3 0 0 10 0 22 8 0 13 0
3 1 0 10 0 22 8 0 15 0
3 2 0 10 0 22 8 0 11 0
5 0 0 10 0 22 8 0 16 0
5 1 0 10 0 22 8 0 18 0
5 2 0 10 0 22 8 0 14 0
5 3 0 10 0 22 8 0 15 0
8 0 0 10 0 22 8 0 16 0
8 1 0 10 0 22 8 0 18 0
8 2 0 10 0 22 8 0 14 0
8 3 0 10 0 22 8 0 15 0
8 5 0 10 0 22 8 0 18 0
10 7 0 9 0 18 6 0 16 0
11 7 0 9 0 18 6 0 14 0
11 10 0 9 0 18 6 0 14 0
13 12 0 8 0 14 6 0 12 0
14 12 2 0 4 0 10 2 0 0
19 13 2 0 4 0 10 2 0 0
23 18 3 0 8 0 10 4 0 0
24 18 0 7 0 10 6 0 10 0
25 24 3 0 8 0 10 4 0 0
26 21 4 0 12 0 9 6 0 0
29 21 4 0 12 0 9 6 0 0
29 26 4 0 12 0 9 6 0 0
20 6 5 0 15 0 8 8 0 0
28 22 6 0 17 0 8 4 0 0
17 9 10 0 22 0 8 14 0 0
####
15 27 0 2 1 17 3
28 4 0 3 1 15 5
18 26 0 7 1 6 11
27 17 0 3 1 18 2
11 14 0 8 1 1 11
1 29 12 9 4 0 17
26 6 0 5 1 8 2
3 14 4 10 2 0 13
0 24 8 10 3 0 12
8 10 0 10 1 0 17
11 22 13 6 5 1 11
12 24 0 8 1 3 7
0 11 0 10 1 0 12
23 21 0 7 1 6 1
6 22 0 4 1 9 1
7 23 4 8 2 1 15
2 16 0 10 1 0 8
24 28 5 6 3 4 6
7 27 17 5 8 1 15
10 13 0 8 1 2 16
10 19 0 8 1 2 16
2 20 15 8 5 0 8
1 19 4 10 2 0 17
8 17 22 8 10 0 17
3 26 12 9 4 0 13
27 9 0 3 1 18 2
11 12 0 8 1 1 11
12 15 12 5 6 3 7
3 12 4 10 2 0 13
5 10 0 10 1 0 17
14 25 0 8 1 3 1
7 13 0 8 1 1 15
4 15 0 2 1 16 4
29 20 0 5 1 7 7
18 29 0 7 1 6 11
20 28 0 4 1 9 6
13 18 0 8 1 5 12
8 18 8 10 3 0 17
1 7 0 10 1 0 17
0 9 22 8 10 0 12
19 23 0 8 1 4 2
3 4 19 7 7 0 13
