1 0 3 0 4 0 15 0
1 0 3 0 2 0 11 0
1 0 3 0 4 0 14 0
2 1 2 0 2 1 9 0
2 1 2 0 1 1 5 0
3 2 1 2 1 4 7 0
1 0 2 0 2 0 4 0
4 2 1 4 2 8 6 0
1 0 4 0 5 0 17 0
8 2 1 2 0 18 1 0
3 2 1 1 0 3 1 0
2 2 2 0 2 2 8 0
2 2 1 0 2 2 9 0
3 2 1 2 2 4 6 0
4 2 0 3 0 6 0 0
2 1 0 0 0 1 0 1
5 2 2 4 1 12 5 0
6 1 0 2 0 13 0 1
3 2 2 2 1 4 8 0
3 2 1 3 1 5 3 0
6 2 1 2 1 14 3 0
2 2 1 0 1 2 8 0
7 2 1 4 1 17 2 0
4 1 0 2 0 5 0 1
2 1 0 0 0 1 0 1
9 1 0 2 0 19 0 1
####
1 0 0 8 0 20 6 0 17 0
2 0 0 8 0 20 6 0 21 0
2 1 0 8 0 20 6 0 16 0
6 0 0 8 0 20 6 0 14 0
6 1 0 8 0 20 6 0 9 0
6 2 0 8 0 20 6 0 13 0
8 0 0 8 0 20 6 0 23 0
8 1 0 8 0 20 6 0 18 0
8 2 0 8 0 20 6 0 22 0
8 6 0 8 0 20 6 0 15 0
4 3 0 7 0 13 8 0 8 0
11 3 1 7 0 13 13 0 11 1
11 4 0 7 0 13 8 0 9 0
12 3 0 7 0 13 8 0 11 0
12 4 1 7 0 13 13 0 9 1
12 11 1 7 0 13 13 0 12 1
21 3 1 7 0 13 13 0 11 1
21 4 0 7 0 13 8 0 9 0
21 11 1 7 0 13 13 0 12 1
21 12 1 7 0 13 13 0 12 1
24 15 1 0 0 0 12 0 0 0
10 5 2 0 7 0 10 1 0 0
13 10 2 0 7 0 10 3 0 0
13 5 2 6 7 8 11 3 9 1
18 10 2 0 7 0 10 1 0 0
18 13 2 6 7 8 11 2 9 1
18 5 2 6 7 8 11 2 10 1
19 10 2 0 7 0 10 2 0 0
19 13 2 6 7 8 11 3 6 1
19 18 2 6 7 8 11 2 7 1
19 5 2 6 7 8 11 2 7 1
14 7 3 0 12 0 8 4 0 0
23 14 3 0 12 0 8 3 0 0
23 7 3 0 12 0 8 2 0 0
20 17 5 0 16 0 7 14 0 0
####
6 9 19 6 7 0 4
1 15 0 12 1 0 11
22 9 0 2 1 17 2
7 16 0 4 1 8 6
2 12 0 12 1 0 14
19 22 6 6 4 5 3
2 5 7 10 2 0 14
0 3 0 12 1 0 15
9 25 0 2 1 18 1
11 19 0 12 1 2 8
18 23 0 8 1 4 8
16 17 0 3 1 12 5
0 21 0 12 1 0 15
4 19 0 12 1 1 5
3 10 0 12 1 1 9
8 10 7 10 2 0 17
13 16 3 6 2 4 6
0 11 0 12 1 0 15
21 5 0 12 1 2 8
11 13 0 12 1 2 8
1 24 0 12 1 0 11
20 22 0 3 1 14 3
3 13 0 12 1 1 9
8 11 0 12 1 0 17
8 21 0 12 1 0 17
4 14 5 10 2 1 5
12 18 0 12 1 2 9
8 12 0 12 1 0 17
5 7 0 8 1 4 7
18 7 0 8 1 4 8
6 20 16 7 5 0 4
1 18 7 10 2 0 11
10 14 0 8 1 3 1
16 20 0 3 1 12 5
2 4 0 12 1 0 14
