1 0 2 0 2 0 7 0
6 1 2 2 2 8 6 0
1 0 4 0 2 0 12 0
1 0 3 0 1 0 4 0
1 0 3 0 3 0 18 0
1 0 2 0 4 0 16 0
12 2 1 2 0 18 1 0
3 2 1 2 0 4 1 0
9 2 1 3 1 15 4 0
1 0 4 0 2 0 19 0
1 0 2 0 2 0 11 0
5 2 1 2 2 7 10 0
2 1 0 0 0 1 0 1
13 1 0 2 0 19 0 1
2 2 2 0 2 2 15 0
10 2 1 4 1 16 3 0
6 1 2 2 2 8 9 0
7 2 1 1 1 10 6 0
8 2 1 3 1 14 5 0
3 2 1 2 2 4 14 0
2 2 0 0 0 2 0 0
2 2 0 0 0 2 0 0
2 1 0 0 0 1 0 1
4 1 0 2 0 5 0 1
4 2 2 2 2 5 13 0
11 2 1 2 1 17 2 0
2 2 1 0 1 2 2 0
7 2 1 1 0 9 1 0
5 2 1 2 2 7 7 0
8 2 0 2 0 10 0 0
####
2 0 0 12 0 22 8 0 14 0
4 0 0 12 0 22 8 0 18 0
4 2 0 12 0 22 8 0 20 0
4 3 0 3 0 8 9 0 3 0
5 0 0 12 0 22 8 0 19 0
5 2 0 12 0 22 8 0 21 0
5 4 0 12 0 22 8 0 25 0
9 0 0 12 0 22 8 0 19 0
9 2 0 12 0 22 8 0 21 0
9 3 0 1 0 0 13 0 0 0
9 4 0 12 0 22 8 0 25 0
9 5 0 12 0 22 8 0 26 0
10 0 0 12 0 22 8 0 13 0
10 2 0 12 0 22 8 0 15 0
10 3 0 3 0 8 9 0 3 0
10 4 0 12 0 22 8 0 19 0
10 5 0 12 0 22 8 0 20 0
10 9 0 12 0 22 8 0 20 0
14 12 1 0 0 0 13 0 0 0
20 12 1 0 0 0 13 0 0 0
20 14 1 0 0 0 13 0 0 0
21 12 1 0 0 0 13 0 0 0
21 14 1 0 0 0 13 0 0 0
21 20 1 0 0 0 13 0 0 0
22 20 1 0 0 0 13 0 0 0
19 7 2 0 6 0 9 1 0 0
24 23 3 0 8 0 9 3 0 0
28 11 4 8 10 10 10 4 13 1
16 1 5 7 12 8 10 6 11 1
27 17 6 0 14 0 9 4 0 0
29 18 7 0 16 0 9 6 0 0
####
11 16 0 4 1 7 10
2 29 16 9 7 0 12
28 1 0 4 1 7 7
10 26 0 13 1 0 11
18 8 0 3 1 14 5
3 7 6 9 2 0 4
27 29 0 4 1 9 1
16 17 0 4 1 8 9
4 19 6 9 2 0 18
9 21 0 13 1 0 19
3 20 0 13 1 0 4
0 17 14 9 6 0 7
26 7 0 8 1 2 2
2 27 14 9 6 0 12
7 23 0 4 1 4 1
8 15 0 2 1 15 4
9 14 0 13 1 0 19
9 20 0 13 1 0 19
24 28 0 4 1 5 13
14 19 0 8 1 2 15
15 25 0 2 1 16 3
5 24 8 9 3 0 16
19 24 0 4 1 4 14
4 25 20 8 10 0 18
14 15 13 7 8 2 15
24 11 0 4 1 5 13
10 28 10 9 4 0 11
17 18 0 4 1 10 6
3 22 0 13 1 0 4
2 21 0 13 1 0 12
25 6 0 2 1 17 2
2 11 10 9 4 0 12
1 18 2 4 2 8 6
5 14 0 13 1 0 16
1 8 4 3 3 8 6
16 27 0 4 1 8 9
4 26 0 13 1 0 18
0 6 21 8 11 0 7
6 13 0 2 1 18 1
9 12 0 13 1 0 19
