7 1 1 2 1 8 3 0
1 0 4 0 3 0 12 0
1 0 3 0 2 0 9 0
1 0 3 0 3 0 11 0
1 0 3 0 3 0 10 0
1 0 3 0 6 0 23 0
1 0 3 0 4 0 13 0
2 1 3 0 4 1 16 0
5 2 1 2 1 6 5 0
8 2 1 2 1 11 2 0
4 2 1 2 1 5 3 0
2 1 2 0 3 1 10 0
8 2 1 3 1 13 2 0
10 2 0 2 0 16 0 0
3 2 1 1 1 3 2 0
4 2 0 2 0 5 0 0
3 2 2 1 2 3 7 0
4 2 1 2 1 5 6 0
3 2 1 1 1 3 7 0
3 2 2 1 1 3 5 0
9 2 1 2 0 12 1 0
2 1 0 0 0 1 0 1
6 2 1 2 1 7 4 0
7 2 1 4 1 10 3 0
4 2 1 2 1 5 6 0
5 2 1 2 1 7 5 0
9 2 1 2 0 15 1 0
4 2 1 2 0 5 1 0
10 2 0 4 0 17 0 0
6 2 1 3 1 9 4 0
####
2 1 0 9 0 22 8 0 3 0
3 1 0 9 0 22 8 0 9 0
3 2 0 9 0 22 8 0 8 0
4 1 0 9 0 22 8 0 7 0
4 2 0 9 0 22 8 0 6 0
4 3 0 9 0 22 8 0 12 0
5 1 0 9 0 22 8 0 13 0
5 2 0 9 0 22 8 0 12 0
5 3 0 9 0 22 8 0 18 0
5 4 0 9 0 22 8 0 16 0
6 1 0 9 0 22 8 0 8 0
6 2 0 9 0 22 8 0 7 0
6 3 0 9 0 22 8 0 13 0
6 4 0 9 0 22 8 0 11 0
6 5 0 9 0 22 8 0 17 0
11 7 1 8 0 19 11 0 13 1
16 14 2 7 3 15 12 2 7 1
18 14 2 0 3 0 10 0 0 0
18 16 2 0 3 0 10 2 0 0
19 14 2 0 3 0 10 2 0 0
19 16 2 0 3 0 10 2 0 0
19 18 2 7 3 15 12 2 9 1
17 10 3 0 7 0 11 4 0 0
17 15 3 0 7 0 11 1 0 0
15 10 3 0 7 0 11 4 0 0
24 17 3 0 7 0 11 4 0 0
24 10 3 6 7 10 13 4 7 1
24 15 3 0 7 0 11 4 0 0
27 17 3 6 7 10 13 4 5 1
27 10 3 0 7 0 11 4 0 0
27 15 3 0 7 0 11 4 0 0
27 24 3 0 7 0 11 2 0 0
25 8 4 0 12 0 8 6 0 0
29 22 5 0 14 0 8 9 0 0
23 0 6 0 16 0 8 11 0 0
12 9 7 0 18 0 8 4 0 0
26 20 8 0 20 0 8 6 0 0
28 13 9 0 22 0 8 9 0 0
####
11 16 0 7 1 1 10
1 21 0 9 1 0 12
3 15 7 11 3 0 11
24 8 0 7 1 5 6
19 15 0 9 1 3 5
29 23 0 4 1 9 4
17 25 0 7 1 5 6
11 14 0 7 1 1 10
6 17 7 11 3 0 13
7 29 11 5 4 1 16
16 17 0 9 1 3 7
4 9 18 8 7 0 10
1 14 3 10 2 0 12
10 12 6 7 4 5 3
14 27 0 9 1 3 2
7 19 0 7 1 1 16
2 13 22 8 9 0 9
3 16 3 10 2 0 11
5 22 14 8 5 0 23
19 10 0 9 1 3 5
2 27 7 11 3 0 9
27 28 10 7 6 5 1
4 10 7 11 3 0 10
25 29 0 4 1 7 5
9 20 0 4 1 11 2
5 11 0 9 1 0 23
18 24 0 9 1 3 7
7 18 0 7 1 1 16
16 23 9 6 4 3 7
0 12 0 4 1 8 3
4 25 12 8 4 0 10
2 24 7 11 3 0 9
26 13 0 4 1 15 1
3 26 20 8 8 0 11
22 0 0 4 1 7 4
6 19 3 10 2 0 13
8 22 0 4 1 6 5
12 26 0 4 1 13 2
5 7 0 9 1 0 23
23 9 0 4 1 10 3
1 18 3 10 2 0 12
6 20 20 8 8 0 13
1 8 12 8 4 0 12
20 28 0 4 1 12 1
