1 0 3 0 4 0 13 0
1 0 4 0 4 0 12 0
1 0 2 0 1 0 6 0
1 0 2 0 4 0 18 0
1 0 4 0 4 0 13 0
2 1 0 0 0 1 0 1
11 2 1 2 1 15 2 0
6 2 1 2 0 8 1 0
2 1 2 0 2 1 17 0
2 1 1 0 2 1 4 0
12 2 1 4 0 16 1 0
9 2 1 2 2 11 4 0
3 2 2 1 4 2 15 0
6 2 1 2 1 8 7 0
4 2 2 2 1 4 3 0
7 2 0 4 0 9 0 0
7 2 1 2 1 9 6 0
4 2 2 2 1 4 10 0
5 2 1 2 1 6 8 0
8 2 1 2 1 10 5 0
5 2 0 2 0 6 0 0
13 1 0 2 0 17 0 1
3 1 0 1 0 2 0 1
10 2 2 3 2 14 3 0
5 2 1 2 1 6 2 0
####
1 0 0 12 0 19 6 0 17 0
2 0 0 12 0 19 6 0 13 0
2 1 0 12 0 19 6 0 12 0
3 0 0 12 0 19 6 0 20 0
3 1 0 12 0 19 6 0 19 0
3 2 0 12 0 19 6 0 15 0
4 0 0 12 0 19 6 0 16 0
4 1 0 12 0 19 6 0 15 0
4 2 0 12 0 19 6 0 11 0
4 3 0 12 0 19 6 0 18 0
9 5 1 0 0 0 8 0 0 0
9 8 0 11 0 16 4 0 13 0
22 12 2 0 3 0 7 2 0 0
17 14 3 0 5 0 7 4 0 0
20 18 4 0 7 0 8 2 0 0
24 18 4 0 7 0 8 0 0 0
24 20 4 0 7 0 8 6 0 0
13 7 5 0 10 0 7 2 0 0
16 15 6 0 12 0 7 4 0 0
####
17 20 0 5 1 4 10
0 7 10 7 5 0 13
11 23 0 2 1 11 4
10 21 0 2 1 16 1
0 16 12 7 6 0 13
2 5 0 8 1 0 6
1 11 15 6 8 0 12
19 11 0 2 1 10 5
7 15 0 4 1 8 1
2 9 0 8 1 0 6
6 10 0 2 1 15 2
13 16 0 4 1 8 7
4 13 10 7 5 0 13
0 17 5 7 3 0 13
12 17 0 4 1 2 15
23 6 0 2 1 14 3
18 13 0 5 1 6 8
1 24 7 8 4 0 12
12 14 0 4 1 2 15
23 10 1 2 2 14 3
14 24 0 5 1 4 3
4 14 5 7 3 0 13
1 19 14 6 7 0 12
14 15 5 4 3 4 3
16 19 0 3 1 9 6
4 20 7 8 4 0 13
17 18 0 5 1 4 10
3 12 3 7 2 0 18
4 6 17 6 10 0 13
24 7 0 5 1 6 2
8 12 0 5 1 1 17
8 22 0 5 1 1 17
9 23 13 4 8 1 4
3 8 0 8 1 0 18
1 18 7 8 4 0 12
