1 0 3 0 2 0 10 0
1 0 3 0 2 0 14 0
1 0 4 0 5 0 12 0
1 0 3 0 3 0 7 0
1 0 4 0 5 0 17 0
7 2 1 2 1 9 5 0
2 1 1 0 1 1 9 0
8 2 1 4 1 11 4 0
5 2 1 2 1 6 4 0
7 2 0 2 0 8 0 0
4 2 1 2 2 5 10 0
2 1 0 0 0 1 0 1
9 2 1 4 1 17 3 0
3 2 1 1 2 3 8 0
2 1 1 0 1 1 12 0
5 2 2 2 3 6 9 0
10 2 1 2 1 18 2 0
12 2 0 2 0 20 0 0
3 2 1 1 1 3 11 0
6 1 0 2 0 6 0 1
4 2 2 2 2 4 7 0
6 2 1 2 1 8 6 0
5 2 1 2 0 5 1 0
6 2 2 2 1 7 6 0
11 2 1 2 0 19 1 0
####
1 0 0 11 0 19 6 0 18 0
2 0 0 11 0 19 6 0 16 0
2 1 0 11 0 19 6 0 22 0
3 0 0 11 0 19 6 0 12 0
3 1 0 11 0 19 6 0 18 0
3 2 0 11 0 19 6 0 16 0
4 0 0 11 0 19 6 0 19 0
4 1 0 11 0 19 6 0 25 0
4 2 0 11 0 19 6 0 23 0
4 3 0 11 0 19 6 0 19 0
14 6 0 10 0 16 4 0 16 0
18 13 0 9 0 14 3 0 14 0
20 10 3 8 5 12 8 2 12 1
15 8 4 7 7 9 9 3 10 1
22 15 4 0 7 0 8 4 0 0
22 8 4 0 7 0 8 4 0 0
21 19 5 0 10 0 8 6 0 0
23 21 5 6 10 6 9 8 9 1
23 19 5 0 10 0 8 6 0 0
9 5 6 0 13 0 7 10 0 0
####
2 18 3 7 2 0 12
7 12 0 2 1 11 4
24 17 0 2 1 19 1
1 17 19 6 11 0 14
3 21 10 8 5 0 7
10 15 0 5 1 5 10
22 19 0 6 1 5 1
4 22 7 8 4 0 17
20 8 0 5 1 4 7
12 16 0 2 1 17 3
16 24 0 2 1 18 2
23 7 2 4 2 7 6
15 23 0 6 1 6 9
2 9 13 7 6 0 12
14 18 0 5 1 1 12
0 24 18 6 10 0 10
1 14 0 8 1 0 14
2 23 10 8 5 0 12
0 11 0 8 1 0 10
21 5 0 5 1 8 6
3 16 17 6 9 0 7
13 20 0 4 1 3 8
4 10 5 7 3 0 17
20 22 0 5 1 4 7
4 20 5 7 3 0 17
18 10 0 4 1 3 11
3 5 13 7 6 0 7
4 6 0 8 1 0 17
8 12 6 4 4 6 4
15 21 0 6 1 6 9
0 13 3 7 2 0 10
5 7 0 3 1 9 5
23 9 0 5 1 7 6
1 8 7 8 4 0 14
6 13 0 5 1 1 9
2 15 7 8 4 0 12
