7 1 2 2 2 9 10 0
1 0 3 0 4 0 20 0
1 0 3 0 2 0 6 0
1 0 2 0 2 0 15 0
1 0 4 0 4 0 9 0
1 0 3 0 5 0 16 0
5 1 0 2 0 6 0 1
1 0 3 0 3 0 21 0
2 2 1 0 2 2 17 0
13 2 1 2 0 18 1 0
3 1 2 2 3 3 16 0
10 2 1 2 1 13 5 0
2 1 2 0 1 1 3 0
2 2 2 0 1 2 9 0
11 2 1 2 2 15 4 0
3 2 1 1 0 3 1 0
2 1 0 0 0 1 0 1
5 2 1 2 2 7 13 0
4 2 2 1 1 5 15 0
3 1 0 1 0 2 0 1
13 2 0 4 0 20 0 0
8 2 1 3 1 11 7 0
9 2 1 2 1 12 6 0
6 2 2 2 2 8 12 0
8 2 1 2 0 10 1 0
12 2 2 2 1 17 3 0
3 2 0 2 0 4 0 0
7 2 0 2 0 10 0 0
9 1 0 2 0 11 0 1
14 1 0 2 0 19 0 1
2 1 0 0 0 1 0 1
####
2 1 0 13 0 24 7 0 15 0
3 1 0 13 0 24 7 0 22 0
3 2 0 13 0 24 7 0 11 0
4 1 0 13 0 24 7 0 16 0
4 2 0 13 0 24 7 0 5 0
4 3 0 13 0 24 7 0 12 0
5 1 0 13 0 24 7 0 23 0
5 2 0 13 0 24 7 0 12 0
5 3 0 13 0 24 7 0 19 0
5 4 0 13 0 24 7 0 13 0
7 1 0 13 0 24 7 0 26 0
7 2 0 13 0 24 7 0 15 0
7 3 0 13 0 24 7 0 22 0
7 4 0 13 0 24 7 0 16 0
7 5 0 13 0 24 7 0 23 0
12 8 0 11 0 17 7 0 11 0
13 8 1 12 0 19 12 0 17 1
13 12 0 11 0 17 7 0 6 0
30 8 1 0 0 0 11 0 0 0
30 13 1 0 0 0 11 0 0 0
15 10 0 10 0 13 6 0 9 0
19 15 2 0 5 0 10 2 0 0
26 10 2 0 5 0 10 2 0 0
26 15 2 0 5 0 10 1 0 0
26 19 2 0 5 0 10 1 0 0
17 6 4 0 10 0 8 6 0 0
27 0 6 0 13 0 8 10 0 0
24 21 7 0 15 0 8 13 0 0
28 22 8 0 17 0 8 15 0 0
20 9 12 0 22 0 8 24 0 0
####
3 15 5 10 2 0 15
15 20 13 6 10 3 1
13 26 0 9 1 2 9
9 29 0 3 1 18 1
4 12 0 11 1 0 9
11 14 0 2 1 13 5
3 17 10 8 4 0 15
5 23 12 7 5 0 16
13 21 10 7 6 2 9
4 9 22 8 12 0 9
0 21 0 4 1 9 10
0 24 0 4 1 9 10
5 18 9 7 3 0 16
8 10 0 9 1 2 17
10 18 0 5 1 3 16
17 23 0 3 1 7 13
2 27 13 8 6 0 6
2 16 0 11 1 0 6
24 28 0 4 1 10 1
5 11 19 7 9 0 16
1 13 0 11 1 0 20
4 14 20 7 10 0 9
18 17 0 3 1 5 15
10 24 6 6 5 3 16
18 6 0 3 1 5 15
22 11 0 3 1 12 6
12 15 0 9 1 1 3
1 22 17 8 8 0 20
21 22 0 4 1 11 7
14 25 0 2 1 15 4
7 13 0 11 1 0 21
12 19 0 9 1 1 3
4 26 5 10 2 0 9
1 8 0 11 1 0 20
7 30 0 11 1 0 21
23 0 0 3 1 8 12
25 20 0 3 1 17 3
2 25 21 7 11 0 6
23 27 0 3 1 8 12
7 8 0 11 1 0 21
25 9 0 3 1 17 3
