1 0 4 0 7 0 17 0
5 2 1 2 1 6 9 0
1 0 3 0 5 0 16 0
1 0 4 0 4 0 13 0
1 0 2 0 1 0 3 0
10 2 1 2 1 14 2 0
2 1 3 0 5 1 16 0
11 2 1 2 0 15 1 0
3 2 2 1 1 3 11 0
4 2 1 2 1 5 10 0
5 2 1 2 1 6 9 0
12 2 0 2 0 17 0 0
8 2 2 2 2 12 6 0
3 2 2 1 1 3 12 0
10 2 0 4 0 15 0 0
6 2 1 4 1 10 8 0
4 2 1 2 1 5 10 0
9 2 1 2 0 14 1 0
4 1 0 2 0 4 0 1
9 2 1 2 1 13 3 0
7 2 1 3 2 11 7 0
####
2 0 0 11 0 16 5 0 25 0
3 0 0 11 0 16 5 0 23 0
3 2 0 11 0 16 5 0 22 0
4 0 0 11 0 16 5 0 13 0
4 2 0 11 0 16 5 0 12 0
4 3 0 11 0 16 5 0 10 0
13 8 2 9 1 13 7 2 16 1
16 9 3 8 3 10 8 4 14 1
18 9 3 0 3 0 7 4 0 0
18 16 3 0 3 0 7 4 0 0
10 1 4 7 6 8 7 6 12 1
19 17 8 0 11 0 6 20 0 0
14 5 9 0 13 0 6 22 0 0
####
15 20 0 2 1 10 8
2 8 1 6 2 0 16
1 15 0 3 1 6 9
10 15 0 3 1 6 9
7 11 0 2 1 15 1
8 14 10 4 7 3 11
20 12 0 2 1 11 7
3 10 6 6 4 0 13
2 13 1 6 2 0 16
12 17 0 3 1 12 6
3 16 3 7 3 0 13
8 16 0 5 1 3 11
17 14 0 4 1 14 1
0 12 10 5 7 0 17
9 10 0 5 1 5 10
3 9 3 7 3 0 13
0 5 13 6 9 0 17
3 19 11 6 8 0 13
4 11 16 5 11 0 3
0 1 6 6 4 0 17
2 7 15 5 10 0 16
6 8 0 3 1 1 16
5 7 0 3 1 14 2
4 17 11 6 8 0 3
12 19 0 3 1 12 6
19 5 0 4 1 13 3
16 1 0 5 1 5 10
6 20 8 2 5 1 16
0 6 0 5 1 0 17
13 18 0 5 1 3 12
6 13 0 3 1 1 16
13 9 0 5 1 3 12
