1 0 3 0 3 0 9 0
1 0 4 0 4 0 18 0
1 0 3 0 3 0 10 0
1 0 3 0 1 0 4 0
4 2 1 2 1 5 8 0
2 1 0 0 0 1 0 1
1 0 4 0 5 0 15 0
7 2 1 2 1 10 5 0
5 2 1 2 0 6 1 0
2 1 2 0 3 1 11 0
10 2 1 2 0 14 1 0
2 1 1 0 1 1 4 0
6 1 0 2 0 7 0 1
8 2 1 2 2 11 4 0
3 2 1 1 1 3 8 0
11 2 0 4 0 15 0 0
3 2 1 1 1 3 3 0
2 1 0 0 0 1 0 1
9 2 2 2 1 12 3 0
10 2 0 2 0 14 0 0
5 2 1 4 1 7 7 0
2 1 0 0 0 1 0 1
4 2 1 2 1 4 2 0
3 2 2 1 1 3 9 0
6 2 1 2 1 9 6 0
####
1 0 0 10 0 19 6 0 15 0
2 0 0 10 0 19 6 0 12 0
2 1 0 10 0 19 6 0 17 0
3 0 0 10 0 19 6 0 6 0
3 1 0 10 0 19 6 0 11 0
3 2 0 10 0 19 6 0 8 0
6 0 0 10 0 19 6 0 14 0
6 1 0 10 0 19 6 0 19 0
6 2 0 10 0 19 6 0 16 0
6 3 0 10 0 19 6 0 10 0
9 5 1 0 0 0 10 0 0 0
11 5 1 0 0 0 10 0 0 0
11 9 1 0 0 0 10 0 0 0
16 14 2 0 5 0 8 2 0 0
23 14 2 8 5 11 9 2 13 1
23 16 2 0 5 0 8 2 0 0
22 4 3 0 8 0 7 4 0 0
20 8 4 0 10 0 7 7 0 0
24 12 5 0 12 0 7 1 0 0
19 10 9 0 17 0 7 8 0 0
####
23 4 0 5 1 3 9
11 16 0 8 1 1 4
2 18 16 6 8 0 10
3 21 0 10 1 0 4
10 15 0 3 1 14 1
18 19 0 3 1 12 3
1 11 0 10 1 0 18
2 4 8 7 3 0 10
6 14 5 8 2 0 15
6 7 14 6 6 0 15
3 10 17 7 9 0 4
0 24 12 7 5 0 9
16 22 0 5 1 3 3
1 5 0 10 1 0 18
23 15 11 4 8 3 9
9 14 0 8 1 1 11
6 23 5 8 2 0 15
1 9 0 10 1 0 18
3 19 17 7 9 0 4
14 20 2 5 2 3 8
0 8 10 7 4 0 9
4 20 0 4 1 5 8
2 17 0 10 1 0 10
18 10 0 3 1 12 3
1 22 8 7 3 0 18
24 7 0 3 1 9 6
8 12 0 4 1 6 1
20 24 0 4 1 7 7
7 13 0 2 1 10 5
0 13 15 6 7 0 9
9 23 0 8 1 1 11
13 18 0 2 1 11 4
22 8 0 4 1 4 2
6 16 5 8 2 0 15
