1 0 2 0 3 0 14 0
1 0 4 0 6 0 20 0
1 0 2 0 1 0 5 0
1 0 3 0 2 0 13 0
5 2 1 2 2 4 7 0
7 2 1 2 2 9 10 0
1 0 3 0 3 0 16 0
11 2 1 2 1 17 3 0
12 2 1 4 1 19 2 0
2 1 3 0 4 1 19 0
8 1 2 2 3 10 9 0
14 2 0 2 0 21 0 0
3 2 1 1 1 3 15 0
4 2 1 2 2 4 14 0
9 2 2 3 2 14 6 0
5 2 2 2 1 6 13 0
10 2 1 2 1 16 4 0
3 2 2 1 2 2 9 0
10 2 1 2 1 15 3 0
9 2 1 1 0 11 1 0
6 2 1 2 1 8 11 0
10 1 0 2 0 12 0 1
6 2 0 2 0 8 0 0
13 2 1 4 0 20 1 0
4 2 1 2 1 3 8 0
####
1 0 0 13 0 19 6 0 26 0
2 0 0 13 0 19 6 0 14 0
2 1 0 13 0 19 6 0 20 0
3 0 0 13 0 19 6 0 19 0
3 1 0 13 0 19 6 0 25 0
3 2 0 13 0 19 6 0 13 0
6 0 0 13 0 19 6 0 22 0
6 1 0 13 0 19 6 0 28 0
6 2 0 13 0 19 6 0 16 0
6 3 0 13 0 19 6 0 21 0
17 12 2 11 1 16 8 2 19 1
24 13 3 10 3 14 8 4 17 1
15 4 4 9 5 12 8 6 15 1
22 20 5 0 7 0 7 2 0 0
19 14 8 0 11 0 7 8 0 0
21 16 9 0 13 0 8 10 0 0
21 18 9 0 13 0 8 10 0 0
18 16 9 4 13 3 9 10 5 1
####
8 23 0 2 1 19 2
15 20 0 4 1 6 13
1 17 1 7 2 0 20
24 4 0 4 1 3 8
18 8 1 4 2 15 3
16 7 0 4 1 16 4
0 15 5 7 4 0 14
12 13 0 4 1 3 15
23 11 0 2 1 20 1
14 18 0 5 1 14 6
3 20 7 7 5 0 13
17 24 0 4 1 2 9
9 17 0 3 1 1 19
17 23 15 3 10 2 9
9 24 2 3 2 1 19
19 21 0 5 1 11 1
2 16 13 8 9 0 5
15 22 0 4 1 6 13
6 18 13 8 9 0 16
13 15 0 4 1 4 14
10 19 0 3 1 10 9
4 14 4 4 4 4 7
1 4 5 7 4 0 20
0 5 9 6 6 0 14
1 9 0 6 1 0 20
3 19 11 7 8 0 13
20 5 0 3 1 8 11
6 12 1 7 2 0 16
5 10 0 2 1 9 10
14 16 0 5 1 14 6
3 22 7 7 5 0 13
2 11 19 6 13 0 5
10 14 0 3 1 10 9
6 13 3 7 3 0 16
1 7 16 6 10 0 20
7 8 0 2 1 17 3
9 12 0 3 1 1 19
