1 0 3 0 4 0 10 0
1 0 2 0 0 0 2 0
1 0 1 0 0 0 1 0
1 0 1 0 1 0 2 0
1 0 3 0 3 0 7 0
1 0 1 0 2 0 8 0
2 1 2 0 2 1 7 0
2 1 2 0 1 1 3 0
1 0 2 0 2 0 8 0
1 0 3 0 2 0 6 0
2 1 0 0 0 1 0 1
2 1 0 0 0 1 0 1
4 2 1 2 0 5 1 0
2 2 1 0 1 2 5 0
2 2 1 0 0 2 1 0
2 2 1 0 0 2 1 0
3 2 1 2 1 4 4 0
7 1 0 2 0 11 0 1
5 2 1 2 1 8 2 0
3 1 0 2 0 3 0 1
3 2 0 2 0 4 0 0
3 2 1 1 1 3 2 0
2 1 0 0 0 1 0 1
6 2 1 3 0 10 1 0
5 2 0 3 0 8 0 0
4 2 1 3 1 7 3 0
####
3 1 0 2 0 8 12 0 1 0
4 0 0 6 0 17 9 0 10 0
5 0 0 6 0 17 9 0 10 0
5 4 0 6 0 17 9 0 8 0
8 0 0 6 0 17 9 0 11 0
8 1 0 2 0 8 12 0 1 0
8 3 0 2 0 8 12 0 2 0
8 4 0 6 0 17 9 0 9 0
8 5 0 6 0 17 9 0 9 0
9 0 0 4 0 14 10 0 3 0
9 4 0 4 0 14 10 0 3 0
9 5 0 4 0 14 10 0 5 0
7 6 0 5 0 9 9 0 4 0
13 6 0 5 0 9 9 0 7 0
13 7 1 5 0 9 17 0 5 1
14 13 1 0 0 0 16 0 0 0
15 7 1 0 0 0 16 0 0 0
15 13 1 0 0 0 16 0 0 0
22 15 1 0 0 0 16 0 0 0
19 16 2 0 8 0 12 2 0 0
20 16 2 0 8 0 12 2 0 0
21 19 2 0 8 0 12 1 0 0
25 12 3 0 12 0 10 1 0 0
24 18 4 0 14 0 10 4 0 0
####
8 13 0 16 1 0 8
5 6 0 16 1 0 8
4 18 14 10 4 0 7
9 22 0 16 1 0 6
6 21 0 12 1 1 7
0 7 0 16 1 0 10
4 12 12 10 3 0 7
15 19 0 12 1 2 1
3 14 0 16 1 0 2
1 20 8 12 2 0 2
18 23 0 3 1 8 2
8 14 0 16 1 0 8
0 15 0 16 1 0 10
23 17 0 2 1 10 1
9 15 0 16 1 0 6
9 21 8 12 2 0 6
7 24 6 10 3 1 3
13 16 0 12 1 2 5
12 24 0 4 1 5 1
6 25 4 10 2 1 7
1 10 0 16 1 0 2
16 25 0 6 1 4 4
21 12 0 6 1 3 2
7 23 8 9 4 1 3
25 18 0 4 1 7 3
4 16 8 12 2 0 7
14 20 0 12 1 2 1
2 11 0 16 1 0 1
0 13 0 16 1 0 10
