1 0 4 0 6 0 17 0
4 2 1 2 2 5 3 0
1 0 3 0 5 0 13 0
1 0 1 0 2 0 7 0
1 0 3 0 2 0 15 0
6 2 1 2 1 8 2 0
8 2 0 2 0 16 0 0
5 2 1 2 1 6 3 0
4 2 1 2 0 5 1 0
1 0 3 0 2 0 8 0
1 0 4 0 3 0 12 0
1 0 1 0 0 0 1 0
2 1 3 0 3 1 10 0
3 1 0 1 0 2 0 1
2 1 1 0 2 1 11 0
3 2 2 1 4 3 10 0
3 2 2 1 1 3 5 0
5 2 2 4 0 10 2 0
6 1 0 2 0 11 0 1
4 2 1 2 1 5 3 0
2 1 0 0 0 1 0 1
3 2 0 1 0 3 0 0
6 2 1 4 1 12 2 0
2 2 0 0 0 2 0 0
2 1 2 0 1 1 6 0
3 2 1 1 1 3 4 0
5 1 0 2 0 6 0 1
4 2 2 2 2 4 6 0
7 2 1 4 0 15 1 0
5 2 1 2 1 6 3 0
4 1 0 2 0 4 0 1
6 1 0 2 0 11 0 1
3 2 1 1 1 3 2 0
####
2 0 0 7 0 25 8 0 14 0
3 0 0 5 0 20 11 0 6 0
3 2 0 5 0 20 11 0 6 0
4 0 0 7 0 25 8 0 15 0
4 2 0 7 0 25 8 0 15 0
4 3 0 5 0 20 11 0 7 0
9 0 0 7 0 25 8 0 11 0
9 2 0 7 0 25 8 0 11 0
9 4 0 7 0 25 8 0 12 0
10 0 0 7 0 25 8 0 12 0
10 2 0 7 0 25 8 0 12 0
10 3 0 5 0 20 11 0 7 0
10 4 0 7 0 25 8 0 13 0
10 9 0 7 0 25 8 0 9 0
11 9 0 1 0 0 12 0 0 0
14 12 0 6 0 20 6 0 11 0
23 20 1 0 0 0 12 0 0 0
24 14 0 4 0 15 9 0 5 0
16 15 0 5 0 14 7 0 9 0
21 16 2 0 5 0 13 2 0 0
25 15 0 3 0 9 10 0 3 0
25 21 2 0 5 0 13 0 0 0
25 13 2 0 5 0 13 2 0 0
32 15 2 0 5 0 13 1 0 0
32 16 2 0 5 0 13 2 0 0
32 21 2 0 5 0 13 2 0 0
19 1 3 0 11 0 12 2 0 0
19 8 3 0 11 0 12 4 0 0
27 19 0 4 0 9 6 0 7 0
27 8 3 0 11 0 12 1 0 0
30 19 3 0 11 0 12 4 0 0
30 1 3 0 11 0 12 2 0 0
30 8 3 0 11 0 12 4 0 0
8 1 3 0 11 0 12 2 0 0
17 7 4 0 16 0 11 1 0 0
29 17 4 0 16 0 11 3 0 0
29 7 4 3 16 5 12 4 4 1
29 26 4 0 16 0 11 3 0 0
26 17 4 0 16 0 11 4 0 0
26 7 4 0 16 0 11 3 0 0
18 5 5 0 20 0 11 2 0 0
22 18 5 0 20 0 11 6 0 0
22 5 5 2 20 1 12 4 2 1
31 18 5 0 20 0 11 4 0 0
31 22 5 0 20 0 11 6 0 0
31 5 5 0 20 0 11 2 0 0
####
15 27 0 11 1 3 10
12 32 0 11 1 1 10
2 8 11 12 3 0 13
1 17 0 9 1 5 3
0 7 16 11 4 0 17
11 23 0 12 1 0 1
10 21 5 13 2 0 12
24 13 0 11 1 1 6
25 1 0 11 1 3 4
19 22 4 9 2 5 3
12 16 0 11 1 1 10
27 29 0 9 1 4 6
3 24 0 12 1 0 7
22 28 0 5 1 12 2
2 27 11 12 3 0 13
28 6 0 2 1 15 1
12 21 0 11 1 1 10
9 20 0 12 1 0 8
16 30 0 11 1 3 5
10 19 11 12 3 0 12
4 14 0 12 1 0 15
0 12 0 12 1 0 17
17 31 0 8 1 10 2
9 16 5 13 2 0 8
0 5 20 11 5 0 17
14 15 0 11 1 1 11
16 19 0 11 1 3 5
5 28 0 5 1 8 2
7 22 0 8 1 6 3
8 26 0 9 1 5 1
15 17 5 10 2 3 10
17 18 0 8 1 10 2
0 1 11 12 3 0 17
4 6 25 8 7 0 15
10 25 5 13 2 0 12
9 23 0 12 1 0 8
24 25 0 11 1 1 6
27 7 0 9 1 4 6
2 15 5 13 2 0 13
10 29 16 11 4 0 12
32 8 0 11 1 3 2
29 5 0 8 1 6 3
4 32 5 13 2 0 15
