1 0 4 0 3 0 21 0
1 0 4 0 3 0 19 0
2 1 1 0 1 1 18 0
1 0 3 0 5 0 15 0
1 0 2 0 1 0 10 0
1 0 2 0 2 0 8 0
1 0 2 0 2 0 7 0
9 2 1 2 1 13 2 0
1 0 4 0 1 0 17 0
2 1 1 0 1 1 2 0
6 2 1 2 2 7 14 0
3 1 1 1 1 2 17 0
12 2 1 2 2 18 3 0
2 1 0 0 0 1 0 1
9 2 1 2 2 13 8 0
12 1 0 2 0 18 0 1
2 1 0 0 0 1 0 1
2 2 1 0 2 2 14 0
4 2 1 1 1 4 16 0
14 1 0 2 0 20 0 1
7 2 2 4 3 10 13 0
2 2 0 0 0 2 0 0
10 2 2 2 2 14 7 0
11 2 1 2 1 16 4 0
11 2 1 3 0 17 1 0
13 2 2 2 0 19 2 0
14 1 0 2 0 20 0 1
10 2 1 4 0 14 1 0
11 2 0 2 0 15 0 0
5 2 1 2 1 5 15 0
2 2 0 0 0 2 0 0
8 2 2 2 2 11 12 0
####
1 0 0 13 0 23 9 0 23 0
3 0 0 13 0 23 9 0 20 0
3 1 0 13 0 23 9 0 19 0
4 0 0 13 0 23 9 0 17 0
4 1 0 13 0 23 9 0 16 0
4 3 0 13 0 23 9 0 13 0
5 0 0 13 0 23 9 0 15 0
5 1 0 13 0 23 9 0 14 0
5 3 0 13 0 23 9 0 11 0
5 4 0 13 0 23 9 0 8 0
6 0 0 13 0 23 9 0 14 0
6 1 0 13 0 23 9 0 13 0
6 3 0 13 0 23 9 0 10 0
6 4 0 13 0 23 9 0 7 0
6 5 0 13 0 23 9 0 5 0
8 0 0 13 0 23 9 0 20 0
8 1 0 13 0 23 9 0 19 0
8 3 0 13 0 23 9 0 16 0
8 4 0 13 0 23 9 0 13 0
8 5 0 13 0 23 9 0 11 0
8 6 0 13 0 23 9 0 10 0
9 2 0 10 0 13 9 0 10 0
16 2 1 0 0 0 14 0 0 0
17 2 0 12 0 16 9 0 18 0
17 9 0 10 0 13 9 0 6 0
21 17 1 0 0 0 14 0 0 0
30 2 1 0 0 0 14 0 0 0
30 16 1 0 0 0 14 0 0 0
30 17 1 0 0 0 14 0 0 0
30 21 1 0 0 0 14 0 0 0
14 7 8 0 13 0 9 14 0 0
27 22 9 0 15 0 9 16 0 0
24 23 10 0 17 0 10 18 0 0
28 23 10 0 17 0 10 18 0 0
28 24 10 0 17 0 10 18 0 0
15 12 11 0 20 0 9 20 0 0
26 19 13 0 23 0 9 24 0 0
####
1 21 0 14 1 0 19
5 9 0 14 1 0 8
3 25 22 8 12 0 15
22 23 0 5 1 14 7
1 17 0 14 1 0 19
17 20 4 8 5 2 14
0 16 0 14 1 0 21
8 28 17 10 10 0 17
23 12 0 5 1 16 4
1 29 9 8 4 0 19
5 23 17 10 10 0 8
14 22 0 4 1 13 8
6 7 13 9 8 0 7
3 10 10 8 5 0 15
25 19 0 3 1 19 2
25 26 0 3 1 19 2
4 13 0 14 1 0 10
3 31 12 8 7 0 15
11 18 0 2 1 2 17
9 24 10 10 9 1 2
27 28 0 5 1 14 1
20 27 3 3 3 10 13
0 22 15 9 9 0 21
22 24 0 5 1 14 7
7 27 0 4 1 13 2
20 31 0 2 1 10 13
8 21 0 14 1 0 17
12 25 0 3 1 18 3
24 15 0 5 1 17 1
4 14 13 9 8 0 10
8 30 0 14 1 0 17
8 17 0 14 1 0 17
0 30 0 14 1 0 21
6 12 20 9 11 0 7
31 7 0 3 1 11 12
31 14 0 3 1 11 12
2 11 0 8 1 1 18
29 10 0 2 1 5 15
1 18 8 8 3 0 19
18 29 0 2 1 4 16
10 20 0 2 1 7 14
0 2 0 14 1 0 21
