1 0 3 0 3 0 5 0
1 0 3 0 3 0 21 0
1 0 4 0 4 0 9 0
1 0 2 0 3 0 12 0
1 0 2 0 3 0 7 0
1 0 2 0 4 0 5 0
1 0 1 0 1 0 2 0
4 2 1 2 1 5 4 0
7 2 1 2 0 10 1 0
4 2 1 2 2 4 5 0
2 1 2 0 4 1 14 0
2 1 1 0 0 1 1 0
2 1 1 0 2 1 4 0
5 2 2 2 2 6 4 0
5 2 1 2 1 6 3 0
3 2 2 1 1 3 3 0
3 1 0 1 0 2 0 1
3 2 2 1 1 3 3 0
4 2 1 2 0 4 1 0
4 2 1 2 0 5 1 0
3 2 2 1 2 3 11 0
6 2 1 2 1 8 2 0
4 1 0 2 0 4 0 1
2 1 0 0 0 1 0 1
5 2 0 2 0 7 0 0
6 2 2 2 0 7 2 0
6 2 0 4 0 10 0 0
7 1 0 2 0 8 0 1
7 2 0 4 0 10 0 0
8 1 0 2 0 11 0 1
####
1 0 0 6 0 19 10 0 7 0
2 0 0 4 0 13 10 0 1 0
2 1 0 7 0 22 8 0 10 0
3 0 0 6 0 19 10 0 5 0
3 1 0 7 0 22 8 0 11 0
3 2 0 7 0 22 8 0 9 0
4 0 0 4 0 13 10 0 2 0
4 1 0 7 0 22 8 0 8 0
4 2 0 7 0 22 8 0 6 0
4 3 0 7 0 22 8 0 7 0
5 0 0 6 0 19 10 0 3 0
5 1 0 6 0 19 10 0 8 0
5 3 0 6 0 19 10 0 6 0
6 1 0 7 0 22 8 0 7 0
6 2 0 7 0 22 8 0 5 0
6 3 0 7 0 22 8 0 6 0
6 4 0 7 0 22 8 0 3 0
12 10 1 0 0 0 11 0 0 0
23 10 1 0 0 0 11 0 0 0
23 12 1 0 0 0 11 0 0 0
17 15 2 0 4 0 11 2 0 0
20 15 2 4 4 11 14 2 3 1
20 17 2 0 4 0 11 2 0 0
18 7 3 0 8 0 12 4 0 0
18 9 3 2 8 3 15 4 1 1
19 18 3 0 8 0 12 4 0 0
19 7 3 0 8 0 12 4 0 0
19 9 3 0 8 0 12 4 0 0
9 7 3 0 8 0 12 4 0 0
22 18 3 0 8 0 12 4 0 0
22 19 3 0 8 0 12 2 0 0
22 7 3 0 8 0 12 4 0 0
22 9 3 0 8 0 12 4 0 0
14 13 4 0 13 0 10 6 0 0
24 13 4 0 13 0 10 6 0 0
24 14 4 0 13 0 10 6 0 0
25 21 5 0 16 0 10 8 0 0
26 21 5 0 16 0 10 10 0 0
26 25 5 0 16 0 10 10 0 0
27 8 6 0 19 0 10 10 0 0
28 8 6 0 19 0 10 11 0 0
28 27 6 0 19 0 10 11 0 0
####
11 16 0 8 1 1 1
13 26 0 6 1 6 4
5 13 13 10 4 0 5
18 26 3 8 2 4 1
10 15 0 8 1 1 14
20 7 0 9 1 3 11
25 27 0 6 1 7 2
2 19 8 12 3 0 9
0 15 4 11 2 0 5
13 25 0 6 1 6 4
0 24 13 10 4 0 5
3 20 4 11 2 0 12
21 8 0 6 1 8 2
5 25 16 10 5 0 5
20 9 0 9 1 3 11
12 17 0 8 1 1 4
15 18 0 9 1 3 3
8 29 0 4 1 10 1
1 10 0 11 1 0 21
7 14 0 8 1 5 4
17 19 0 9 1 3 3
1 23 0 11 1 0 21
0 18 8 12 3 0 5
19 24 0 8 1 5 1
3 9 8 12 3 0 12
17 22 0 9 1 3 3
2 14 13 10 4 0 9
25 28 0 6 1 7 2
2 7 8 12 3 0 9
9 13 0 8 1 4 5
6 8 19 10 6 0 2
1 12 0 11 1 0 21
4 17 4 11 2 0 7
2 11 0 11 1 0 9
15 28 11 7 4 3 3
10 20 0 8 1 1 14
14 21 0 6 1 6 3
4 21 16 10 5 0 7
