1 0 2 0 3 0 11 0
1 0 4 0 4 0 12 0
1 0 3 0 5 0 18 0
1 0 3 0 3 0 6 0
1 0 2 0 4 0 17 0
5 2 1 2 1 6 2 0
4 2 1 2 1 5 9 0
11 2 1 2 0 14 1 0
8 2 1 2 2 10 5 0
6 2 1 4 0 10 1 0
2 1 3 0 1 1 5 0
2 1 2 0 3 1 16 0
2 1 0 0 0 1 0 1
5 2 1 4 2 6 8 0
6 2 2 2 3 8 7 0
9 2 2 4 1 11 4 0
3 2 1 1 2 3 4 0
4 2 2 2 1 4 3 0
10 1 0 2 0 12 0 1
7 2 1 2 1 9 6 0
3 2 2 1 2 3 10 0
3 2 1 1 1 3 2 0
7 2 0 4 0 11 0 0
10 2 1 2 1 13 2 0
12 2 0 3 0 16 0 0
3 1 0 1 0 2 0 1
####
1 0 0 11 0 20 6 0 15 0
2 0 0 11 0 20 6 0 15 0
2 1 0 11 0 20 6 0 18 0
3 0 0 11 0 20 6 0 8 0
3 1 0 11 0 20 6 0 11 0
3 2 0 11 0 20 6 0 11 0
4 0 0 11 0 20 6 0 16 0
4 1 0 11 0 20 6 0 19 0
4 2 0 11 0 20 6 0 19 0
4 3 0 11 0 20 6 0 12 0
11 10 0 10 0 17 4 0 9 0
20 16 2 0 3 0 9 2 0 0
21 16 2 4 3 6 11 1 4 1
25 16 2 0 3 0 9 1 0 0
25 21 2 0 3 0 9 2 0 0
17 6 3 0 7 0 7 1 0 0
13 5 4 0 9 0 7 3 0 0
14 9 5 0 11 0 7 1 0 0
22 19 6 0 13 0 7 3 0 0
23 18 9 0 17 0 7 8 0 0
####
19 8 0 3 1 9 6
5 9 0 4 1 6 2
11 16 0 7 1 1 16
0 14 11 7 5 0 11
9 22 0 4 1 10 1
21 9 4 6 3 3 2
10 21 0 7 1 1 5
3 7 19 6 10 0 6
23 7 0 3 1 13 2
1 20 3 9 2 0 12
16 17 0 6 1 3 4
0 21 3 9 2 0 11
15 23 0 3 1 11 4
7 24 0 2 1 14 1
15 18 0 3 1 11 4
8 15 0 2 1 10 5
20 13 2 6 2 3 10
2 16 3 9 2 0 18
17 5 0 4 1 4 3
2 6 7 7 3 0 18
14 19 0 4 1 8 7
3 23 17 7 9 0 6
2 10 0 8 1 0 18
10 24 17 4 10 1 5
1 19 13 7 6 0 12
17 22 4 4 3 4 3
14 15 3 3 3 8 7
4 11 0 8 1 0 17
3 5 9 7 4 0 6
1 12 0 8 1 0 12
13 14 0 4 1 6 8
4 17 7 7 3 0 17
10 25 0 7 1 1 5
1 8 15 6 7 0 12
11 20 0 7 1 1 16
20 6 0 6 1 3 10
6 13 0 4 1 5 9
