6 1 2 2 2 8 12 0
1 0 4 0 7 0 22 0
1 0 4 0 3 0 22 0
1 0 4 0 3 0 14 0
2 1 0 0 0 1 0 1
10 2 1 2 1 16 3 0
1 0 3 0 4 0 19 0
2 1 3 0 3 1 9 0
8 2 1 2 0 10 1 0
6 2 1 3 1 10 5 0
4 2 1 2 0 5 1 0
1 0 4 0 4 0 19 0
2 1 2 0 2 1 5 0
9 2 1 2 0 12 1 0
5 1 0 2 0 6 0 1
2 2 1 0 2 2 18 0
11 2 1 2 1 17 2 0
10 2 0 2 0 14 0 0
3 2 2 2 3 4 17 0
4 2 2 2 2 6 16 0
7 2 1 1 2 9 8 0
5 2 1 2 1 8 6 0
5 2 1 2 2 7 13 0
3 2 1 1 1 3 2 0
3 2 1 1 0 3 1 0
8 2 2 3 2 11 7 0
9 1 0 2 0 11 0 1
7 2 1 3 1 9 2 0
4 2 0 2 0 4 0 0
13 1 0 2 0 19 0 1
9 2 1 3 1 15 4 0
12 2 1 3 0 18 1 0
####
2 1 0 12 0 26 6 0 26 0
3 1 0 12 0 26 6 0 19 0
3 2 0 12 0 26 6 0 19 0
6 1 0 12 0 26 6 0 24 0
6 2 0 12 0 26 6 0 24 0
6 3 0 12 0 26 6 0 17 0
11 1 0 12 0 26 6 0 26 0
11 2 0 12 0 26 6 0 26 0
11 3 0 12 0 26 6 0 19 0
11 6 0 12 0 26 6 0 24 0
15 4 1 0 0 0 9 0 0 0
15 7 0 11 0 22 5 0 18 0
23 18 2 0 4 0 8 0 0 0
24 23 2 0 4 0 8 2 0 0
19 10 3 0 7 0 8 2 0 0
28 19 3 0 7 0 8 1 0 0
28 10 3 0 7 0 8 4 0 0
21 14 4 0 10 0 8 4 0 0
22 21 4 8 10 13 9 4 12 1
22 14 4 0 10 0 8 4 0 0
9 0 5 7 13 11 8 7 10 1
27 20 6 0 15 0 7 8 0 0
25 8 7 0 17 0 7 11 0 0
26 13 8 0 19 0 8 13 0 0
30 13 8 0 19 0 8 16 0 0
30 26 8 0 19 0 8 15 0 0
17 5 9 0 22 0 7 18 0 0
####
11 16 24 6 10 0 19
0 27 0 4 1 8 12
20 25 0 4 1 9 8
0 20 0 4 1 8 12
2 8 17 7 7 0 22
3 21 10 8 4 0 14
7 25 13 6 6 1 9
13 17 0 5 1 12 1
21 9 0 5 1 8 6
18 19 0 6 1 4 17
6 24 4 8 2 0 19
3 28 7 8 3 0 14
19 22 0 6 1 6 16
27 8 0 4 1 9 2
3 17 22 7 9 0 14
25 30 0 5 1 11 7
18 27 8 5 4 4 17
12 24 0 7 1 1 5
1 5 22 7 9 0 22
30 5 0 5 1 15 4
6 22 10 8 4 0 19
15 18 0 7 1 2 18
11 13 19 8 8 0 19
19 21 0 6 1 6 16
31 29 0 2 1 18 1
23 10 0 6 1 3 2
24 28 0 6 1 3 1
1 23 4 8 2 0 22
2 10 7 8 3 0 22
7 31 21 5 10 1 9
22 0 0 5 1 7 13
8 26 0 5 1 10 1
7 9 9 6 4 1 9
6 19 7 8 3 0 19
3 12 0 9 1 0 14
5 16 0 3 1 16 3
16 31 0 2 1 17 2
1 18 4 8 2 0 22
25 13 0 5 1 11 7
10 14 0 6 1 5 1
11 20 15 7 6 0 19
9 30 4 5 3 10 5
1 7 0 9 1 0 22
2 15 0 9 1 0 22
11 15 0 9 1 0 19
12 23 0 7 1 1 5
2 4 0 9 1 0 22
