1 0 3 0 3 0 10 0
1 0 2 0 4 0 9 0
1 0 4 0 3 0 10 0
1 0 1 0 1 0 5 0
2 1 2 0 2 1 5 0
4 2 1 2 1 6 2 0
2 1 0 0 0 1 0 1
5 2 1 4 0 11 1 0
1 0 3 0 2 0 8 0
2 2 1 0 1 2 4 0
1 0 3 0 2 0 5 0
6 2 0 2 0 13 0 0
4 1 0 2 0 5 0 1
2 1 3 0 2 1 6 0
3 2 0 1 0 3 0 0
3 2 1 2 1 4 3 0
2 2 1 0 0 2 1 0
2 2 1 0 1 2 3 0
3 2 1 2 0 4 1 0
3 2 1 2 1 4 2 0
5 1 0 2 0 6 0 1
3 2 1 2 1 4 2 0
3 1 0 2 0 3 0 1
4 2 1 2 0 5 1 0
2 1 0 0 0 1 0 1
####
1 0 0 5 0 18 7 0 8 0
2 0 0 5 0 18 7 0 5 0
2 1 0 5 0 18 7 0 7 0
3 0 0 5 0 18 7 0 7 0
3 1 0 5 0 18 7 0 9 0
3 2 0 5 0 18 7 0 6 0
8 0 0 5 0 18 7 0 7 0
8 1 0 5 0 18 7 0 9 0
8 2 0 5 0 18 7 0 6 0
8 3 0 5 0 18 7 0 8 0
10 0 0 5 0 18 7 0 3 0
10 1 0 5 0 18 7 0 5 0
10 2 0 5 0 18 7 0 2 0
10 3 0 5 0 18 7 0 4 0
10 8 0 5 0 18 7 0 4 0
6 4 1 0 0 0 13 0 0 0
9 4 0 4 0 11 8 0 5 0
13 4 0 4 0 11 8 0 4 0
13 9 0 4 0 11 8 0 5 0
16 9 1 0 0 0 13 0 0 0
17 16 1 0 0 0 13 0 0 0
24 9 1 0 0 0 13 0 0 0
24 16 1 0 0 0 13 0 0 0
15 14 2 0 7 0 12 1 0 0
18 14 2 0 7 0 12 2 0 0
18 15 2 0 7 0 12 1 0 0
19 14 2 0 7 0 12 1 0 0
19 18 2 0 7 0 12 1 0 0
21 14 2 0 7 0 12 2 0 0
21 15 2 3 7 5 13 1 3 1
21 18 2 0 7 0 12 2 0 0
21 19 2 0 7 0 12 1 0 0
22 14 2 0 7 0 12 1 0 0
22 15 2 0 7 0 12 2 0 0
22 19 2 0 7 0 12 2 0 0
12 5 3 0 13 0 9 3 0 0
23 5 3 0 13 0 9 2 0 0
23 12 3 0 13 0 9 3 0 0
20 7 4 0 16 0 8 4 0 0
####
10 11 18 7 5 0 5
10 17 0 13 1 0 5
4 18 0 13 1 1 5
1 15 7 12 2 0 9
8 9 0 13 1 0 8
7 11 0 3 1 11 1
2 5 13 9 3 0 10
15 5 0 9 1 4 3
13 21 0 13 1 1 6
8 24 0 13 1 0 8
18 12 0 9 1 4 1
9 15 0 13 1 2 4
16 22 0 13 1 2 1
0 4 0 13 1 0 10
8 16 0 13 1 0 8
2 16 0 13 1 0 10
17 19 0 13 1 2 3
1 13 0 13 1 0 9
23 20 0 5 1 5 1
3 9 0 13 1 0 5
10 23 13 9 3 0 5
2 14 7 12 2 0 10
2 17 0 13 1 0 10
13 14 0 13 1 1 6
0 19 7 12 2 0 10
5 7 0 5 1 6 2
0 6 0 13 1 0 10
13 18 0 13 1 1 6
4 21 0 13 1 1 5
19 23 0 9 1 4 2
21 7 3 8 2 4 2
