1 0 4 0 4 0 16 0
1 0 3 0 2 0 10 0
1 0 3 0 2 0 14 0
6 1 1 2 2 12 6 0
1 0 4 0 1 0 13 0
2 1 0 0 0 1 0 1
3 2 1 2 1 4 9 0
1 0 4 0 5 0 17 0
9 2 1 2 0 17 1 0
3 2 1 2 3 4 9 0
2 1 2 0 2 1 12 0
1 0 4 0 3 0 19 0
4 2 1 2 1 5 2 0
4 2 1 4 1 9 8 0
2 1 0 0 0 1 0 1
2 1 0 0 0 1 0 1
4 1 3 2 3 5 8 0
2 2 1 0 1 2 3 0
3 2 1 2 1 3 2 0
10 2 0 3 0 18 0 0
2 2 2 0 2 2 14 0
5 2 1 2 1 11 7 0
2 1 0 0 0 1 0 1
7 2 2 2 2 15 5 0
5 2 1 3 0 8 1 0
8 2 1 4 0 18 1 0
8 2 1 2 1 16 2 0
6 1 0 2 0 9 0 1
2 2 0 0 0 2 0 0
2 1 0 0 0 1 0 1
3 2 1 1 1 3 3 0
3 2 1 1 1 3 9 0
9 2 0 2 0 19 0 0
####
1 0 0 9 0 26 7 0 14 0
2 0 0 9 0 26 7 0 17 0
2 1 0 9 0 26 7 0 13 0
4 0 0 9 0 26 7 0 16 0
4 1 0 9 0 26 7 0 12 0
4 2 0 9 0 26 7 0 15 0
7 0 0 9 0 26 7 0 19 0
7 1 0 9 0 26 7 0 15 0
7 2 0 9 0 26 7 0 18 0
7 4 0 9 0 26 7 0 17 0
11 0 0 9 0 26 7 0 19 0
11 1 0 9 0 26 7 0 15 0
11 2 0 9 0 26 7 0 18 0
11 4 0 9 0 26 7 0 17 0
11 7 0 9 0 26 7 0 20 0
14 5 1 0 0 0 15 0 0 0
15 5 1 0 0 0 15 0 0 0
15 14 1 0 0 0 15 0 0 0
20 10 0 8 0 17 10 0 16 0
20 17 1 4 0 10 17 0 5 1
28 10 1 0 0 0 15 0 0 0
28 17 1 0 0 0 15 0 0 0
28 20 1 0 0 0 15 0 0 0
29 17 1 0 0 0 15 0 0 0
29 20 1 0 0 0 15 0 0 0
29 28 1 0 0 0 15 0 0 0
18 6 2 0 9 0 11 2 0 0
18 9 2 3 9 5 13 2 3 1
9 6 2 7 9 12 12 2 10 1
30 6 0 6 0 10 7 0 7 0
30 9 2 6 9 10 13 0 5 1
31 6 0 7 0 12 6 0 12 0
31 9 2 7 9 12 12 0 10 1
31 30 2 6 9 10 13 0 7 1
16 12 3 5 14 7 11 2 3 1
16 13 3 6 14 9 10 2 8 1
13 12 3 5 14 7 11 2 5 1
24 21 4 0 17 0 8 4 0 0
27 3 5 0 19 0 8 6 0 0
26 25 7 0 22 0 8 16 0 0
32 8 8 0 24 0 8 18 0 0
####
30 12 0 8 1 3 3
1 21 17 8 4 0 10
11 28 0 15 1 0 19
8 19 0 3 1 17 1
31 13 0 8 1 3 9
25 32 0 4 1 18 1
23 26 0 3 1 15 5
16 24 0 5 1 5 8
13 21 0 5 1 9 8
7 20 0 15 1 0 17
10 30 0 14 1 1 12
24 27 0 4 1 8 1
26 8 0 4 1 16 2
20 9 0 14 1 2 14
23 25 0 3 1 15 5
10 31 0 14 1 1 12
4 5 0 15 1 0 13
18 24 3 7 2 3 2
3 23 0 3 1 12 6
12 25 5 5 4 5 2
4 14 0 15 1 0 13
7 18 9 11 2 0 17
2 10 0 15 1 0 14
16 23 4 4 3 5 8
2 32 24 8 8 0 14
9 16 0 8 1 4 9
0 30 9 11 2 0 16
16 19 9 4 6 5 8
17 18 0 14 1 2 3
11 17 0 15 1 0 19
1 22 0 15 1 0 10
4 6 9 11 2 0 13
1 12 14 9 3 0 10
0 26 22 8 7 0 16
2 28 0 15 1 0 14
4 15 0 15 1 0 13
21 3 0 4 1 11 7
11 29 0 15 1 0 19
11 20 0 15 1 0 19
20 6 0 14 1 2 14
0 31 9 11 2 0 16
6 13 0 8 1 4 9
0 9 9 11 2 0 16
7 17 0 15 1 0 17
7 8 24 8 8 0 17
