1 0 4 0 2 0 13 0
1 0 4 0 4 0 10 0
1 0 3 0 2 0 14 0
5 2 1 2 1 7 4 0
6 2 0 2 0 8 0 0
1 0 2 0 3 0 10 0
1 0 3 0 4 0 17 0
4 2 1 2 2 4 7 0
2 1 0 0 0 1 0 1
2 1 2 0 3 1 12 0
5 2 2 3 3 7 6 0
7 2 1 3 1 14 3 0
7 1 0 2 0 9 0 1
3 2 1 1 2 3 7 0
2 1 2 0 2 1 12 0
4 2 2 2 3 5 6 0
3 2 1 1 1 3 6 0
10 2 0 2 0 19 0 0
5 2 2 2 0 7 2 0
6 2 2 2 1 8 5 0
8 2 1 4 1 17 2 0
6 1 0 2 0 8 0 1
3 2 1 1 1 3 8 0
4 2 1 2 1 5 5 0
9 2 1 4 0 18 1 0
2 1 0 0 0 1 0 1
2 1 0 0 0 1 0 1
####
1 0 0 9 0 21 6 0 16 0
2 0 0 9 0 21 6 0 16 0
2 1 0 9 0 21 6 0 16 0
5 0 0 9 0 21 6 0 14 0
5 1 0 9 0 21 6 0 14 0
5 2 0 9 0 21 6 0 14 0
6 0 0 9 0 21 6 0 19 0
6 1 0 9 0 21 6 0 19 0
6 2 0 9 0 21 6 0 19 0
6 5 0 9 0 21 6 0 17 0
14 9 0 8 0 16 6 0 17 0
25 14 1 0 0 0 10 0 0 0
26 9 1 0 0 0 10 0 0 0
16 13 2 7 5 13 9 0 8 1
22 13 0 7 0 13 4 0 9 0
22 16 2 7 5 13 9 2 11 1
15 7 0 6 0 10 4 0 7 0
23 15 3 6 8 10 9 2 6 1
23 7 3 6 8 10 9 4 9 1
18 10 4 0 11 0 8 4 0 0
18 3 4 0 11 0 8 4 0 0
10 3 4 5 11 7 9 2 7 1
21 4 5 0 14 0 8 6 0 0
21 19 5 0 14 0 8 6 0 0
19 4 5 0 14 0 8 6 0 0
12 11 6 0 17 0 7 9 0 0
####
1 3 11 8 4 0 10
15 20 8 4 4 5 6
24 17 0 2 1 18 1
18 4 0 6 1 7 2
3 11 3 5 2 7 4
23 3 0 6 1 5 5
0 16 5 8 2 0 13
5 23 8 8 3 0 10
19 11 0 5 1 8 5
6 14 0 10 1 0 17
2 26 0 10 1 0 14
14 22 0 8 1 1 12
2 9 0 10 1 0 14
0 17 21 6 9 0 13
6 25 0 10 1 0 17
22 7 0 6 1 3 8
7 10 0 6 1 4 7
15 18 0 6 1 5 6
6 18 11 8 4 0 17
13 15 0 6 1 3 7
10 19 0 6 1 7 6
16 23 0 6 1 3 6
9 10 6 8 3 1 12
10 24 6 4 4 7 6
1 19 14 8 5 0 10
5 15 8 8 3 0 10
18 21 0 6 1 7 2
0 8 0 10 1 0 13
9 13 0 8 1 1 12
1 22 5 8 2 0 10
14 16 0 8 1 1 12
20 24 0 2 1 17 2
0 13 5 8 2 0 13
19 12 0 5 1 8 5
11 20 0 3 1 14 3
1 7 8 8 3 0 10
2 4 14 8 5 0 14
