1 0 4 0 1 0 5 0
1 0 4 0 3 0 12 0
1 0 3 0 2 0 5 0
4 2 1 2 1 5 4 0
1 0 2 0 3 0 14 0
1 0 3 0 4 0 12 0
1 0 3 0 5 0 15 0
2 1 0 0 0 1 0 1
6 2 2 2 1 11 2 0
2 1 3 0 1 1 9 0
7 2 0 2 0 11 0 0
2 1 1 0 2 1 8 0
2 1 1 0 1 1 5 0
2 1 0 0 0 1 0 1
3 2 1 1 1 3 4 0
3 2 1 1 2 2 6 0
4 2 2 2 1 4 5 0
3 2 2 1 2 3 7 0
4 2 1 2 0 5 1 0
4 2 1 2 1 5 3 0
7 2 1 2 0 13 1 0
3 2 0 1 0 3 0 0
8 2 0 4 0 14 0 0
5 2 1 2 1 7 2 0
2 1 0 0 0 1 0 1
5 1 0 2 0 6 0 1
6 2 1 2 0 9 1 0
5 2 1 3 2 10 3 0
3 1 0 1 0 2 0 1
5 1 0 2 0 5 0 1
####
1 0 0 6 0 21 8 0 3 0
2 0 0 6 0 21 8 0 1 0
2 1 0 7 0 23 7 0 6 0
4 0 0 6 0 21 8 0 5 0
4 1 0 7 0 23 7 0 10 0
4 2 0 7 0 23 7 0 6 0
5 0 0 6 0 21 8 0 2 0
5 1 0 7 0 23 7 0 11 0
5 2 0 7 0 23 7 0 7 0
5 4 0 7 0 23 7 0 11 0
6 0 0 6 0 21 8 0 4 0
6 1 0 7 0 23 7 0 11 0
6 2 0 7 0 23 7 0 7 0
6 4 0 7 0 23 7 0 11 0
6 5 0 7 0 23 7 0 12 0
11 9 0 6 0 17 7 0 10 0
24 7 1 0 0 0 12 0 0 0
15 14 2 0 6 0 11 1 0 0
17 14 2 0 6 0 11 1 0 0
17 15 0 5 0 12 6 0 8 0
21 14 2 0 6 0 11 1 0 0
21 15 2 0 6 0 11 2 0 0
28 14 2 0 6 0 11 1 0 0
28 15 2 0 6 0 11 2 0 0
28 21 2 0 6 0 11 2 0 0
16 3 3 4 11 8 11 0 6 1
18 3 3 0 11 0 10 2 0 0
19 16 3 0 11 0 10 0 0 0
19 3 3 0 11 0 10 0 0 0
19 18 3 0 11 0 10 3 0 0
25 23 4 0 15 0 10 5 0 0
27 23 4 0 15 0 10 3 0 0
27 25 4 0 15 0 10 4 0 0
29 23 4 0 15 0 10 2 0 0
29 27 4 0 15 0 10 3 0 0
26 8 5 0 19 0 8 5 0 0
20 10 6 0 21 0 8 7 0 0
####
1 21 6 11 2 0 12
6 9 0 12 1 0 15
1 3 11 10 3 0 12
0 7 0 12 1 0 5
17 3 0 9 1 3 7
4 12 0 12 1 0 14
0 10 21 8 6 0 5
23 26 0 6 1 7 2
5 23 15 10 4 0 12
5 8 19 8 5 0 12
2 26 19 8 5 0 5
6 14 6 11 2 0 15
9 15 0 11 1 1 9
9 21 0 11 1 1 9
1 16 11 10 3 0 12
0 24 0 12 1 0 5
16 29 0 8 1 4 5
9 28 0 11 1 1 9
8 20 0 4 1 11 2
2 13 0 12 1 0 5
6 15 6 11 2 0 15
3 27 0 8 1 5 4
12 14 0 11 1 1 5
20 22 0 3 1 13 1
5 11 0 12 1 0 12
14 19 0 9 1 3 4
2 20 21 8 6 0 5
0 18 11 10 3 0 5
1 19 11 10 3 0 12
17 18 0 9 1 3 7
11 17 0 11 1 1 8
18 25 0 8 1 5 1
8 22 2 3 2 11 2
4 17 6 11 2 0 14
16 27 0 8 1 4 5
26 10 0 4 1 9 1
27 8 0 6 1 10 3
19 23 0 8 1 5 3
15 16 0 9 1 2 6
