1 0 2 0 1 0 3 0
1 0 3 0 4 0 13 0
1 0 3 0 3 0 8 0
1 0 2 0 2 0 4 0
1 0 2 0 5 0 18 0
4 2 1 2 0 4 1 0
1 0 2 0 2 0 6 0
5 2 1 2 1 6 3 0
5 1 0 2 0 5 0 1
4 2 1 2 1 5 2 0
6 2 0 2 0 8 0 0
2 1 3 0 6 1 17 0
6 1 0 2 0 7 0 1
7 2 1 2 0 10 1 0
3 2 2 1 2 3 8 0
3 2 2 1 1 2 3 0
2 1 0 0 0 1 0 1
3 2 2 1 2 3 3 0
4 2 1 2 1 5 4 0
4 2 1 2 1 5 2 0
5 2 1 2 0 7 1 0
6 2 1 2 1 8 2 0
4 1 0 2 0 3 0 1
5 2 1 4 0 6 1 0
8 1 0 2 0 11 0 1
####
1 0 0 5 0 14 9 0 4 0
2 0 0 5 0 14 9 0 3 0
2 1 0 7 0 18 7 0 9 0
3 1 0 7 0 18 7 0 6 0
3 2 0 7 0 18 7 0 5 0
4 0 0 5 0 14 9 0 5 0
4 1 0 7 0 18 7 0 11 0
4 2 0 7 0 18 7 0 10 0
4 3 0 7 0 18 7 0 7 0
6 1 0 7 0 18 7 0 7 0
6 2 0 7 0 18 7 0 6 0
6 3 0 7 0 18 7 0 3 0
6 4 0 7 0 18 7 0 8 0
15 14 2 0 2 0 9 2 0 0
17 14 2 0 2 0 9 0 0 0
17 15 2 0 2 0 9 2 0 0
9 5 3 0 5 0 11 4 0 0
18 5 3 0 5 0 11 4 0 0
18 9 3 0 5 0 11 2 0 0
19 5 3 0 5 0 11 4 0 0
19 9 3 0 5 0 11 2 0 0
19 18 3 0 5 0 11 2 0 0
22 5 3 0 5 0 11 4 0 0
22 9 3 0 5 0 11 4 0 0
22 18 3 0 5 0 11 4 0 0
22 19 3 0 5 0 11 4 0 0
8 7 4 0 10 0 10 6 0 0
20 8 4 0 10 0 10 6 0 0
20 7 4 0 10 0 10 4 0 0
23 8 4 0 10 0 10 6 0 0
23 7 4 0 10 0 10 4 0 0
23 20 4 0 10 0 10 4 0 0
21 10 5 0 14 0 9 6 0 0
21 12 5 0 14 0 9 6 0 0
12 10 5 0 14 0 9 6 0 0
####
6 9 5 11 3 0 6
7 21 0 7 1 6 3
2 18 5 11 3 0 8
0 20 10 10 4 0 3
1 17 2 9 2 0 13
6 21 14 9 5 0 6
0 16 0 8 1 0 3
11 14 0 5 1 1 17
23 12 0 7 1 6 1
15 5 0 8 1 2 3
21 13 0 4 1 8 2
5 8 0 9 1 4 1
2 19 5 11 3 0 8
14 18 0 8 1 3 8
1 14 2 9 2 0 13
17 23 5 7 2 3 3
1 10 14 9 5 0 13
15 22 0 8 1 2 3
13 24 0 2 1 10 1
3 13 17 7 6 0 4
14 19 0 8 1 3 8
20 10 0 7 1 7 1
19 20 0 9 1 5 2
4 11 0 8 1 0 18
3 5 5 11 3 0 4
2 7 10 10 4 0 8
11 17 0 5 1 1 17
17 9 0 8 1 3 3
4 15 2 9 2 0 18
9 23 0 9 1 5 2
18 7 0 9 1 5 4
11 15 0 5 1 1 17
