1 0 4 0 4 0 10 0
1 0 2 0 4 0 11 0
1 0 1 0 0 0 1 0
1 0 3 0 3 0 7 0
1 0 4 0 6 0 10 0
1 0 2 0 3 0 8 0
5 2 1 2 1 6 2 0
5 2 1 2 1 6 2 0
2 1 3 0 3 1 9 0
2 1 0 0 0 1 0 1
3 2 1 1 1 2 2 0
2 1 3 0 3 1 7 0
6 2 1 3 0 7 1 0
2 1 3 0 4 1 10 0
3 2 1 1 1 2 4 0
3 2 1 1 0 3 1 0
3 2 2 1 0 3 2 0
4 2 1 3 0 5 1 0
3 2 1 1 1 3 2 0
6 2 1 3 0 10 1 0
4 1 0 2 0 4 0 1
3 2 2 1 1 3 2 0
7 2 0 2 0 12 0 0
4 2 1 2 1 4 3 0
4 1 0 2 0 4 0 1
5 2 0 4 0 6 0 0
3 2 1 1 1 2 4 0
7 2 0 2 0 8 0 0
4 2 1 3 1 5 3 0
4 1 0 2 0 4 0 1
####
1 0 0 6 0 22 8 0 8 0
2 0 0 6 0 22 8 0 3 0
2 1 0 6 0 22 8 0 5 0
3 0 0 6 0 22 8 0 6 0
3 1 0 6 0 22 8 0 8 0
3 2 0 6 0 22 8 0 3 0
4 0 0 4 0 17 9 0 6 0
5 0 0 6 0 22 8 0 6 0
5 1 0 6 0 22 8 0 8 0
5 2 0 6 0 22 8 0 3 0
5 3 0 6 0 22 8 0 6 0
5 4 0 6 0 22 8 0 9 0
11 8 0 5 0 18 6 0 7 0
13 11 0 5 0 18 6 0 6 0
15 14 2 0 4 0 13 2 0 0
16 14 2 0 4 0 13 2 0 0
16 15 2 0 4 0 13 2 0 0
18 14 0 4 0 11 9 0 4 0
18 16 2 0 4 0 13 0 0 0
21 10 2 2 4 6 16 2 2 1
21 15 2 0 4 0 13 0 0 0
26 10 2 0 4 0 13 2 0 0
26 21 2 0 4 0 13 2 0 0
23 20 3 0 11 0 12 4 0 0
23 17 3 0 11 0 12 1 0 0
24 20 3 0 11 0 12 4 0 0
24 17 3 0 11 0 12 2 0 0
24 23 3 0 11 0 12 1 0 0
28 17 3 0 11 0 12 5 0 0
29 20 3 0 11 0 12 4 0 0
29 23 3 0 11 0 12 4 0 0
29 24 3 0 11 0 12 4 0 0
25 7 4 0 17 0 9 3 0 0
25 6 4 0 17 0 9 7 0 0
19 12 5 0 20 0 8 5 0 0
27 22 6 0 22 0 8 7 0 0
####
12 27 0 4 1 7 1
10 17 0 13 1 2 2
4 8 0 10 1 0 10
11 28 7 10 2 1 7
26 28 0 13 1 2 4
2 22 22 8 6 0 1
18 19 9 9 3 3 2
17 25 0 9 1 5 1
19 22 0 4 1 10 1
3 7 17 9 4 0 7
23 7 0 9 1 4 3
0 21 4 13 2 0 10
0 15 4 13 2 0 10
16 29 0 13 1 3 2
8 10 0 11 1 1 9
13 16 0 11 1 1 10
1 14 4 13 2 0 11
7 19 0 5 1 6 2
3 16 4 13 2 0 7
11 18 0 11 1 1 7
14 23 0 13 1 2 4
28 6 0 9 1 5 3
4 10 4 13 2 0 10
5 11 0 10 1 0 8
1 13 0 10 1 0 11
13 15 0 11 1 1 10
8 21 0 11 1 1 9
6 12 0 5 1 6 2
11 12 16 6 4 1 7
8 26 0 11 1 1 9
0 23 11 12 3 0 10
21 25 6 10 2 3 2
15 24 0 13 1 3 1
4 6 17 9 4 0 10
5 27 22 8 6 0 8
13 14 0 11 1 1 10
4 26 4 13 2 0 10
3 18 4 13 2 0 7
16 20 0 13 1 3 2
0 9 0 10 1 0 10
21 17 0 13 1 3 2
