1 0 2 0 0 0 2 0
1 0 3 0 2 0 7 0
6 2 1 2 1 8 4 0
1 0 3 0 3 0 14 0
1 0 1 0 1 0 5 0
7 2 1 4 1 10 3 0
1 0 3 0 4 0 13 0
1 0 4 0 5 0 14 0
1 0 4 0 2 0 12 0
2 1 1 0 0 1 1 0
8 2 1 4 1 18 2 0
2 1 2 0 1 1 10 0
2 1 1 0 1 1 9 0
3 2 1 1 2 3 8 0
5 2 1 2 1 7 4 0
4 2 2 2 2 5 7 0
3 2 1 1 2 3 8 0
9 2 1 2 0 19 1 0
2 1 0 0 0 1 0 1
5 2 1 2 0 6 1 0
2 1 0 0 0 1 0 1
6 2 0 2 0 7 0 0
3 2 0 1 0 3 0 0
10 1 0 2 0 20 0 1
5 2 1 2 1 6 4 0
4 2 2 2 2 5 7 0
2 1 0 0 0 1 0 1
3 2 0 1 0 3 0 0
6 2 1 2 1 9 3 0
5 2 1 2 1 6 5 0
####
3 1 0 9 0 22 8 0 16 0
4 1 0 9 0 22 8 0 9 0
4 3 0 9 0 22 8 0 15 0
6 0 0 2 0 6 11 0 1 0
6 1 0 9 0 22 8 0 12 0
6 3 0 9 0 22 8 0 18 0
6 4 0 9 0 22 8 0 11 0
7 1 0 9 0 22 8 0 16 0
7 3 0 9 0 22 8 0 22 0
7 4 0 9 0 22 8 0 15 0
7 6 0 9 0 22 8 0 18 0
8 1 0 9 0 22 8 0 14 0
8 3 0 9 0 22 8 0 20 0
8 4 0 9 0 22 8 0 13 0
8 6 0 9 0 22 8 0 16 0
8 7 0 9 0 22 8 0 20 0
11 9 1 0 0 0 13 0 0 0
12 11 0 8 0 16 7 0 14 0
20 12 1 0 0 0 13 0 0 0
26 12 1 0 0 0 13 0 0 0
26 20 1 0 0 0 13 0 0 0
16 13 0 7 0 12 5 0 12 0
22 16 2 0 6 0 11 2 0 0
27 16 2 0 6 0 11 2 0 0
27 22 2 0 6 0 11 2 0 0
25 15 3 6 10 10 10 1 10 1
24 14 4 5 12 6 12 3 6 1
24 19 4 0 12 0 11 3 0 0
19 14 4 0 12 0 11 4 0 0
29 24 4 5 12 6 12 2 7 1
29 14 4 5 12 6 12 3 7 1
29 19 4 0 12 0 11 3 0 0
21 2 5 0 16 0 10 5 0 0
28 21 5 0 16 0 10 6 0 0
28 2 5 4 16 3 11 0 5 1
####
11 16 0 10 1 1 10
3 15 10 9 3 0 14
6 9 0 13 1 0 13
10 17 0 2 1 18 2
3 21 16 10 5 0 14
7 25 10 9 3 0 14
2 5 0 4 1 8 4
7 29 12 11 4 0 14
6 17 21 8 8 0 13
1 2 16 10 5 0 7
8 24 12 11 4 0 12
12 13 0 10 1 1 9
25 19 0 6 1 5 7
24 5 3 5 2 6 4
11 22 0 10 1 1 10
8 20 0 13 1 0 12
7 19 12 11 4 0 14
1 28 16 10 5 0 7
17 23 0 2 1 19 1
16 25 0 6 1 3 8
3 16 6 11 2 0 14
19 21 0 7 1 6 1
0 22 6 11 2 0 2
14 28 0 7 1 7 4
6 11 0 13 1 0 13
28 10 1 4 2 9 3
13 15 0 6 1 3 8
4 14 12 11 4 0 5
0 18 0 13 1 0 2
15 29 0 6 1 5 7
29 2 0 7 1 6 5
25 14 0 6 1 5 7
8 26 0 13 1 0 12
9 27 0 10 1 1 1
15 24 0 6 1 5 7
5 10 0 2 1 10 3
8 12 0 13 1 0 12
7 13 6 11 2 0 14
1 27 6 11 2 0 7
