1 0 4 0 2 0 10 0
1 0 3 0 3 0 8 0
1 0 4 0 3 0 9 0
1 0 4 0 7 0 18 0
2 1 0 0 0 1 0 1
1 0 1 0 1 0 2 0
2 1 1 0 2 1 7 0
2 1 3 0 5 1 17 0
3 2 2 1 1 2 7 0
3 2 1 1 0 3 1 0
6 2 1 2 1 7 3 0
4 2 1 2 1 4 5 0
3 2 2 2 1 4 6 0
6 2 1 2 1 8 2 0
4 1 0 2 0 5 0 1
4 2 1 2 1 5 4 0
7 2 1 2 1 8 2 0
8 2 1 2 0 9 1 0
4 1 0 2 0 4 0 1
5 2 1 2 1 6 4 0
5 2 1 2 1 6 3 0
4 2 0 2 0 4 0 0
9 2 0 2 0 11 0 0
7 2 1 2 0 10 1 0
8 1 0 2 0 11 0 1
####
1 0 0 8 0 19 6 0 4 0
2 0 0 8 0 19 6 0 5 0
2 1 0 8 0 19 6 0 9 0
3 0 0 8 0 19 6 0 7 0
3 1 0 8 0 19 6 0 11 0
3 2 0 8 0 19 6 0 12 0
5 0 0 7 0 17 7 0 7 0
5 1 0 7 0 17 7 0 3 0
5 3 0 7 0 17 7 0 7 0
7 6 0 6 0 14 5 0 10 0
9 8 2 0 3 0 8 2 0 0
12 8 2 0 3 0 8 2 0 0
12 9 2 0 3 0 8 2 0 0
14 11 3 0 6 0 10 4 0 0
15 11 3 0 6 0 10 4 0 0
15 14 3 0 6 0 10 4 0 0
18 11 3 0 6 0 10 1 0 0
18 14 3 0 6 0 10 4 0 0
18 15 3 0 6 0 10 4 0 0
21 11 3 0 6 0 10 4 0 0
21 14 3 0 6 0 10 2 0 0
21 15 3 0 6 0 10 2 0 0
21 18 3 0 6 0 10 4 0 0
20 19 4 0 11 0 7 6 0 0
13 10 5 0 13 0 7 1 0 0
23 16 6 0 15 0 7 3 0 0
24 17 7 0 17 0 7 5 0 0
####
3 15 6 10 3 0 18
0 20 11 7 4 0 10
7 12 0 6 1 1 17
15 20 0 7 1 5 4
9 18 0 8 1 3 1
3 7 0 8 1 0 18
5 23 15 7 6 0 2
11 19 0 7 1 4 5
16 17 0 4 1 8 2
0 21 6 10 3 0 10
2 9 3 8 2 0 9
1 16 15 7 6 0 8
3 10 13 7 5 0 18
19 10 0 4 1 6 4
20 13 0 4 1 6 3
0 22 19 6 8 0 10
12 14 0 8 1 4 6
1 13 13 7 5 0 8
8 11 0 8 1 2 7
8 21 0 8 1 2 7
1 19 11 7 4 0 8
17 22 0 3 1 9 1
6 12 0 6 1 1 7
23 24 0 4 1 10 1
2 17 17 7 7 0 9
7 9 0 6 1 1 17
12 15 0 8 1 4 6
13 23 0 4 1 8 2
10 16 0 4 1 7 3
2 11 6 10 3 0 9
3 8 3 8 2 0 18
0 6 0 8 1 0 10
7 8 0 6 1 1 17
2 4 0 8 1 0 9
