1 0 3 0 4 0 13 0
1 0 4 0 4 0 11 0
5 2 1 4 1 11 4 0
2 1 0 0 0 1 0 1
1 0 3 0 5 0 12 0
1 0 1 0 2 0 13 0
7 2 1 4 1 14 3 0
2 1 2 0 2 1 12 0
2 1 3 0 2 1 8 0
1 0 3 0 2 0 9 0
3 2 2 1 3 3 10 0
3 1 0 1 0 2 0 1
4 2 1 2 0 5 1 0
5 2 1 2 1 6 5 0
8 2 1 3 1 15 2 0
9 2 1 2 0 16 1 0
6 2 1 2 1 8 4 0
2 2 1 0 0 2 1 0
4 2 2 2 2 5 7 0
3 2 1 1 1 3 6 0
10 1 0 2 0 17 0 1
3 1 0 1 0 2 0 1
5 2 0 4 0 9 0 0
2 1 0 0 0 1 0 1
4 2 1 2 1 5 5 0
####
1 0 0 9 0 19 6 0 17 0
4 0 0 9 0 19 6 0 18 0
4 1 0 9 0 19 6 0 15 0
5 0 0 9 0 19 6 0 19 0
5 1 0 9 0 19 6 0 16 0
5 4 0 9 0 19 6 0 17 0
9 0 0 9 0 19 6 0 15 0
9 1 0 9 0 19 6 0 12 0
9 4 0 9 0 19 6 0 13 0
9 5 0 9 0 19 6 0 14 0
8 7 0 8 0 14 6 0 14 0
17 3 1 0 0 0 10 0 0 0
17 7 0 3 0 7 8 0 2 0
23 17 1 0 0 0 10 0 0 0
19 10 2 7 5 10 10 0 12 1
19 11 2 0 5 0 9 2 0 0
21 10 2 0 5 0 9 2 0 0
18 12 3 0 9 0 8 2 0 0
24 12 3 0 9 0 8 2 0 0
24 18 3 6 9 7 9 2 10 1
13 2 4 5 12 4 9 6 7 1
22 13 4 0 12 0 8 4 0 0
22 2 4 0 12 0 8 6 0 0
####
16 6 0 2 1 8 4
1 3 0 10 1 0 11
7 21 0 9 1 1 12
4 8 0 10 1 0 12
15 20 0 2 1 16 1
1 17 0 10 1 0 11
8 19 0 9 1 1 8
4 12 9 8 3 0 12
0 10 5 9 2 0 13
6 14 0 2 1 14 3
8 14 12 6 6 1 8
0 15 18 6 8 0 13
10 12 0 7 1 3 10
13 16 0 4 1 6 5
10 18 0 7 1 3 10
9 17 0 10 1 0 9
7 10 0 9 1 1 12
9 24 9 8 3 0 9
18 13 0 6 1 5 7
2 6 1 4 2 11 4
18 2 0 6 1 5 7
1 13 12 8 4 0 11
8 11 0 9 1 1 8
4 16 15 6 5 0 12
19 24 0 7 1 3 6
17 22 7 8 3 2 1
24 2 0 6 1 5 5
14 15 0 2 1 15 2
12 22 0 6 1 5 1
0 19 5 9 2 0 13
5 7 0 10 1 0 13
9 23 0 10 1 0 9
1 18 9 8 3 0 11
