1 0 4 0 2 0 7 0
9 2 1 2 0 19 1 0
1 0 3 0 5 0 16 0
2 1 2 0 3 1 10 0
1 0 2 0 4 0 10 0
2 1 2 0 2 1 7 0
1 0 3 0 4 0 9 0
1 0 3 0 5 0 18 0
2 2 2 0 3 2 9 0
5 2 1 3 1 6 5 0
3 2 2 2 1 3 6 0
7 2 1 2 1 13 3 0
4 2 1 2 1 5 5 0
2 2 1 0 2 2 3 0
3 2 2 1 2 3 9 0
3 2 2 2 0 4 2 0
4 2 1 3 1 4 4 0
10 2 0 4 0 20 0 0
6 2 1 4 1 12 4 0
3 2 1 2 1 4 4 0
5 2 1 4 1 9 3 0
4 2 0 2 0 6 0 0
8 2 1 4 1 18 2 0
4 1 0 2 0 5 0 1
4 2 1 3 1 5 6 0
2 1 0 0 0 1 0 1
####
2 0 0 9 0 20 6 0 15 0
4 0 0 9 0 20 6 0 13 0
4 2 0 9 0 20 6 0 20 0
6 0 0 9 0 20 6 0 9 0
6 2 0 9 0 20 6 0 16 0
6 4 0 9 0 20 6 0 14 0
7 0 0 9 0 20 6 0 17 0
7 2 0 9 0 20 6 0 24 0
7 4 0 9 0 20 6 0 22 0
7 6 0 9 0 20 6 0 18 0
5 3 1 8 0 15 11 0 15 1
8 3 0 8 0 15 6 0 17 0
8 5 0 8 0 15 6 0 14 0
13 3 1 0 0 0 10 0 0 0
13 5 1 0 0 0 10 0 0 0
13 8 1 0 0 0 10 0 0 0
14 10 2 7 5 11 10 1 13 1
15 10 2 0 5 0 9 2 0 0
15 14 2 0 5 0 9 2 0 0
19 10 2 7 5 11 10 2 8 1
19 14 2 7 5 11 10 1 11 1
19 15 2 0 5 0 9 2 0 0
16 12 3 6 9 6 11 3 7 1
21 12 3 0 9 0 10 1 0 0
21 16 3 0 9 0 10 4 0 0
23 12 3 0 9 0 10 1 0 0
23 16 3 0 9 0 10 4 0 0
23 21 3 0 9 0 10 4 0 0
24 12 3 6 9 6 11 3 9 1
24 16 3 6 9 6 11 5 8 1
24 21 3 0 9 0 10 5 0 0
24 23 3 0 9 0 10 5 0 0
20 9 4 5 14 4 8 7 6 1
####
5 9 9 7 3 1 7
10 17 11 5 7 3 6
4 8 0 10 1 0 10
1 17 0 2 1 19 1
8 19 0 9 1 2 9
9 18 0 3 1 6 5
2 5 0 10 1 0 16
3 14 0 9 1 1 10
24 9 0 7 1 5 6
0 21 9 10 3 0 7
15 23 0 9 1 4 2
8 10 0 9 1 2 9
10 12 0 9 1 3 6
11 22 0 2 1 13 3
2 13 0 10 1 0 16
3 16 4 10 2 1 10
6 15 5 9 2 0 9
4 10 5 9 2 0 10
7 14 5 9 2 0 18
20 22 2 3 3 9 3
6 11 17 6 6 0 9
0 25 0 10 1 0 7
13 15 0 9 1 2 3
14 24 0 9 1 3 9
5 24 4 10 2 1 7
12 18 2 6 2 5 5
2 3 0 10 1 0 16
6 12 9 10 3 0 9
19 20 5 6 2 4 4
0 1 19 6 8 0 7
7 8 0 10 1 0 18
14 16 0 9 1 3 9
0 19 5 9 2 0 7
7 13 0 10 1 0 18
15 21 0 9 1 4 2
16 20 0 7 1 4 4
22 1 0 2 1 18 2
18 11 0 2 1 12 4
