1 0 2 0 1 0 12 0
1 0 2 0 1 0 17 0
1 0 3 0 3 0 16 0
2 1 3 0 3 1 15 0
1 0 3 0 4 0 18 0
1 0 2 0 3 0 9 0
12 2 0 2 0 17 0 0
1 0 3 0 5 0 21 0
5 2 1 3 2 8 14 0
6 1 2 2 2 9 13 0
15 2 1 2 1 20 2 0
16 2 1 2 0 21 1 0
17 1 0 2 0 22 0 1
8 2 1 3 1 11 11 0
2 1 3 0 3 1 20 0
3 2 1 1 0 2 1 0
10 2 1 3 2 14 9 0
2 1 0 0 0 1 0 1
12 2 1 2 1 17 6 0
3 2 2 1 2 3 16 0
13 2 1 2 2 18 5 0
4 1 0 2 0 3 0 1
4 2 1 2 1 5 15 0
15 1 0 2 0 20 0 1
3 2 0 1 0 3 0 0
14 2 2 2 1 19 4 0
7 2 1 3 1 10 12 0
9 2 1 2 1 13 10 0
2 1 0 0 0 1 0 1
11 2 2 2 1 16 8 0
####
1 0 0 16 0 23 7 0 21 0
2 0 0 16 0 23 7 0 21 0
2 1 0 16 0 23 7 0 26 0
4 0 0 16 0 23 7 0 22 0
4 1 0 16 0 23 7 0 27 0
4 2 0 16 0 23 7 0 27 0
5 0 0 16 0 23 7 0 14 0
5 1 0 16 0 23 7 0 19 0
5 2 0 16 0 23 7 0 19 0
5 4 0 16 0 23 7 0 20 0
7 0 0 16 0 23 7 0 23 0
7 1 0 16 0 23 7 0 28 0
7 2 0 16 0 23 7 0 28 0
7 4 0 16 0 23 7 0 29 0
7 5 0 16 0 23 7 0 21 0
14 3 0 15 0 19 5 0 26 0
19 15 2 0 4 0 9 2 0 0
24 15 2 0 4 0 9 2 0 0
24 19 2 0 4 0 9 0 0 0
22 21 3 0 7 0 8 4 0 0
18 6 11 0 16 0 8 6 0 0
23 10 14 0 20 0 8 12 0 0
####
9 26 0 2 1 9 13
0 27 13 7 8 0 12
10 11 0 3 1 20 2
20 25 0 2 1 18 5
2 18 16 8 11 0 16
19 26 4 4 4 3 16
8 9 0 2 1 8 14
19 22 0 5 1 3 16
25 23 0 3 1 19 4
29 18 0 3 1 16 8
7 15 4 9 2 0 21
4 19 4 9 2 0 18
16 29 0 2 1 14 9
3 20 14 5 11 1 15
27 16 0 2 1 13 10
0 17 0 10 1 0 12
1 28 0 10 1 0 17
7 10 20 8 14 0 21
4 24 4 9 2 0 18
18 20 0 3 1 17 6
5 29 15 7 10 0 9
7 14 0 10 1 0 21
2 6 16 8 11 0 16
3 13 8 5 6 1 15
14 19 0 7 1 1 20
5 11 22 7 15 0 9
14 24 0 7 1 1 20
9 16 3 2 4 9 13
14 15 0 7 1 1 20
4 25 19 7 13 0 18
2 3 0 10 1 0 16
26 13 0 2 1 10 12
11 12 0 2 1 21 1
25 10 0 3 1 19 4
29 6 0 3 1 16 8
1 22 7 8 3 0 17
15 21 0 5 1 2 1
13 27 0 2 1 11 11
3 8 5 5 3 1 15
22 8 0 3 1 5 15
