1 0 3 0 5 0 18 0
1 0 3 0 5 0 19 0
1 0 4 0 3 0 9 0
1 0 3 0 2 0 13 0
1 0 2 0 2 0 6 0
1 0 1 0 2 0 13 0
1 0 2 0 3 0 17 0
2 1 2 0 1 1 4 0
7 1 2 2 3 9 9 0
1 0 3 0 1 0 4 0
5 2 1 2 0 7 1 0
1 0 2 0 2 0 15 0
2 1 1 0 2 1 13 0
2 1 0 0 0 1 0 1
2 1 2 0 2 1 17 0
3 2 2 1 3 2 16 0
2 2 1 0 2 2 3 0
9 2 1 2 1 15 6 0
10 2 1 2 2 16 5 0
3 2 2 1 3 3 12 0
3 2 2 2 0 4 2 0
3 1 0 1 0 2 0 1
4 2 0 2 0 6 0 0
4 2 2 2 2 4 13 0
9 1 0 2 0 15 0 1
4 1 0 2 0 5 0 1
11 2 2 2 1 18 4 0
14 2 0 3 0 22 0 0
8 2 2 3 1 14 8 0
5 2 1 2 0 6 1 0
2 1 0 0 0 1 0 1
4 2 1 2 1 5 2 0
5 2 1 2 1 6 11 0
4 2 1 2 0 4 1 0
5 2 0 2 0 6 0 0
12 2 1 3 1 20 2 0
6 2 1 2 2 8 10 0
12 2 0 4 0 21 0 0
13 2 1 3 0 21 1 0
6 1 0 2 0 8 0 1
2 1 0 0 0 1 0 1
####
1 0 0 13 0 31 10 0 23 0
2 0 0 13 0 31 10 0 15 0
2 1 0 13 0 31 10 0 14 0
3 0 0 13 0 31 10 0 21 0
3 1 0 13 0 31 10 0 20 0
3 2 0 13 0 31 10 0 12 0
4 0 0 11 0 28 11 0 12 0
4 1 0 11 0 28 11 0 10 0
4 2 0 11 0 28 11 0 2 0
4 3 0 11 0 28 11 0 8 0
5 0 0 13 0 31 10 0 19 0
5 1 0 13 0 31 10 0 18 0
5 2 0 13 0 31 10 0 10 0
5 3 0 13 0 31 10 0 16 0
5 4 0 11 0 28 11 0 6 0
6 0 0 13 0 31 10 0 20 0
6 1 0 13 0 31 10 0 19 0
6 2 0 13 0 31 10 0 11 0
6 3 0 13 0 31 10 0 17 0
6 4 0 11 0 28 11 0 7 0
6 5 0 13 0 31 10 0 15 0
9 1 0 5 0 20 11 0 3 0
9 5 0 5 0 20 11 0 4 0
9 6 0 5 0 20 11 0 5 0
11 0 0 13 0 31 10 0 20 0
11 1 0 13 0 31 10 0 19 0
11 2 0 13 0 31 10 0 11 0
11 3 0 13 0 31 10 0 17 0
11 4 0 11 0 28 11 0 7 0
11 5 0 13 0 31 10 0 15 0
11 6 0 13 0 31 10 0 16 0
12 7 0 12 0 24 8 0 9 0
14 7 0 12 0 24 8 0 13 0
14 12 0 12 0 24 8 0 18 0
30 13 1 0 0 0 16 0 0 0
19 15 0 11 0 20 5 0 16 0
20 19 2 0 7 0 13 1 0 0
25 22 3 0 11 0 14 4 0 0
31 22 3 0 11 0 14 3 0 0
31 23 3 0 11 0 14 0 0 0
31 25 3 0 11 0 14 3 0 0
33 22 3 0 11 0 14 0 0 0
33 23 3 0 11 0 14 4 0 0
29 10 4 0 16 0 13 2 0 0
32 29 4 7 16 8 15 6 6 1
32 10 4 0 16 0 13 2 0 0
34 29 4 0 16 0 13 6 0 0
34 32 4 0 16 0 13 6 0 0
39 36 5 0 20 0 11 4 0 0
24 17 8 0 24 0 11 14 0 0
37 35 11 0 28 0 11 21 0 0
####
11 16 0 16 1 0 15
7 21 0 11 1 1 4
20 25 0 9 1 4 2
0 14 0 16 1 0 18
26 35 0 3 1 18 4
18 26 0 2 1 16 5
5 19 7 13 2 0 13
2 22 11 14 3 0 9
23 32 0 9 1 4 13
8 28 0 2 1 9 9
38 27 0 2 1 21 1
2 26 27 10 10 0 9
3 34 16 13 4 0 13
15 23 0 9 1 2 16
0 15 7 13 2 0 18
36 8 0 3 1 8 10
0 17 24 11 8 0 18
14 27 24 8 12 1 17
1 7 0 16 1 0 19
19 28 12 5 5 3 12
20 22 0 9 1 4 2
1 23 11 14 3 0 19
10 39 0 6 1 7 1
23 29 0 9 1 4 13
4 16 0 16 1 0 6
9 10 16 13 4 0 4
26 37 0 3 1 18 4
14 15 0 11 1 1 17
8 38 7 2 6 9 9
6 12 0 16 1 0 17
16 20 0 11 1 2 3
29 37 8 6 7 6 1
31 10 0 9 1 5 2
1 31 11 14 3 0 19
17 18 0 3 1 15 6
33 34 0 9 1 4 1
7 35 21 9 10 1 4
4 29 16 13 4 0 6
28 17 0 3 1 14 8
11 36 20 11 5 0 15
19 31 0 9 1 3 12
28 24 0 3 1 14 8
3 32 16 13 4 0 13
2 40 0 16 1 0 9
9 13 0 16 1 0 4
2 33 11 14 3 0 9
12 19 0 11 1 1 13
15 33 0 9 1 2 16
6 20 7 13 2 0 17
3 18 26 10 9 0 13
9 30 0 16 1 0 4
35 38 0 3 1 20 2
32 36 0 6 1 6 11
