1 0 4 0 4 0 16 0
1 0 2 0 4 0 20 0
1 0 4 0 2 0 8 0
1 0 4 0 5 0 15 0
6 2 1 2 2 8 5 0
1 0 2 0 2 0 5 0
1 0 3 0 2 0 10 0
5 2 1 2 0 6 1 0
8 2 1 2 1 14 2 0
2 1 3 0 4 1 19 0
6 1 0 2 0 7 0 1
3 2 2 1 2 3 11 0
2 1 0 0 0 1 0 1
3 2 2 1 2 3 10 0
4 2 1 2 1 4 6 0
3 2 0 1 0 3 0 0
4 1 1 2 1 4 2 0
8 1 0 2 0 14 0 1
5 2 1 1 0 6 1 0
2 1 0 0 0 1 0 1
2 1 2 0 1 1 3 0
4 2 1 2 1 5 7 0
3 2 1 1 1 3 2 0
5 2 1 2 2 6 5 0
9 2 1 4 0 18 1 0
6 2 0 2 0 8 0 0
7 2 2 4 1 13 4 0
5 2 1 2 1 7 6 0
2 1 0 0 0 1 0 1
4 2 1 2 1 5 2 0
10 2 0 3 0 19 0 0
####
1 0 0 9 0 24 7 0 18 0
2 0 0 9 0 24 7 0 11 0
2 1 0 9 0 24 7 0 15 0
3 0 0 9 0 24 7 0 17 0
3 1 0 9 0 24 7 0 21 0
3 2 0 9 0 24 7 0 14 0
5 0 0 9 0 24 7 0 10 0
5 1 0 9 0 24 7 0 14 0
5 2 0 9 0 24 7 0 7 0
5 3 0 9 0 24 7 0 13 0
6 0 0 9 0 24 7 0 12 0
6 1 0 9 0 24 7 0 16 0
6 2 0 9 0 24 7 0 9 0
6 3 0 9 0 24 7 0 15 0
6 5 0 9 0 24 7 0 8 0
20 9 0 8 0 19 6 0 12 0
20 12 1 0 0 0 11 0 0 0
13 11 2 7 5 15 11 2 11 1
15 11 2 0 5 0 10 2 0 0
15 13 2 0 5 0 10 2 0 0
22 11 0 7 0 15 5 0 7 0
22 13 2 7 5 15 11 0 6 1
16 14 3 0 9 0 10 4 0 0
21 14 3 6 9 11 11 4 9 1
21 16 3 0 9 0 10 2 0 0
29 14 3 0 9 0 10 4 0 0
29 16 3 0 9 0 10 1 0 0
29 21 3 0 9 0 10 1 0 0
18 7 4 0 13 0 10 3 0 0
23 18 4 0 13 0 10 6 0 0
23 7 4 0 13 0 10 6 0 0
27 18 4 0 13 0 10 4 0 0
27 23 4 5 13 7 11 6 7 1
27 7 4 0 13 0 10 3 0 0
25 4 5 0 17 0 9 6 0 0
25 10 5 0 17 0 9 5 0 0
10 4 5 0 17 0 9 5 0 0
17 8 7 0 21 0 8 10 0 0
####
11 16 0 8 1 3 11
24 30 0 2 1 18 1
6 28 0 11 1 0 10
2 8 21 8 7 0 8
0 7 13 10 4 0 16
3 21 9 10 3 0 15
23 26 3 5 2 6 5
3 14 9 10 3 0 15
8 24 0 3 1 14 2
21 27 0 8 1 5 7
9 15 0 9 1 1 19
5 12 0 11 1 0 5
20 30 19 6 8 1 3
2 23 13 10 4 0 8
26 8 0 3 1 13 4
0 11 5 10 2 0 16
9 11 0 9 1 1 19
13 29 0 8 1 3 10
7 10 0 7 1 6 1
26 17 0 3 1 13 4
14 23 0 8 1 4 6
16 18 0 8 1 4 2
0 29 9 10 3 0 16
29 7 0 8 1 5 2
6 18 13 10 4 0 10
22 24 14 5 6 3 2
20 22 0 9 1 1 3
3 13 5 10 2 0 15
1 4 17 9 5 0 20
27 4 0 7 1 7 6
1 9 0 11 1 0 20
11 21 0 8 1 3 11
6 27 13 10 4 0 10
9 13 0 9 1 1 19
18 25 0 7 1 6 1
3 22 5 10 2 0 15
13 14 0 8 1 3 10
0 19 0 11 1 0 16
4 26 0 4 1 8 5
5 20 0 11 1 0 5
2 25 17 9 5 0 8
2 15 5 10 2 0 8
