1 0 4 0 4 0 10 0
1 0 4 0 5 0 14 0
1 0 2 0 2 0 14 0
1 0 3 0 4 0 18 0
4 2 1 2 1 6 12 0
2 1 2 0 3 1 16 0
1 0 2 0 3 0 20 0
4 2 1 2 0 5 1 0
1 0 3 0 3 0 15 0
5 2 1 3 1 10 11 0
2 1 2 0 2 1 14 0
3 2 0 1 0 2 0 0
6 2 1 2 1 11 10 0
2 1 2 0 4 1 19 0
8 2 1 2 1 14 8 0
4 2 1 2 0 6 1 0
9 2 1 2 2 16 7 0
10 2 2 2 2 17 6 0
11 2 1 2 1 18 2 0
12 2 1 2 0 19 1 0
11 2 1 3 1 18 2 0
13 2 0 4 0 20 0 0
7 2 1 2 1 13 9 0
12 2 1 2 0 19 1 0
5 1 0 2 0 7 0 1
3 2 2 1 1 3 3 0
4 1 0 2 0 4 0 1
2 1 0 0 0 1 0 1
13 2 0 4 0 22 0 0
3 2 2 1 1 3 12 0
3 2 2 2 2 4 15 0
####
1 0 0 12 0 23 8 0 12 0
2 0 0 12 0 23 8 0 14 0
2 1 0 12 0 23 8 0 18 0
3 0 0 12 0 23 8 0 16 0
3 1 0 12 0 23 8 0 20 0
3 2 0 12 0 23 8 0 22 0
6 0 0 12 0 23 8 0 17 0
6 1 0 12 0 23 8 0 21 0
6 2 0 12 0 23 8 0 23 0
6 3 0 12 0 23 8 0 25 0
8 0 0 12 0 23 8 0 14 0
8 1 0 12 0 23 8 0 18 0
8 2 0 12 0 23 8 0 20 0
8 3 0 12 0 23 8 0 22 0
8 6 0 12 0 23 8 0 23 0
10 5 0 11 0 19 6 0 19 0
13 5 0 11 0 19 6 0 22 0
13 10 0 11 0 19 6 0 21 0
29 11 2 0 4 0 10 2 0 0
29 25 0 10 0 15 6 0 9 0
30 25 2 10 4 15 12 2 10 1
30 29 0 10 0 15 6 0 17 0
7 4 3 9 8 11 12 2 8 1
26 7 3 0 8 0 10 2 0 0
26 4 3 0 8 0 10 4 0 0
26 15 3 0 8 0 10 4 0 0
15 7 3 0 8 0 10 2 0 0
15 4 3 0 8 0 10 4 0 0
24 9 4 0 12 0 8 6 0 0
20 18 10 0 19 0 8 4 0 0
23 19 11 0 21 0 8 6 0 0
28 21 12 0 23 0 8 8 0 0
####
2 29 4 10 2 0 14
10 11 0 8 1 1 14
29 9 4 6 2 3 12
1 17 18 7 9 0 14
17 20 0 3 1 17 6
8 19 21 8 11 0 15
0 16 17 7 8 0 10
18 19 0 4 1 18 2
13 30 0 8 1 1 19
3 7 8 10 3 0 18
30 4 0 8 1 4 15
3 14 16 7 7 0 18
16 17 0 2 1 16 7
5 30 0 8 1 1 16
4 9 0 6 1 6 12
1 25 4 10 2 0 14
0 15 8 10 3 0 10
13 25 0 8 1 1 19
8 10 0 10 1 0 15
22 14 0 2 1 13 9
25 26 0 8 1 3 3
7 28 11 6 9 5 1
19 21 0 4 1 19 1
8 11 4 10 2 0 15
29 21 15 6 10 3 12
0 18 19 8 10 0 10
25 7 0 8 1 3 3
6 12 14 7 5 0 20
12 22 0 2 1 11 10
0 23 21 8 11 0 10
3 5 0 10 1 0 18
17 18 0 3 1 17 6
20 23 0 4 1 18 2
1 22 15 7 6 0 14
15 24 0 6 1 6 1
14 16 0 2 1 14 8
30 15 0 8 1 4 15
23 28 0 4 1 19 1
1 27 0 10 1 0 14
5 20 15 6 9 1 16
6 13 0 10 1 0 20
10 29 0 8 1 1 14
2 4 8 10 3 0 14
9 12 0 3 1 10 11
