1 0 2 0 2 0 8 0
7 1 0 2 0 12 0 1
1 0 4 0 5 0 20 0
2 1 2 0 1 1 7 0
4 2 1 2 2 6 7 0
1 0 4 0 4 0 10 0
3 1 1 1 1 2 5 0
5 2 1 2 1 6 3 0
7 2 1 2 0 8 1 0
1 0 2 0 3 0 13 0
4 1 0 2 0 5 0 1
1 0 2 0 1 0 3 0
5 1 2 2 2 7 6 0
1 0 2 0 2 0 7 0
1 0 4 0 5 0 16 0
8 1 0 2 0 11 0 1
2 2 2 0 1 2 10 0
6 2 1 1 2 8 3 0
2 2 1 0 0 2 1 0
6 2 1 2 1 7 2 0
8 2 0 3 0 10 0 0
4 2 1 1 1 4 4 0
2 2 2 0 2 2 5 0
7 2 2 2 0 10 2 0
2 2 0 0 0 2 0 0
8 2 0 2 0 12 0 0
3 2 1 2 0 4 1 0
3 1 0 2 0 3 0 1
3 1 0 1 0 2 0 1
3 2 1 2 1 4 2 0
6 2 1 3 0 11 1 0
3 2 1 2 1 4 8 0
####
2 0 0 7 0 22 10 0 10 0
5 0 0 7 0 22 10 0 5 0
5 2 0 7 0 22 10 0 7 0
9 0 0 7 0 22 10 0 9 0
9 2 0 7 0 22 10 0 11 0
9 5 0 7 0 22 10 0 6 0
11 0 0 7 0 22 10 0 4 0
11 2 0 7 0 22 10 0 6 0
11 5 0 7 0 22 10 0 1 0
11 9 0 7 0 22 10 0 5 0
13 0 0 6 0 19 10 0 6 0
13 2 0 6 0 19 10 0 8 0
13 5 0 1 0 0 12 0 0 0
13 9 0 6 0 19 10 0 9 0
14 0 0 7 0 22 10 0 10 0
14 2 0 7 0 22 10 0 12 0
14 5 0 7 0 22 10 0 7 0
14 9 0 7 0 22 10 0 11 0
14 11 0 7 0 22 10 0 6 0
14 13 0 6 0 19 10 0 9 0
16 3 1 6 0 17 15 0 5 1
22 16 0 5 0 14 8 0 6 0
24 18 1 0 0 0 12 0 0 0
24 22 1 0 0 0 12 0 0 0
26 6 2 0 5 0 13 1 0 0
28 6 2 0 5 0 13 2 0 0
28 26 2 0 5 0 13 1 0 0
29 26 2 0 5 0 13 2 0 0
31 6 2 0 5 0 13 2 0 0
31 26 2 0 5 0 13 1 0 0
31 28 2 0 5 0 13 2 0 0
31 29 2 4 5 8 16 1 4 1
21 10 3 0 11 0 10 3 0 0
21 4 3 0 11 0 10 4 0 0
10 4 3 0 11 0 10 3 0 0
12 7 4 0 14 0 9 6 0 0
19 17 5 0 16 0 10 8 0 0
30 19 5 0 16 0 10 8 0 0
30 17 5 0 16 0 10 4 0 0
8 1 6 0 19 0 10 10 0 0
23 8 6 0 19 0 10 10 0 0
23 1 6 0 19 0 10 6 0 0
20 15 7 0 22 0 10 13 0 0
25 20 7 0 22 0 10 13 0 0
25 15 7 0 22 0 10 8 0 0
####
13 22 0 12 1 0 7
19 8 0 6 1 7 2
21 7 0 5 1 4 4
2 8 19 10 6 0 20
22 26 0 11 1 2 5
9 22 0 12 1 0 13
6 21 0 9 1 2 5
4 12 0 5 1 6 7
3 28 0 11 1 1 7
5 23 19 10 6 0 10
2 26 5 13 2 0 20
26 10 0 9 1 4 1
18 27 0 11 1 2 1
5 18 0 12 1 0 10
8 20 0 6 1 8 1
0 17 16 10 5 0 8
7 19 0 5 1 6 3
12 17 0 5 1 7 6
23 15 0 6 1 10 2
3 6 0 11 1 1 7
17 23 0 6 1 8 3
0 4 11 10 3 0 8
11 18 0 12 1 0 3
23 25 0 6 1 10 2
2 16 0 12 1 0 20
30 1 0 6 1 11 1
13 24 0 12 1 0 7
14 19 16 10 5 0 16
29 30 5 9 3 4 2
31 4 0 9 1 4 8
5 24 0 12 1 0 10
2 3 0 12 1 0 20
22 29 0 11 1 2 5
9 31 5 13 2 0 13
14 29 5 13 2 0 16
14 16 0 12 1 0 16
16 31 0 11 1 2 10
5 7 14 9 4 0 10
12 30 0 5 1 7 6
14 21 11 10 3 0 16
16 20 17 8 6 2 10
11 25 22 10 7 0 3
