1 0 3 0 1 0 8 0
1 0 3 0 2 0 9 0
1 0 4 0 5 0 16 0
1 0 4 0 3 0 11 0
1 0 2 0 5 0 19 0
5 2 1 2 1 6 3 0
2 1 0 0 0 1 0 1
5 2 1 2 2 7 6 0
7 2 1 2 1 11 3 0
8 2 1 2 1 12 2 0
2 1 3 0 3 1 18 0
9 2 1 2 0 14 1 0
3 2 2 1 3 3 13 0
4 2 2 2 2 4 10 0
3 2 1 1 1 3 5 0
5 2 1 2 2 6 6 0
7 2 1 2 0 11 1 0
8 1 0 2 0 12 0 1
6 2 2 3 1 10 5 0
6 2 1 4 1 9 2 0
10 2 0 2 0 15 0 0
7 1 0 2 0 11 0 1
4 2 1 2 1 5 4 0
4 2 1 2 1 5 7 0
3 2 0 1 0 3 0 0
####
1 0 0 9 0 19 6 0 7 0
2 0 0 9 0 19 6 0 15 0
2 1 0 9 0 19 6 0 10 0
3 0 0 9 0 19 6 0 12 0
3 1 0 9 0 19 6 0 7 0
3 2 0 9 0 19 6 0 15 0
4 0 0 9 0 19 6 0 16 0
4 1 0 9 0 19 6 0 11 0
4 2 0 9 0 19 6 0 19 0
4 3 0 9 0 19 6 0 16 0
14 12 2 5 2 11 10 2 7 1
24 12 2 0 2 0 8 2 0 0
24 14 2 0 2 0 8 0 0 0
22 13 3 4 5 8 10 1 5 1
23 13 3 6 5 11 9 2 10 1
23 22 3 0 5 0 8 1 0 0
15 5 4 0 8 0 8 3 0 0
15 7 4 5 8 8 9 0 8 1
7 5 4 0 8 0 8 3 0 0
19 18 5 0 11 0 7 9 0 0
16 8 6 0 13 0 8 11 0 0
21 16 6 0 13 0 8 11 0 0
21 8 6 0 13 0 8 6 0 0
17 9 7 0 16 0 7 13 0 0
####
0 20 19 6 9 0 8
0 7 8 8 4 0 8
5 19 0 5 1 6 3
8 9 0 5 1 11 3
2 22 5 8 3 0 16
2 12 2 8 2 0 16
18 8 0 5 1 10 5
2 5 8 8 4 0 16
1 11 18 6 8 0 9
23 7 0 6 1 5 7
14 22 0 6 1 3 5
16 17 0 5 1 11 1
2 9 16 7 7 0 16
0 15 8 8 4 0 8
12 13 0 6 1 3 13
1 14 2 8 2 0 9
10 12 0 5 1 1 18
4 13 5 8 3 0 19
9 11 0 3 1 12 2
3 6 0 7 1 0 11
15 18 0 5 1 6 6
3 16 13 8 6 0 11
4 10 0 7 1 0 19
1 24 2 8 2 0 9
3 23 5 8 3 0 11
13 15 0 6 1 4 10
7 18 0 5 1 7 6
10 24 0 5 1 1 18
13 19 3 5 2 4 10
18 21 0 5 1 10 5
19 16 0 5 1 9 2
22 5 0 6 1 5 4
3 8 13 8 6 0 11
10 14 0 5 1 1 18
11 20 0 2 1 14 1
12 23 0 6 1 3 13
