1 0 4 0 5 0 15 0
1 0 3 0 3 0 10 0
6 1 2 2 2 7 4 0
1 0 2 0 1 0 3 0
1 0 3 0 4 0 14 0
8 1 0 2 0 11 0 1
1 0 4 0 4 0 17 0
2 2 2 0 4 2 13 0
7 2 1 3 0 10 1 0
5 2 1 2 0 8 1 0
2 1 1 0 1 1 3 0
3 2 2 2 1 4 8 0
3 2 2 2 2 4 5 0
4 1 0 2 0 5 0 1
4 2 1 2 1 5 6 0
3 2 1 1 1 2 2 0
4 2 1 2 0 4 1 0
2 1 0 0 0 1 0 1
6 2 0 4 0 12 0 0
2 2 1 0 1 2 2 0
2 2 0 0 0 2 0 0
7 2 1 3 0 10 1 0
5 2 1 2 2 6 5 0
4 2 1 2 1 6 2 0
8 1 0 2 0 11 0 1
####
1 0 0 7 0 18 7 0 7 0
3 0 0 5 0 14 7 0 6 0
3 1 0 5 0 14 7 0 4 0
4 0 0 7 0 18 7 0 11 0
4 1 0 7 0 18 7 0 8 0
4 3 0 5 0 14 7 0 5 0
6 0 0 7 0 18 7 0 12 0
6 1 0 7 0 18 7 0 9 0
6 3 0 5 0 14 7 0 6 0
6 4 0 7 0 18 7 0 13 0
10 7 0 4 0 9 7 0 5 0
19 7 1 6 0 13 12 0 6 1
19 17 1 0 0 0 10 0 0 0
20 7 1 0 0 0 10 0 0 0
20 19 1 0 0 0 10 0 0 0
12 11 2 5 5 10 10 2 5 1
15 11 2 0 5 0 8 1 0 0
15 12 0 3 0 6 5 0 3 0
14 13 3 0 8 0 9 2 0 0
16 13 3 0 8 0 9 3 0 0
16 14 3 0 8 0 9 3 0 0
23 13 3 0 8 0 9 1 0 0
23 14 3 0 8 0 9 1 0 0
23 16 3 2 8 2 11 2 1 1
22 9 4 0 12 0 7 3 0 0
18 2 5 0 14 0 7 8 0 0
21 8 6 0 16 0 7 8 0 0
24 5 7 0 18 0 7 10 0 0
####
19 8 11 7 5 2 2
4 7 0 10 1 0 14
7 12 0 8 1 2 13
2 8 0 4 1 7 4
1 17 0 10 1 0 10
10 15 0 8 1 1 3
0 10 0 10 1 0 15
4 22 12 7 4 0 14
11 14 0 7 1 4 8
9 18 0 4 1 8 1
7 11 0 8 1 2 13
14 22 0 6 1 5 6
22 2 0 4 1 6 5
8 24 0 4 1 10 1
6 7 0 10 1 0 17
0 15 5 8 2 0 15
3 20 0 10 1 0 3
0 11 5 8 2 0 15
21 5 0 4 1 10 1
16 18 2 6 2 4 1
11 13 0 7 1 4 8
12 21 8 5 4 4 5
4 14 8 9 3 0 14
3 9 12 7 4 0 3
1 19 0 10 1 0 10
0 23 8 9 3 0 15
6 19 0 10 1 0 17
1 12 5 8 2 0 10
2 21 0 4 1 7 4
23 9 0 6 1 6 2
6 20 0 10 1 0 17
12 23 0 7 1 4 5
15 16 0 7 1 2 2
6 16 8 9 3 0 17
