1 0 3 0 3 0 27 0
1 0 3 0 2 0 14 0
1 0 4 0 7 0 21 0
1 0 1 0 2 0 6 0
7 2 1 2 1 9 2 0
1 0 4 0 4 0 13 0
8 1 2 2 3 12 6 0
1 0 4 0 3 0 9 0
1 0 3 0 2 0 19 0
1 0 3 0 2 0 11 0
4 2 1 2 1 5 10 0
4 1 0 2 0 4 0 1
4 2 1 2 1 5 4 0
10 2 0 2 0 16 0 0
2 1 3 0 3 1 17 0
10 2 1 4 0 23 1 0
8 1 0 2 0 11 0 1
3 2 1 1 1 2 7 0
2 1 0 0 0 1 0 1
2 1 2 0 1 1 3 0
2 1 0 0 0 1 0 1
2 1 2 0 4 1 20 0
4 2 1 2 2 4 6 0
6 2 0 2 0 8 0 0
5 2 1 2 1 7 3 0
9 2 1 2 0 15 1 0
5 2 1 3 1 8 9 0
6 2 1 2 1 10 8 0
6 2 1 2 1 9 2 0
3 2 1 1 2 3 4 0
3 2 0 1 0 3 0 0
3 2 2 1 0 3 2 0
5 2 2 2 1 6 5 0
7 2 1 2 2 11 7 0
4 1 0 2 0 4 0 1
7 2 1 2 0 10 1 0
3 2 2 1 2 3 16 0
11 1 0 2 0 24 0 1
2 1 0 0 0 1 0 1
10 2 0 2 0 16 0 0
6 2 1 2 1 8 3 0
9 2 2 3 1 15 3 0
####
1 0 0 10 0 33 9 0 18 0
2 0 0 10 0 33 9 0 26 0
2 1 0 10 0 33 9 0 18 0
3 0 0 10 0 33 9 0 17 0
3 1 0 10 0 33 9 0 9 0
3 2 0 10 0 33 9 0 17 0
5 0 0 10 0 33 9 0 16 0
5 1 0 10 0 33 9 0 8 0
5 2 0 10 0 33 9 0 16 0
5 3 0 10 0 33 9 0 7 0
7 0 0 10 0 33 9 0 16 0
7 1 0 10 0 33 9 0 8 0
7 2 0 10 0 33 9 0 16 0
7 3 0 10 0 33 9 0 7 0
7 5 0 10 0 33 9 0 6 0
8 0 0 10 0 33 9 0 21 0
8 1 0 10 0 33 9 0 13 0
8 2 0 10 0 33 9 0 21 0
8 3 0 10 0 33 9 0 12 0
8 5 0 10 0 33 9 0 11 0
8 7 0 10 0 33 9 0 11 0
9 0 0 10 0 33 9 0 20 0
9 1 0 10 0 33 9 0 12 0
9 2 0 10 0 33 9 0 20 0
9 3 0 10 0 33 9 0 11 0
9 5 0 10 0 33 9 0 10 0
9 7 0 10 0 33 9 0 10 0
9 8 0 10 0 33 9 0 15 0
19 14 0 8 0 24 9 0 6 0
21 14 0 9 0 27 7 0 20 0
21 18 1 0 0 0 14 0 0 0
21 19 0 8 0 24 9 0 8 0
29 17 2 8 6 22 14 2 7 1
30 29 2 0 6 0 13 1 0 0
31 17 2 0 6 0 13 1 0 0
31 29 2 0 6 0 13 1 0 0
36 17 0 8 0 22 6 0 12 0
36 29 0 8 0 22 6 0 9 0
36 30 2 0 6 0 13 0 0 0
36 31 2 0 6 0 13 2 0 0
22 11 3 0 11 0 13 2 0 0
22 10 3 7 11 17 14 2 10 1
22 12 3 0 11 0 13 2 0 0
11 10 3 0 11 0 13 4 0 0
34 22 3 0 11 0 13 2 0 0
34 11 3 0 11 0 13 4 0 0
34 10 3 0 11 0 13 4 0 0
34 12 3 0 11 0 13 4 0 0
12 11 3 0 11 0 13 4 0 0
12 10 3 0 11 0 13 4 0 0
32 24 4 0 16 0 11 4 0 0
32 26 4 6 16 14 12 4 8 1
26 24 4 0 16 0 11 6 0 0
27 23 5 0 19 0 12 6 0 0
28 23 5 0 19 0 12 6 0 0
28 27 5 0 19 0 12 8 0 0
40 23 5 0 19 0 12 4 0 0
40 27 5 5 19 10 13 6 6 1
40 28 5 0 19 0 12 6 0 0
33 4 6 4 23 7 12 8 4 1
35 33 6 0 23 0 11 10 0 0
35 4 6 0 23 0 11 8 0 0
16 6 7 0 26 0 10 12 0 0
41 25 8 0 28 0 10 14 0 0
39 13 9 0 30 0 11 16 0 0
39 15 9 0 30 0 11 20 0 0
15 13 9 0 30 0 11 20 0 0
####
41 13 0 5 1 15 3
14 17 0 11 1 1 17
5 19 0 14 1 0 13
14 26 10 9 3 1 17
10 26 0 8 1 5 10
32 40 0 7 1 6 5
5 23 19 12 5 0 13
2 4 23 11 6 0 21
40 4 0 7 1 8 3
7 20 0 14 1 0 9
8 36 6 13 2 0 19
27 33 0 7 1 10 8
0 21 0 14 1 0 27
9 33 23 11 6 0 11
7 24 16 11 4 0 9
28 35 0 7 1 9 2
25 39 0 5 1 15 1
12 24 0 8 1 5 4
6 25 0 4 1 12 6
19 25 22 8 7 1 3
33 6 0 5 1 11 7
36 12 0 10 1 3 16
21 31 0 11 1 1 20
5 29 6 13 2 0 13
0 22 11 13 3 0 27
31 11 0 10 1 3 2
41 15 0 5 1 15 3
24 28 0 7 1 7 3
1 13 30 11 9 0 14
2 31 6 13 2 0 21
0 18 0 14 1 0 27
9 10 11 13 3 0 11
8 30 6 13 2 0 19
17 22 0 10 1 2 7
31 34 0 10 1 3 2
35 16 0 5 1 10 1
8 38 0 14 1 0 19
5 28 19 12 5 0 13
2 14 0 14 1 0 21
7 40 19 12 5 0 9
14 29 0 11 1 1 17
9 39 30 11 9 0 11
2 17 6 13 2 0 21
7 35 23 11 6 0 9
6 41 0 4 1 12 6
36 10 0 10 1 3 16
26 27 0 7 1 8 9
1 12 11 13 3 0 14
3 32 16 11 4 0 6
29 41 17 7 6 3 4
4 15 4 6 3 9 2
1 27 19 12 5 0 14
21 36 0 11 1 1 20
19 30 0 11 1 1 3
15 37 0 4 1 23 1
22 32 0 8 1 4 6
32 23 0 7 1 6 5
