1 0 2 0 2 0 9 0
1 0 4 0 4 0 12 0
1 0 3 0 3 0 13 0
1 0 4 0 4 0 14 0
1 0 3 0 4 0 10 0
6 2 1 2 0 12 1 0
1 0 3 0 4 0 19 0
4 2 1 2 1 5 3 0
1 0 2 0 3 0 13 0
8 2 1 2 1 11 3 0
4 2 1 2 1 4 3 0
4 2 1 2 1 4 8 0
2 1 2 0 3 1 12 0
2 1 3 0 2 1 14 0
7 2 0 2 0 10 0 0
2 1 0 0 0 1 0 1
2 1 2 0 3 1 7 0
6 2 1 2 2 7 6 0
5 2 1 3 1 7 2 0
9 2 1 3 1 14 2 0
7 2 0 3 0 14 0 0
3 2 2 1 1 3 4 0
3 2 1 1 1 3 9 0
7 2 2 2 1 9 5 0
10 2 1 2 0 15 1 0
6 2 1 2 0 9 1 0
4 1 0 2 0 4 0 1
8 1 0 2 0 10 0 1
4 2 0 2 0 5 0 0
5 2 1 4 1 10 2 0
11 1 0 2 0 16 0 1
3 2 2 1 2 3 8 0
3 2 1 1 0 3 1 0
2 1 0 0 0 1 0 1
5 2 1 2 1 6 7 0
####
2 0 0 6 0 20 10 0 9 0
2 1 0 10 0 27 8 0 11 0
3 0 0 6 0 20 10 0 8 0
3 1 0 10 0 27 8 0 11 0
3 2 0 10 0 27 8 0 6 0
4 0 0 6 0 20 10 0 5 0
4 1 0 10 0 27 8 0 12 0
4 2 0 10 0 27 8 0 7 0
4 3 0 10 0 27 8 0 7 0
6 0 0 6 0 20 10 0 8 0
6 1 0 10 0 27 8 0 17 0
6 2 0 10 0 27 8 0 12 0
6 3 0 10 0 27 8 0 12 0
6 4 0 10 0 27 8 0 13 0
8 0 0 6 0 20 10 0 7 0
8 1 0 10 0 27 8 0 14 0
8 2 0 10 0 27 8 0 9 0
8 3 0 10 0 27 8 0 9 0
8 4 0 10 0 27 8 0 10 0
8 6 0 10 0 27 8 0 15 0
13 12 0 9 0 22 6 0 10 0
16 12 0 5 0 15 8 0 7 0
16 13 0 5 0 15 8 0 3 0
33 16 1 0 0 0 12 0 0 0
31 21 0 4 0 11 7 0 5 0
32 21 2 0 5 0 11 2 0 0
11 7 3 0 9 0 12 2 0 0
28 11 3 0 9 0 12 2 0 0
28 7 3 0 9 0 12 0 0 0
28 26 3 0 9 0 12 4 0 0
10 7 3 0 9 0 12 4 0 0
29 18 4 0 14 0 10 6 0 0
34 18 4 0 14 0 10 4 0 0
34 29 4 0 14 0 10 4 0 0
25 5 5 0 17 0 10 8 0 0
25 17 5 0 17 0 10 3 0 0
17 5 5 0 17 0 10 6 0 0
20 14 6 0 20 0 10 10 0 0
23 14 6 0 20 0 10 5 0 0
23 20 6 0 20 0 10 1 0 0
27 9 7 0 23 0 9 10 0 0
####
13 22 0 9 1 1 14
24 30 0 2 1 15 1
3 15 0 12 1 0 14
32 26 0 9 1 3 1
6 28 9 12 3 0 19
21 28 0 9 1 3 4
1 17 17 10 5 0 12
12 31 0 9 1 1 12
0 16 0 12 1 0 9
16 21 0 9 1 1 7
2 12 0 12 1 0 13
7 29 0 8 1 5 3
1 11 9 12 3 0 12
6 7 9 12 3 0 19
1 25 17 10 5 0 12
3 10 9 12 3 0 14
11 34 0 8 1 4 8
10 18 0 8 1 4 3
3 31 5 11 2 0 14
4 23 20 10 6 0 10
16 32 0 9 1 1 7
17 23 0 6 1 7 6
13 20 15 8 5 1 14
0 33 0 12 1 0 9
4 5 17 10 5 0 10
8 21 5 11 2 0 13
19 24 0 2 1 14 2
3 9 23 9 7 0 14
25 14 0 6 1 9 1
22 11 0 9 1 3 9
2 24 26 8 9 0 13
2 14 20 10 6 0 13
31 10 0 9 1 3 8
1 22 5 11 2 0 12
8 34 14 10 4 0 13
18 25 0 6 1 7 2
31 7 0 9 1 3 8
21 29 5 7 2 3 4
12 19 20 6 7 1 12
23 9 0 5 1 9 5
5 20 0 6 1 12 1
13 18 9 8 3 1 14
6 13 0 12 1 0 19
23 27 0 5 1 9 5
9 19 0 3 1 11 3
29 5 0 6 1 10 2
34 17 0 6 1 6 7
4 32 5 11 2 0 10
