1 0 2 0 3 0 7 0
1 0 4 0 2 0 8 0
5 2 1 2 0 7 1 0
1 0 3 0 5 0 10 0
1 0 3 0 1 0 6 0
1 0 2 0 2 0 8 0
1 0 3 0 5 0 14 0
2 1 2 0 1 1 6 0
2 1 3 0 3 1 11 0
2 1 0 0 0 1 0 1
1 0 2 0 1 0 5 0
3 2 1 1 0 3 1 0
4 2 1 3 1 6 4 0
2 1 2 0 2 1 6 0
2 2 0 0 0 2 0 0
7 2 1 2 0 10 1 0
8 1 0 2 0 11 0 1
2 1 0 0 0 1 0 1
5 2 1 2 1 7 3 0
6 2 0 4 0 13 0 0
2 2 1 0 2 2 3 0
4 1 0 2 0 4 0 1
3 1 0 1 0 2 0 1
3 2 1 1 0 3 1 0
3 2 2 2 0 4 2 0
4 2 0 2 0 5 0 0
3 2 1 1 1 3 5 0
4 1 0 2 0 5 0 1
3 2 1 1 1 3 3 0
4 2 1 3 1 6 2 0
6 2 1 2 1 8 2 0
####
1 0 0 5 0 20 9 0 7 0
3 0 0 5 0 20 9 0 5 0
3 1 0 7 0 23 8 0 6 0
4 0 0 5 0 20 9 0 6 0
4 1 0 5 0 20 9 0 5 0
4 3 0 5 0 20 9 0 3 0
5 1 0 7 0 23 8 0 6 0
5 3 0 7 0 23 8 0 10 0
5 4 0 3 0 13 12 0 1 0
6 0 0 5 0 20 9 0 7 0
6 1 0 7 0 23 8 0 7 0
6 3 0 7 0 23 8 0 11 0
6 4 0 5 0 20 9 0 5 0
6 5 0 7 0 23 8 0 11 0
10 0 0 5 0 20 9 0 6 0
10 1 0 5 0 20 9 0 5 0
10 3 0 5 0 20 9 0 3 0
10 4 0 5 0 20 9 0 4 0
10 6 0 5 0 20 9 0 5 0
8 7 0 6 0 16 8 0 9 0
13 8 0 4 0 13 9 0 5 0
17 14 1 0 0 0 14 0 0 0
20 8 0 4 0 13 9 0 3 0
20 9 1 0 0 0 14 0 0 0
20 13 0 4 0 13 9 0 4 0
20 14 1 0 0 0 14 0 0 0
23 11 2 0 7 0 13 1 0 0
24 22 2 0 7 0 13 1 0 0
26 11 2 0 7 0 13 0 0 0
26 23 2 0 7 0 13 1 0 0
28 23 2 0 7 0 13 2 0 0
28 24 0 3 0 7 8 0 2 0
21 12 3 0 13 0 12 3 0 0
25 21 3 0 13 0 12 3 0 0
25 12 3 0 13 0 12 2 0 0
27 25 3 0 13 0 12 2 0 0
27 12 3 0 13 0 12 2 0 0
29 21 3 0 13 0 12 4 0 0
29 25 3 0 13 0 12 3 0 0
29 12 3 0 13 0 12 3 0 0
18 2 4 0 18 0 9 5 0 0
30 19 5 0 20 0 9 4 0 0
####
7 12 6 12 2 1 6
28 29 0 11 1 3 3
1 17 0 14 1 0 8
1 15 22 8 6 0 8
5 26 7 13 2 0 8
3 7 0 14 1 0 10
18 30 0 4 1 7 3
3 24 7 13 2 0 10
2 19 0 4 1 7 1
4 9 0 14 1 0 6
24 27 0 11 1 4 2
1 14 0 14 1 0 8
23 21 0 11 1 3 1
8 29 6 12 2 1 11
1 28 7 13 2 0 8
26 12 0 11 1 3 5
24 19 7 8 3 4 2
5 11 7 13 2 0 8
8 11 0 13 1 1 11
6 30 20 9 5 0 14
12 18 0 7 1 6 4
13 28 0 13 1 1 6
29 2 0 7 1 6 2
4 25 13 12 3 0 6
6 23 7 13 2 0 14
7 22 0 13 1 1 6
4 20 0 14 1 0 6
8 26 0 13 1 1 11
13 23 0 13 1 1 6
30 15 0 3 1 8 2
6 8 0 14 1 0 14
20 24 0 13 1 2 3
0 13 0 14 1 0 7
3 18 18 9 4 0 10
10 14 0 14 1 0 5
10 20 0 14 1 0 5
11 25 0 11 1 3 1
15 16 0 2 1 10 1
0 2 18 9 4 0 7
