1 0 2 0 2 0 8 0
1 0 2 0 1 0 6 0
1 0 3 0 3 0 10 0
1 0 2 0 2 0 11 0
1 0 2 0 2 0 6 0
1 0 2 0 2 0 11 0
1 0 2 0 2 0 12 0
5 2 1 2 1 7 6 0
3 2 1 2 0 4 1 0
1 0 3 0 2 0 10 0
2 1 0 0 0 1 0 1
7 2 1 2 1 13 4 0
2 1 1 0 1 1 3 0
2 1 1 0 1 1 9 0
3 2 1 1 1 3 8 0
8 2 1 2 1 14 3 0
3 2 1 1 1 3 2 0
2 2 1 0 1 2 6 0
9 2 1 2 1 16 2 0
4 2 1 2 1 5 7 0
5 1 0 2 0 6 0 1
2 2 1 0 1 2 2 0
6 2 1 4 1 11 5 0
4 2 1 2 0 5 1 0
4 1 0 2 0 5 0 1
11 2 0 2 0 18 0 0
10 2 1 2 0 17 1 0
####
1 0 0 10 0 18 9 0 11 0
2 0 0 10 0 18 9 0 13 0
2 1 0 10 0 18 9 0 10 0
3 0 0 10 0 18 9 0 13 0
3 1 0 10 0 18 9 0 10 0
3 2 0 10 0 18 9 0 12 0
4 0 0 10 0 18 9 0 9 0
4 1 0 10 0 18 9 0 6 0
4 2 0 10 0 18 9 0 8 0
4 3 0 10 0 18 9 0 8 0
5 0 0 10 0 18 9 0 15 0
5 1 0 10 0 18 9 0 12 0
5 2 0 10 0 18 9 0 14 0
5 3 0 10 0 18 9 0 14 0
5 4 0 10 0 18 9 0 10 0
6 0 0 10 0 18 9 0 16 0
6 1 0 10 0 18 9 0 13 0
6 2 0 10 0 18 9 0 15 0
6 3 0 10 0 18 9 0 15 0
6 4 0 10 0 18 9 0 11 0
6 5 0 10 0 18 9 0 17 0
9 0 0 10 0 18 9 0 13 0
9 1 0 10 0 18 9 0 10 0
9 2 0 10 0 18 9 0 12 0
9 3 0 10 0 18 9 0 12 0
9 4 0 10 0 18 9 0 8 0
9 5 0 10 0 18 9 0 14 0
9 6 0 10 0 18 9 0 15 0
17 13 0 9 0 13 6 0 13 0
21 17 1 0 0 0 13 0 0 0
14 8 2 0 5 0 11 1 0 0
23 19 3 0 8 0 11 1 0 0
24 19 3 0 8 0 11 3 0 0
20 7 4 0 11 0 10 3 0 0
####
4 18 16 9 8 0 6
18 26 0 2 1 16 2
12 16 0 8 1 1 3
3 7 11 10 4 0 11
1 11 14 9 6 0 6
5 23 8 11 3 0 11
9 25 18 9 10 0 10
26 25 0 2 1 17 1
8 24 0 6 1 4 1
19 7 0 5 1 5 7
9 21 0 13 1 0 10
21 8 0 8 1 2 2
9 17 0 13 1 0 10
15 18 0 2 1 14 3
1 10 0 13 1 0 6
14 19 0 6 1 3 8
16 23 0 6 1 3 2
4 16 5 11 2 0 6
23 20 0 5 1 5 1
17 22 8 6 4 2 6
22 11 0 2 1 11 5
7 22 0 3 1 7 6
2 17 0 13 1 0 10
3 12 0 13 1 0 11
6 8 5 11 2 0 12
0 26 17 9 9 0 8
13 14 0 8 1 1 9
0 19 8 11 3 0 8
2 21 0 13 1 0 10
5 14 5 11 2 0 11
6 13 0 13 1 0 12
2 15 15 9 7 0 10
11 15 0 2 1 13 4
