1 0 4 0 3 0 7 0
1 0 2 0 2 0 12 0
1 0 2 0 1 0 6 0
1 0 3 0 2 0 5 0
1 0 2 0 2 0 8 0
6 2 1 2 1 9 3 0
1 0 2 0 2 0 10 0
2 1 0 0 0 1 0 1
1 0 4 0 5 0 14 0
2 1 2 0 2 1 7 0
2 1 2 0 2 1 8 0
3 2 1 1 1 3 3 0
2 1 3 0 2 1 11 0
3 2 1 1 1 3 6 0
7 2 1 3 1 11 2 0
8 2 1 2 0 10 1 0
3 2 1 1 1 3 6 0
3 2 1 1 1 3 2 0
4 2 1 3 1 4 5 0
5 2 1 2 1 6 4 0
4 2 1 2 0 5 1 0
4 2 1 2 1 5 5 0
9 2 0 2 0 11 0 0
6 2 1 2 1 8 3 0
8 2 1 2 0 12 1 0
5 1 0 2 0 6 0 1
2 1 0 0 0 1 0 1
3 2 0 1 0 3 0 0
7 2 1 2 1 9 2 0
9 1 0 2 0 13 0 1
5 2 1 2 1 7 4 0
####
1 0 0 8 0 22 9 0 7 0
2 1 0 8 0 22 9 0 10 0
3 1 0 8 0 22 9 0 10 0
3 2 0 8 0 22 9 0 8 0
4 0 0 4 0 13 10 0 3 0
4 1 0 8 0 22 9 0 11 0
4 2 0 8 0 22 9 0 9 0
4 3 0 8 0 22 9 0 9 0
6 1 0 8 0 22 9 0 14 0
6 2 0 8 0 22 9 0 12 0
6 3 0 8 0 22 9 0 12 0
6 4 0 8 0 22 9 0 13 0
8 0 0 8 0 22 9 0 11 0
8 1 0 8 0 22 9 0 12 0
8 4 0 4 0 13 10 0 4 0
8 6 0 2 0 5 12 0 1 0
12 9 1 7 0 17 14 0 12 1
26 9 1 0 0 0 12 0 0 0
26 12 1 0 0 0 12 0 0 0
13 11 2 6 5 12 14 2 7 1
17 16 2 0 5 0 12 3 0 0
27 11 2 0 5 0 12 1 0 0
27 13 2 0 5 0 12 1 0 0
27 16 2 0 5 0 12 3 0 0
27 17 2 0 5 0 12 2 0 0
20 18 3 0 10 0 10 5 0 0
21 20 3 0 10 0 10 0 0 0
25 19 4 0 13 0 10 7 0 0
30 19 4 0 13 0 10 2 0 0
30 25 4 0 13 0 10 2 0 0
23 5 5 0 16 0 9 4 0 0
28 14 6 0 18 0 9 6 0 0
24 15 7 0 20 0 9 8 0 0
29 22 8 0 22 0 9 10 0 0
####
10 11 0 10 1 1 8
20 25 0 6 1 5 1
12 27 0 10 1 1 11
3 11 5 12 2 0 5
17 20 0 8 1 3 2
8 9 0 12 1 0 14
18 19 0 6 1 4 5
11 14 8 7 4 3 3
12 16 0 10 1 1 11
9 18 5 8 2 1 7
13 21 0 8 1 3 6
0 28 18 9 6 0 7
3 24 20 9 7 0 5
6 10 0 12 1 0 10
2 30 13 10 4 0 6
0 17 5 12 2 0 7
12 17 0 10 1 1 11
30 5 0 5 1 7 4
16 18 0 8 1 3 6
8 15 20 9 7 0 14
0 22 22 9 8 0 7
15 22 0 4 1 10 1
1 13 5 12 2 0 12
10 13 0 10 1 1 8
14 24 0 4 1 11 2
21 30 0 6 1 5 5
9 16 0 10 1 1 7
1 19 13 10 4 0 12
4 20 10 10 3 0 8
8 26 0 12 1 0 14
0 23 16 9 5 0 7
3 5 16 9 5 0 5
2 7 0 12 1 0 6
6 27 5 12 2 0 10
24 29 0 4 1 12 1
8 12 0 12 1 0 14
23 28 0 4 1 8 3
5 14 0 4 1 9 3
28 15 0 4 1 9 2
4 21 10 10 3 0 8
19 23 0 5 1 6 4
