1 0 3 0 5 0 15 0
1 0 4 0 3 0 9 0
1 0 4 0 4 0 12 0
4 1 0 2 0 4 0 1
2 1 0 0 0 1 0 1
1 0 2 0 4 0 13 0
1 0 2 0 1 0 3 0
5 2 1 2 2 5 4 0
2 1 3 0 3 1 8 0
1 0 3 0 3 0 10 0
2 1 3 0 3 1 12 0
3 2 1 1 2 2 7 0
9 2 0 2 0 13 0 0
6 2 0 2 0 9 0 0
2 2 1 0 1 2 2 0
5 1 0 2 0 5 0 1
2 2 2 0 3 2 6 0
2 1 0 0 0 1 0 1
6 2 2 4 2 9 3 0
3 2 1 2 0 4 1 0
7 1 1 2 1 10 2 0
3 2 1 1 1 3 3 0
4 1 0 2 0 5 0 1
3 2 1 1 0 3 1 0
4 2 2 2 1 4 6 0
8 2 1 3 0 11 1 0
4 2 1 3 1 6 2 0
3 2 1 1 1 3 2 0
4 2 1 4 0 6 1 0
5 2 1 3 0 7 1 0
5 2 0 2 0 7 0 0
####
1 0 0 5 0 20 8 0 3 0
2 0 0 8 0 24 7 0 9 0
2 1 0 5 0 20 8 0 3 0
5 0 0 8 0 24 7 0 11 0
5 1 0 5 0 20 8 0 4 0
5 2 0 8 0 24 7 0 12 0
6 0 0 8 0 24 7 0 4 0
6 1 0 3 0 11 11 0 3 0
6 2 0 8 0 24 7 0 5 0
6 5 0 8 0 24 7 0 7 0
9 0 0 8 0 24 7 0 8 0
9 1 0 4 0 16 10 0 4 0
9 2 0 8 0 24 7 0 9 0
9 5 0 8 0 24 7 0 11 0
9 6 0 8 0 24 7 0 4 0
8 4 1 0 0 0 12 0 0 0
10 8 0 4 0 14 8 0 5 0
16 4 1 0 0 0 12 0 0 0
16 8 1 3 0 10 16 0 3 1
16 10 0 7 0 18 7 0 9 0
16 14 1 0 0 0 12 0 0 0
21 11 2 0 6 0 11 2 0 0
23 19 2 0 6 0 11 1 0 0
27 19 2 0 6 0 11 1 0 0
27 23 2 0 6 0 11 2 0 0
22 3 3 0 11 0 11 3 0 0
26 3 3 0 11 0 11 3 0 0
26 24 3 0 11 0 11 1 0 0
28 22 3 0 11 0 11 3 0 0
28 3 3 0 11 0 11 5 0 0
28 26 3 0 11 0 11 4 0 0
15 7 4 0 16 0 10 2 0 0
29 7 4 0 16 0 10 3 0 0
29 15 4 0 16 0 10 3 0 0
30 29 4 0 16 0 10 6 0 0
18 13 5 0 20 0 8 4 0 0
####
10 11 0 11 1 1 12
20 25 0 2 1 10 2
8 23 0 11 1 1 8
25 12 0 2 1 11 1
16 28 5 11 2 2 6
23 3 0 10 1 3 1
10 21 0 11 1 1 12
0 16 0 12 1 0 15
29 13 0 6 1 7 1
19 22 0 10 1 4 1
11 24 0 10 1 2 7
28 30 0 9 1 6 1
26 29 0 9 1 6 2
1 14 0 12 1 0 9
8 27 0 11 1 1 8
0 4 0 12 1 0 15
27 28 0 10 1 3 2
16 18 14 8 4 2 6
18 20 0 3 1 9 3
9 14 0 12 1 0 10
21 26 0 10 1 3 3
5 11 6 11 2 0 13
14 19 0 11 1 2 2
1 13 20 8 5 0 9
1 23 6 11 2 0 9
24 15 0 9 1 4 6
7 18 0 6 1 5 4
9 16 0 12 1 0 10
2 24 11 11 3 0 12
6 12 24 7 8 0 3
0 8 0 12 1 0 15
8 26 5 11 2 1 8
2 17 0 12 1 0 12
6 19 6 11 2 0 3
2 7 16 10 4 0 12
5 10 0 12 1 0 13
18 25 1 3 2 9 3
24 7 0 9 1 4 6
2 21 6 11 2 0 12
1 27 6 11 2 0 9
9 30 16 10 4 0 10
10 29 10 10 3 1 12
