1 0 3 0 3 0 8 0
1 0 4 0 2 0 10 0
1 0 1 0 2 0 13 0
1 0 4 0 5 0 18 0
1 0 3 0 2 0 10 0
2 1 3 0 6 1 16 0
1 0 2 0 2 0 7 0
3 1 3 1 3 2 10 0
5 2 1 2 1 5 2 0
2 1 2 0 3 1 12 0
3 2 2 1 1 3 8 0
5 2 1 4 1 8 3 0
7 2 1 4 0 18 1 0
8 2 0 2 0 19 0 0
2 1 0 0 0 1 0 1
4 2 1 2 1 5 2 0
4 2 1 2 2 5 6 0
5 2 2 3 2 8 5 0
6 2 1 4 1 15 2 0
4 1 0 2 0 4 0 1
6 2 1 2 0 10 1 0
7 2 0 2 0 11 0 0
3 2 1 1 0 3 1 0
5 2 1 2 0 6 1 0
2 2 1 0 1 2 4 0
6 1 0 2 0 7 0 1
4 2 1 1 1 3 3 0
4 2 0 2 0 5 0 0
4 2 1 1 1 4 4 0
2 1 0 0 0 1 0 1
####
1 0 0 7 0 23 7 0 10 0
2 0 0 7 0 23 7 0 11 0
2 1 0 7 0 23 7 0 11 0
3 0 0 7 0 23 7 0 14 0
3 1 0 7 0 23 7 0 14 0
3 2 0 7 0 23 7 0 15 0
4 0 0 7 0 23 7 0 11 0
4 1 0 7 0 23 7 0 11 0
4 2 0 7 0 23 7 0 12 0
4 3 0 7 0 23 7 0 15 0
6 0 0 7 0 23 7 0 9 0
6 1 0 7 0 23 7 0 9 0
6 2 0 7 0 23 7 0 10 0
6 3 0 7 0 23 7 0 13 0
6 4 0 7 0 23 7 0 10 0
9 5 0 6 0 18 6 0 13 0
14 5 1 0 0 0 11 0 0 0
24 5 0 6 0 18 6 0 11 0
24 9 0 6 0 18 6 0 8 0
10 7 0 5 0 15 4 0 10 0
22 7 2 0 5 0 9 2 0 0
16 15 3 0 8 0 12 3 0 0
19 15 3 0 8 0 12 3 0 0
19 16 3 0 8 0 12 2 0 0
26 15 3 0 8 0 12 4 0 0
26 16 0 4 0 9 7 0 5 0
27 15 3 0 8 0 12 4 0 0
27 16 3 0 8 0 12 0 0 0
27 26 3 0 8 0 12 4 0 0
28 15 3 0 8 0 12 4 0 0
28 16 0 4 0 9 7 0 6 0
28 26 3 4 8 9 13 4 5 1
28 27 3 0 8 0 12 4 0 0
17 8 4 3 14 5 11 4 3 1
17 11 4 3 14 5 11 4 4 1
23 17 4 0 14 0 10 5 0 0
23 8 4 0 14 0 10 6 0 0
23 11 4 0 14 0 10 6 0 0
11 8 4 3 14 5 11 1 3 1
20 18 5 0 18 0 9 2 0 0
25 20 5 0 18 0 9 7 0 0
25 18 5 0 18 0 9 7 0 0
21 12 6 0 21 0 8 5 0 0
####
1 21 21 8 6 0 10
0 20 18 9 5 0 8
4 27 8 12 3 0 10
17 20 0 7 1 8 5
6 24 0 11 1 0 7
1 29 0 11 1 0 10
3 14 0 11 1 0 18
0 28 8 12 3 0 8
16 17 0 10 1 5 6
15 23 0 10 1 5 2
2 9 0 11 1 0 13
7 15 0 9 1 2 10
18 12 0 5 1 15 2
12 13 0 3 1 18 1
9 15 3 11 2 1 12
20 21 0 5 1 10 1
22 27 0 9 1 3 1
26 8 0 10 1 3 3
6 22 5 9 2 0 7
5 22 0 8 1 1 16
4 24 0 11 1 0 10
7 28 0 9 1 2 10
1 10 5 9 2 0 10
11 18 0 7 1 8 3
23 25 0 7 1 6 1
3 23 14 10 4 0 18
5 17 9 9 3 1 16
1 13 23 7 7 0 10
10 19 0 9 1 3 8
4 16 8 12 3 0 10
9 10 0 8 1 1 12
24 11 9 9 3 2 4
3 26 8 12 3 0 18
0 8 14 10 4 0 8
3 5 0 11 1 0 18
17 18 0 7 1 8 5
28 11 0 10 1 4 4
8 12 3 6 2 5 2
7 26 0 9 1 2 10
10 16 0 9 1 3 8
5 7 0 8 1 1 16
