1 0 1 0 3 0 11 0
1 0 2 0 2 0 7 0
1 0 3 0 2 0 10 0
5 2 1 2 1 8 4 0
1 0 2 0 4 0 6 0
1 0 1 0 1 0 8 0
1 0 2 0 2 0 8 0
2 1 3 0 2 1 10 0
3 2 1 1 2 3 7 0
1 0 3 0 3 0 11 0
3 2 1 2 2 4 3 0
9 2 0 3 0 15 0 0
2 1 0 0 0 1 0 1
2 1 2 0 3 1 7 0
6 2 1 4 1 12 3 0
2 2 2 0 1 2 5 0
7 2 1 2 1 13 2 0
4 2 2 2 0 5 2 0
5 2 0 2 0 6 0 0
8 2 1 2 0 14 1 0
2 2 1 0 1 2 4 0
5 1 0 2 0 6 0 1
3 1 0 2 0 3 0 1
5 1 0 2 0 7 0 1
3 2 1 1 0 3 1 0
4 1 0 2 0 4 0 1
4 2 2 3 1 6 6 0
####
1 0 0 8 0 19 8 0 11 0
2 0 0 8 0 19 8 0 11 0
2 1 0 8 0 19 8 0 8 0
4 2 0 4 0 12 11 0 5 0
5 0 0 8 0 19 8 0 13 0
5 1 0 8 0 19 8 0 10 0
5 2 0 8 0 19 8 0 10 0
6 0 0 8 0 19 8 0 13 0
6 1 0 8 0 19 8 0 10 0
6 2 0 8 0 19 8 0 10 0
6 5 0 8 0 19 8 0 12 0
9 0 0 8 0 19 8 0 11 0
9 1 0 8 0 19 8 0 8 0
9 2 0 8 0 19 8 0 8 0
9 4 0 4 0 12 11 0 6 0
9 5 0 8 0 19 8 0 10 0
9 6 0 8 0 19 8 0 10 0
13 7 0 7 0 14 6 0 11 0
20 7 0 7 0 14 6 0 9 0
20 13 0 7 0 14 6 0 8 0
20 15 1 0 0 0 12 0 0 0
22 10 2 0 5 0 11 2 0 0
24 8 2 0 5 0 11 2 0 0
26 25 3 0 9 0 10 4 0 0
18 3 4 0 12 0 11 2 0 0
21 18 4 0 12 0 11 4 0 0
21 3 4 0 12 0 11 2 0 0
23 3 4 0 12 0 11 6 0 0
####
10 17 0 7 1 4 3
26 23 0 7 1 6 6
13 26 4 8 2 1 7
0 7 0 12 1 0 11
2 12 0 12 1 0 10
9 18 12 11 4 0 11
7 11 14 6 7 1 10
19 11 0 2 1 14 1
3 14 0 5 1 8 4
5 8 5 11 2 0 8
1 20 0 12 1 0 7
9 15 0 12 1 0 11
7 24 0 9 1 1 10
26 3 0 7 1 6 6
15 22 0 9 1 2 5
1 24 5 11 2 0 7
9 20 0 12 1 0 11
15 10 0 9 1 2 5
2 10 5 11 2 0 10
2 3 12 11 4 0 10
13 19 13 6 6 1 7
16 19 0 2 1 13 2
20 14 11 6 4 2 4
8 26 0 7 1 3 7
17 18 0 7 1 5 2
14 16 0 2 1 12 3
4 15 0 12 1 0 6
4 17 9 10 3 0 6
24 25 0 7 1 3 1
17 21 0 7 1 5 2
6 13 0 12 1 0 8
7 8 0 9 1 1 10
6 16 17 8 6 0 8
