1 0 3 0 2 0 4 0
1 0 3 0 2 0 11 0
1 0 4 0 5 0 13 0
1 0 3 0 4 0 11 0
1 0 2 0 2 0 5 0
2 1 2 0 2 1 8 0
1 0 4 0 2 0 8 0
5 2 1 2 1 7 3 0
1 0 3 0 1 0 7 0
2 1 1 0 0 1 1 0
4 2 1 2 1 4 4 0
1 0 4 0 3 0 12 0
1 0 2 0 1 0 7 0
3 2 1 1 1 3 5 0
1 0 1 0 1 0 5 0
2 2 1 0 1 2 3 0
7 2 1 2 0 9 1 0
4 2 0 2 0 5 0 0
2 1 2 0 2 1 8 0
2 1 0 0 0 1 0 1
3 2 1 2 1 4 2 0
6 2 1 2 1 9 2 0
2 2 1 0 2 2 4 0
5 2 1 2 1 6 3 0
3 2 2 2 1 4 3 0
2 1 0 0 0 1 0 1
2 2 0 0 0 2 0 0
3 2 1 1 0 3 1 0
2 1 0 0 0 1 0 1
4 2 1 2 0 6 1 0
5 2 0 2 0 8 0 0
4 1 0 2 0 5 0 1
8 1 0 2 0 11 0 1
7 2 1 2 0 10 1 0
6 2 1 2 1 8 2 0
4 2 1 2 1 5 4 0
4 2 1 2 0 5 1 0
3 2 1 1 1 2 5 0
5 2 0 3 0 8 0 0
2 1 0 0 0 1 0 1
8 1 0 2 0 10 0 1
####
2 0 0 4 0 21 14 0 5 0
3 1 0 7 0 29 12 0 10 0
4 0 0 4 0 21 14 0 3 0
4 2 0 7 0 29 12 0 8 0
6 1 0 7 0 29 12 0 7 0
6 2 0 3 0 15 16 0 3 0
6 3 0 7 0 29 12 0 9 0
8 2 0 7 0 29 12 0 10 0
8 4 0 7 0 29 12 0 6 0
11 0 0 4 0 21 14 0 5 0
11 1 0 7 0 29 12 0 6 0
11 2 0 7 0 29 12 0 9 0
11 3 0 7 0 29 12 0 8 0
11 4 0 7 0 29 12 0 5 0
11 6 0 7 0 29 12 0 5 0
11 8 0 7 0 29 12 0 7 0
12 1 0 7 0 29 12 0 9 0
12 2 0 3 0 15 16 0 2 0
12 3 0 7 0 29 12 0 11 0
12 6 0 7 0 29 12 0 8 0
12 11 0 7 0 29 12 0 7 0
14 1 0 4 0 21 14 0 6 0
14 3 0 4 0 21 14 0 6 0
14 6 0 4 0 21 14 0 3 0
15 9 0 3 0 11 14 0 2 0
18 15 1 0 0 0 20 0 0 0
22 5 0 3 0 11 14 0 3 0
26 15 1 0 0 0 20 0 0 0
26 22 1 0 0 0 20 0 0 0
39 28 1 0 0 0 20 0 0 0
24 13 2 0 10 0 15 1 0 0
27 20 2 0 10 0 15 2 0 0
37 20 2 0 10 0 15 2 0 0
37 27 2 0 10 0 15 2 0 0
17 10 3 0 15 0 16 4 0 0
31 29 3 0 15 0 16 4 0 0
35 17 3 0 15 0 16 1 0 0
35 29 3 0 15 0 16 2 0 0
35 31 3 0 15 0 16 2 0 0
36 17 3 0 15 0 16 4 0 0
36 10 3 0 15 0 16 4 0 0
30 7 4 0 21 0 14 4 0 0
38 23 4 0 21 0 14 6 0 0
34 21 5 0 25 0 12 1 0 0
33 16 6 0 27 0 12 3 0 0
40 32 7 0 29 0 12 5 0 0
####
7 21 0 6 1 7 3
37 10 0 11 1 2 5
0 20 10 15 2 0 4
15 20 0 15 1 2 3
1 26 0 20 1 0 11
2 18 0 20 1 0 13
18 37 0 15 1 1 8
5 13 0 15 1 1 8
11 23 21 14 4 0 12
27 17 0 11 1 3 1
8 28 0 20 1 0 7
0 36 15 16 3 0 4
33 32 0 4 1 10 1
24 31 0 11 1 4 3
14 22 0 20 1 0 5
3 24 10 15 2 0 11
4 9 0 20 1 0 5
36 38 0 10 1 5 1
6 7 21 14 4 0 8
12 13 10 15 2 0 7
18 27 0 15 1 1 8
8 10 15 16 3 0 7
6 25 0 20 1 0 8
12 17 15 16 3 0 7
2 15 0 20 1 0 13
35 7 0 10 1 5 4
4 34 25 12 5 0 5
5 29 5 16 2 1 8
2 16 27 12 6 0 13
22 24 0 15 1 2 4
13 35 0 11 1 3 5
29 30 0 10 1 6 1
21 33 0 4 1 9 2
3 33 27 12 6 0 11
16 40 0 4 1 9 1
23 34 0 6 1 6 3
6 30 21 14 4 0 8
11 26 0 20 1 0 12
11 21 25 12 5 0 12
10 23 0 10 1 4 4
20 36 0 11 1 4 2
3 5 0 20 1 0 11
34 16 0 4 1 8 2
1 35 15 16 3 0 11
24 29 0 11 1 4 3
1 22 0 20 1 0 11
0 19 0 20 1 0 4
8 39 0 20 1 0 7
6 27 10 15 2 0 8
11 15 0 20 1 0 12
2 37 10 15 2 0 13
9 38 11 14 3 1 1
