1 0 2 0 1 0 6 0
1 0 3 0 3 0 5 0
1 0 3 0 4 0 13 0
1 0 2 0 4 0 12 0
1 0 3 0 5 0 18 0
1 0 4 0 3 0 9 0
6 1 2 2 1 7 3 0
2 1 3 0 2 1 9 0
7 2 1 2 0 9 1 0
5 2 1 2 2 6 4 0
3 2 1 1 1 3 6 0
2 1 3 0 4 1 13 0
8 2 0 2 0 11 0 0
4 2 1 2 1 4 5 0
3 2 1 1 1 3 6 0
4 2 1 2 0 5 1 0
7 2 1 3 0 9 1 0
3 2 1 1 0 3 1 0
7 1 0 2 0 9 0 1
2 1 0 0 0 1 0 1
5 2 1 2 2 6 4 0
4 2 1 2 1 4 5 0
5 1 0 2 0 6 0 1
6 2 2 2 1 8 3 0
8 1 0 2 0 10 0 1
3 2 2 1 1 3 3 0
3 2 1 1 1 3 2 0
3 1 0 1 0 2 0 1
7 2 0 3 0 11 0 0
4 2 0 2 0 5 0 0
####
1 0 0 7 0 22 8 0 5 0
2 0 0 7 0 22 8 0 8 0
2 1 0 7 0 22 8 0 7 0
3 2 0 6 0 18 10 0 6 0
4 0 0 7 0 22 8 0 9 0
4 1 0 7 0 22 8 0 8 0
4 2 0 7 0 22 8 0 11 0
4 3 0 7 0 22 8 0 10 0
5 0 0 7 0 22 8 0 3 0
5 1 0 7 0 22 8 0 2 0
5 2 0 7 0 22 8 0 5 0
5 3 0 7 0 22 8 0 13 0
5 4 0 7 0 22 8 0 9 0
11 7 0 5 0 15 7 0 5 0
17 10 0 4 0 9 10 0 3 0
17 14 2 0 3 0 12 0 0 0
25 14 2 0 3 0 12 0 0 0
25 17 2 0 3 0 12 0 0 0
26 10 2 5 3 13 14 2 5 1
27 10 2 0 3 0 12 2 0 0
27 26 2 0 3 0 12 2 0 0
21 15 3 0 9 0 10 2 0 0
15 13 3 0 9 0 10 2 0 0
29 21 3 0 9 0 10 2 0 0
29 15 3 0 9 0 10 2 0 0
20 9 4 0 13 0 9 3 0 0
22 20 4 0 13 0 9 4 0 0
22 9 4 0 13 0 9 4 0 0
23 6 5 0 16 0 8 5 0 0
18 8 6 0 18 0 10 4 0 0
18 16 6 0 18 0 10 7 0 0
16 8 6 0 18 0 10 7 0 0
28 8 6 0 18 0 10 5 0 0
28 18 6 0 18 0 10 5 0 0
28 16 6 0 18 0 10 11 0 0
24 12 7 0 22 0 8 9 0 0
####
3 15 9 10 3 0 12
6 28 0 6 1 7 3
23 8 0 6 1 8 3
5 13 9 10 3 0 9
21 9 0 7 1 4 5
5 26 3 12 2 0 9
11 14 0 9 1 1 13
3 7 0 9 1 0 12
26 16 9 10 4 3 2
16 24 0 6 1 9 1
17 28 9 10 4 3 1
5 12 22 8 7 0 9
7 10 0 9 1 1 9
25 15 0 10 1 3 3
13 20 0 7 1 4 5
0 29 9 10 3 0 6
25 29 0 10 1 3 3
15 22 0 7 1 5 1
1 23 16 8 5 0 5
7 27 0 9 1 1 9
10 13 0 10 1 3 6
4 21 9 10 3 0 18
1 19 0 9 1 0 5
2 14 3 12 2 0 13
4 20 13 9 4 0 18
4 11 0 9 1 0 18
2 17 3 12 2 0 13
11 17 0 9 1 1 13
5 10 3 12 2 0 9
7 26 0 9 1 1 9
8 12 0 6 1 9 1
9 23 0 5 1 6 4
1 8 18 10 6 0 5
20 6 0 5 1 6 4
14 21 0 10 1 3 6
2 25 3 12 2 0 13
0 9 13 9 4 0 6
11 25 0 9 1 1 13
6 16 0 6 1 7 3
23 18 0 6 1 8 3
