1 0 4 0 5 0 16 0
1 0 2 0 2 0 5 0
1 0 3 0 3 0 8 0
1 0 3 0 2 0 5 0
3 2 1 2 2 3 6 0
1 0 2 0 0 0 2 0
1 0 3 0 4 0 18 0
3 2 1 2 1 4 7 0
2 2 1 0 1 2 5 0
3 2 1 2 1 4 4 0
6 2 1 2 1 8 2 0
4 1 1 2 1 5 3 0
7 2 1 2 0 9 1 0
2 2 1 0 0 2 1 0
4 1 1 2 2 5 6 0
5 2 1 1 1 6 2 0
8 1 0 2 0 10 0 1
2 1 0 0 0 1 0 1
2 2 2 0 2 2 9 0
5 2 2 3 2 7 5 0
6 2 1 2 0 7 1 0
3 2 0 2 0 4 0 0
7 2 0 2 0 9 0 0
6 2 1 2 0 9 1 0
7 1 0 2 0 10 0 1
####
1 0 0 6 0 15 9 0 9 0
2 0 0 7 0 18 7 0 12 0
3 0 0 6 0 15 9 0 7 0
3 2 0 6 0 15 9 0 5 0
5 0 0 6 0 15 9 0 5 0
5 1 0 6 0 15 9 0 4 0
5 3 0 2 0 4 10 0 1 0
6 0 0 7 0 18 7 0 14 0
6 1 0 6 0 15 9 0 9 0
6 2 0 7 0 18 7 0 12 0
6 3 0 6 0 15 9 0 7 0
6 5 0 6 0 15 9 0 5 0
13 8 1 0 0 0 10 0 0 0
17 13 1 0 0 0 10 0 0 0
18 8 1 0 0 0 10 0 0 0
18 13 1 0 0 0 10 0 0 0
9 4 2 0 4 0 10 2 0 0
9 7 2 0 4 0 10 2 0 0
7 4 2 5 4 10 11 2 7 1
21 9 2 0 4 0 10 2 0 0
21 4 2 0 4 0 10 2 0 0
21 7 2 0 4 0 10 2 0 0
14 11 3 0 8 0 8 4 0 0
19 15 4 0 10 0 8 7 0 0
20 10 5 0 12 0 9 9 0 0
23 10 5 0 12 0 9 10 0 0
23 20 5 0 12 0 9 9 0 0
22 12 6 0 15 0 9 11 0 0
24 12 6 0 15 0 9 12 0 0
24 22 6 0 15 0 9 11 0 0
####
0 20 12 9 5 0 16
15 20 0 5 1 6 2
18 4 0 8 1 2 9
1 15 10 8 4 0 5
8 9 0 8 1 2 5
2 12 15 9 6 0 8
12 16 0 4 1 9 1
3 17 0 10 1 0 5
13 21 0 8 1 2 1
4 19 2 6 2 3 6
10 12 0 6 1 8 2
9 11 0 6 1 4 4
0 4 4 10 2 0 16
5 22 15 9 6 0 2
19 10 0 5 1 7 5
7 14 0 6 1 4 7
6 18 0 10 1 0 18
20 22 0 6 1 7 1
3 13 0 10 1 0 5
14 19 0 4 1 5 6
3 23 12 9 5 0 5
0 18 0 10 1 0 16
2 10 12 9 5 0 8
5 21 4 10 2 0 2
1 9 4 10 2 0 5
0 8 0 10 1 0 16
23 24 0 6 1 9 1
2 7 4 10 2 0 8
11 15 0 4 1 5 3
6 8 0 10 1 0 18
18 7 0 8 1 2 9
6 13 0 10 1 0 18
19 23 0 5 1 7 5
