1 0 3 0 4 0 8 0
1 0 3 0 4 0 16 0
4 1 1 2 1 4 5 0
1 0 3 0 2 0 9 0
4 2 1 2 1 4 2 0
1 0 2 0 2 0 6 0
1 0 4 0 5 0 19 0
1 0 4 0 5 0 14 0
5 2 1 2 1 7 2 0
6 2 1 2 0 8 1 0
2 1 2 0 3 1 11 0
2 1 1 0 1 1 5 0
4 2 2 2 2 4 9 0
8 2 1 2 1 13 2 0
2 1 0 0 0 1 0 1
9 2 1 2 0 14 1 0
5 2 1 2 1 6 2 0
6 2 1 3 1 11 4 0
2 2 2 0 1 2 12 0
3 2 2 1 2 3 6 0
3 2 1 1 1 3 4 0
4 2 1 2 1 5 3 0
7 1 0 2 0 13 0 1
6 2 1 4 0 12 1 0
7 2 1 4 1 12 3 0
10 2 0 2 0 16 0 0
7 1 0 2 0 9 0 1
3 1 0 2 0 3 0 1
3 2 1 1 1 2 3 0
5 2 1 2 1 6 5 0
3 2 1 2 2 3 10 0
####
1 0 0 9 0 24 7 0 14 0
3 0 0 9 0 24 7 0 7 0
3 1 0 9 0 24 7 0 7 0
5 1 0 6 0 19 9 0 5 0
5 3 0 6 0 19 9 0 6 0
6 0 0 9 0 24 7 0 15 0
6 1 0 9 0 24 7 0 15 0
6 3 0 9 0 24 7 0 8 0
6 5 0 6 0 19 9 0 7 0
7 0 0 9 0 24 7 0 15 0
7 1 0 9 0 24 7 0 15 0
7 3 0 9 0 24 7 0 8 0
7 5 0 6 0 19 9 0 7 0
7 6 0 9 0 24 7 0 16 0
18 10 0 8 0 20 5 0 13 0
18 11 1 0 0 0 10 0 0 0
18 14 1 0 0 0 10 0 0 0
27 20 2 0 4 0 11 2 0 0
28 19 2 0 4 0 11 2 0 0
30 19 0 7 0 15 6 0 11 0
30 20 2 0 4 0 11 2 0 0
30 27 2 0 4 0 11 2 0 0
30 28 0 4 0 10 8 0 5 0
21 2 3 0 9 0 10 2 0 0
21 4 3 0 9 0 10 2 0 0
21 12 3 0 9 0 10 4 0 0
4 2 3 0 9 0 10 4 0 0
12 2 0 6 0 11 5 0 9 0
12 4 0 3 0 6 7 0 3 0
16 8 4 0 13 0 9 0 0 0
29 8 4 0 13 0 9 6 0 0
29 16 4 0 13 0 9 6 0 0
23 9 5 0 16 0 9 5 0 0
23 17 5 0 16 0 9 6 0 0
17 9 5 0 16 0 9 5 0 0
26 22 6 0 19 0 9 7 0 0
26 24 6 0 19 0 9 7 0 0
24 22 6 0 19 0 9 8 0 0
####
9 26 0 6 1 8 1
30 12 0 9 1 3 10
1 21 9 10 3 0 16
6 9 16 9 5 0 19
3 25 24 7 9 0 9
28 4 0 9 1 2 3
7 12 9 10 3 0 14
23 22 0 6 1 12 1
8 9 0 6 1 7 2
24 13 0 4 1 12 3
12 16 0 7 1 4 9
18 30 0 9 1 2 12
5 8 13 9 4 0 6
20 21 0 9 1 3 4
18 27 0 9 1 2 12
3 20 4 11 2 0 9
21 8 0 7 1 5 3
4 23 3 7 2 4 2
17 24 0 6 1 11 4
1 28 4 11 2 0 16
1 10 0 10 1 0 16
6 15 23 7 8 0 19
0 29 13 9 4 0 8
29 17 0 6 1 6 5
7 14 0 10 1 0 14
6 18 0 10 1 0 19
15 25 0 2 1 14 1
6 11 0 10 1 0 19
13 15 0 2 1 13 2
10 19 0 9 1 1 11
7 18 0 10 1 0 14
16 23 0 6 1 6 2
19 24 10 8 4 3 6
19 2 0 9 1 3 6
12 29 0 7 1 4 9
10 28 0 9 1 1 11
2 17 3 7 2 4 5
5 16 13 9 4 0 6
0 19 4 11 2 0 8
0 13 22 7 7 0 8
7 30 4 11 2 0 14
11 20 0 9 1 1 5
3 4 9 10 3 0 9
