1 0 3 0 2 0 6 0
1 0 1 0 1 0 6 0
1 0 3 0 4 0 12 0
1 0 4 0 5 0 13 0
1 0 3 0 2 0 5 0
1 0 2 0 2 0 7 0
2 1 0 0 0 1 0 1
1 0 4 0 5 0 14 0
4 2 1 2 0 5 1 0
2 1 2 0 2 1 9 0
7 2 1 2 1 9 2 0
2 1 0 0 0 1 0 1
2 1 2 0 1 1 3 0
4 2 1 2 1 5 5 0
3 2 0 1 0 3 0 0
3 2 1 1 0 3 1 0
3 2 1 1 0 3 1 0
2 1 2 0 3 1 8 0
5 2 1 2 0 6 1 0
6 1 0 2 0 7 0 1
3 2 2 1 2 3 5 0
4 2 1 2 0 5 1 0
9 1 0 2 0 11 0 1
5 2 1 2 1 6 4 0
6 2 1 2 1 8 3 0
5 2 0 4 0 10 0 0
3 2 1 1 1 3 2 0
3 2 1 1 1 3 6 0
4 1 0 2 0 4 0 1
4 2 1 2 1 5 2 0
4 1 0 2 0 4 0 1
8 2 1 2 0 10 1 0
####
2 0 0 4 0 17 10 0 3 0
2 1 0 8 0 24 8 0 12 0
3 0 0 4 0 17 10 0 7 0
3 1 0 8 0 24 8 0 8 0
3 2 0 8 0 24 8 0 10 0
4 0 0 4 0 17 10 0 3 0
4 2 0 4 0 17 10 0 2 0
4 3 0 4 0 17 10 0 6 0
5 0 0 4 0 17 10 0 4 0
5 2 0 4 0 17 10 0 3 0
5 3 0 5 0 20 9 0 7 0
5 4 0 4 0 17 10 0 3 0
7 0 0 3 0 11 13 0 3 0
7 1 0 8 0 24 8 0 11 0
7 2 0 8 0 24 8 0 13 0
7 3 0 8 0 24 8 0 9 0
7 5 0 5 0 20 9 0 5 0
15 14 2 0 5 0 13 2 0 0
20 14 2 0 5 0 13 0 0 0
26 15 2 0 5 0 13 0 0 0
26 20 2 2 5 6 16 2 2 1
27 14 2 0 5 0 13 1 0 0
27 15 2 0 5 0 13 1 0 0
27 16 2 0 5 0 13 2 0 0
21 8 3 1 11 0 16 4 0 1
21 13 3 0 11 0 13 2 0 0
28 8 3 0 11 0 13 2 0 0
28 13 3 0 11 0 13 3 0 0
29 21 3 0 11 0 13 4 0 0
29 8 3 0 11 0 13 4 0 0
29 13 3 0 11 0 13 1 0 0
29 28 3 0 11 0 13 2 0 0
30 21 3 0 11 0 13 2 0 0
30 8 3 0 11 0 13 1 0 0
30 13 3 0 11 0 13 4 0 0
25 23 4 0 17 0 10 4 0 0
25 18 4 0 17 0 10 8 0 0
23 18 4 0 17 0 10 3 0 0
24 19 5 0 20 0 9 4 0 0
####
4 8 11 13 3 0 5
7 12 0 12 1 0 14
17 20 0 11 1 1 8
20 29 0 12 1 3 5
18 19 0 5 1 6 1
7 29 11 13 3 0 14
3 17 0 12 1 0 13
3 24 20 9 5 0 13
29 18 0 9 1 5 2
2 9 0 12 1 0 12
0 15 5 13 2 0 6
20 21 0 12 1 3 5
26 8 0 12 1 3 2
0 11 0 12 1 0 6
31 22 0 2 1 10 1
3 31 23 8 7 0 13
7 23 17 10 4 0 14
24 10 0 3 1 8 3
8 25 0 9 1 5 1
10 31 0 2 1 9 2
12 14 0 11 1 1 3
7 27 5 13 2 0 14
16 30 0 12 1 3 1
1 13 11 13 3 0 6
2 10 22 8 6 0 12
4 16 5 13 2 0 5
27 13 0 12 1 3 6
9 16 0 11 1 1 9
23 24 0 5 1 6 4
21 25 0 9 1 5 1
12 15 0 11 1 1 3
13 23 0 9 1 5 5
9 27 0 11 1 1 9
4 6 0 12 1 0 5
0 26 5 13 2 0 6
2 21 11 13 3 0 12
15 28 0 12 1 3 1
5 14 5 13 2 0 7
5 20 5 13 2 0 7
3 18 17 10 4 0 13
17 26 0 11 1 1 8
