1 0 3 0 4 0 8 0
1 0 4 0 3 0 14 0
1 0 4 0 5 0 17 0
1 0 2 0 1 0 7 0
9 1 0 1 0 12 0 1
2 1 2 0 1 1 4 0
4 2 1 3 1 6 2 0
1 0 3 0 4 0 17 0
2 2 1 0 0 2 1 0
7 2 1 2 1 10 2 0
2 2 2 0 2 2 12 0
3 1 0 2 0 3 0 1
3 2 1 2 1 4 7 0
4 2 1 2 1 6 6 0
7 1 0 2 0 10 0 1
5 2 1 3 0 9 1 0
5 2 1 2 2 8 5 0
2 2 1 0 1 2 3 0
2 1 0 0 0 1 0 1
2 1 0 0 0 1 0 1
6 2 0 2 0 10 0 0
3 2 1 3 1 5 2 0
3 2 1 2 1 4 3 0
8 1 1 2 0 11 1 0
6 2 2 2 1 9 4 0
####
1 0 0 8 0 19 6 0 11 0
2 0 0 8 0 19 6 0 13 0
2 1 0 8 0 19 6 0 12 0
3 0 0 8 0 19 6 0 10 0
3 1 0 8 0 19 6 0 9 0
3 2 0 8 0 19 6 0 11 0
7 0 0 8 0 19 6 0 13 0
7 1 0 8 0 19 6 0 12 0
7 2 0 8 0 19 6 0 14 0
7 3 0 8 0 19 6 0 11 0
8 5 1 0 0 0 11 0 0 0
10 5 1 4 0 8 13 0 6 1
10 8 1 0 0 0 11 0 0 0
17 5 0 4 0 8 8 0 5 0
17 8 1 0 0 0 11 0 0 0
17 10 1 4 0 8 13 0 5 1
19 17 1 0 0 0 11 0 0 0
12 11 2 0 6 0 9 2 0 0
21 11 2 0 6 0 9 2 0 0
21 12 2 0 6 0 9 2 0 0
22 11 2 0 6 0 9 2 0 0
22 12 2 0 6 0 9 2 0 0
22 21 2 3 6 4 11 1 3 1
13 6 3 0 10 0 7 1 0 0
16 15 4 0 12 0 7 5 0 0
24 20 5 0 14 0 7 7 0 0
14 9 6 0 16 0 7 8 0 0
####
23 4 0 2 1 11 1
15 20 0 4 1 9 1
5 6 4 8 2 1 4
2 8 0 11 1 0 17
1 17 0 11 1 0 14
22 6 0 6 1 4 3
2 5 0 11 1 0 17
16 24 0 4 1 8 5
24 9 0 4 1 9 4
12 13 0 6 1 4 7
0 24 14 7 5 0 8
10 12 0 10 1 2 12
13 16 0 4 1 6 6
24 14 0 4 1 9 4
7 10 0 11 1 0 17
3 16 12 7 4 0 7
10 22 0 10 1 2 12
6 15 0 4 1 6 2
1 13 10 7 3 0 14
8 11 0 10 1 2 1
2 20 14 7 5 0 17
2 10 0 11 1 0 17
0 12 6 9 2 0 8
1 19 0 11 1 0 14
5 21 0 10 1 1 4
21 15 2 6 2 5 2
1 22 6 9 2 0 14
9 23 0 3 1 10 2
17 21 0 10 1 2 3
3 18 0 11 1 0 7
7 17 0 11 1 0 17
0 9 16 7 6 0 8
7 8 0 11 1 0 17
