1 0 2 0 3 0 9 0
1 0 3 0 2 0 6 0
1 0 2 0 1 0 2 0
1 0 3 0 3 0 10 0
1 0 2 0 4 0 13 0
1 0 3 0 5 0 16 0
4 2 1 2 1 4 4 0
4 2 1 2 0 5 1 0
2 1 3 0 2 1 6 0
2 1 3 0 3 1 13 0
3 2 1 1 0 3 1 0
3 2 1 1 2 3 8 0
7 2 1 4 1 12 3 0
8 2 1 2 1 13 2 0
2 1 0 0 0 1 0 1
4 2 2 2 1 4 7 0
3 2 2 1 1 3 6 0
9 2 1 2 0 15 1 0
10 2 0 2 0 16 0 0
4 1 0 2 0 4 0 1
5 2 1 2 1 6 5 0
5 2 0 3 0 9 0 0
3 2 1 1 1 3 2 0
3 1 0 1 0 2 0 1
3 1 0 1 0 2 0 1
6 2 1 2 1 8 4 0
4 1 0 2 0 4 0 1
####
1 0 0 9 0 20 7 0 9 0
2 0 0 9 0 20 7 0 6 0
2 1 0 9 0 20 7 0 5 0
3 0 0 9 0 20 7 0 12 0
3 1 0 9 0 20 7 0 11 0
3 2 0 9 0 20 7 0 8 0
4 0 0 9 0 20 7 0 10 0
4 1 0 9 0 20 7 0 9 0
4 2 0 9 0 20 7 0 6 0
4 3 0 9 0 20 7 0 12 0
5 0 0 9 0 20 7 0 15 0
5 1 0 9 0 20 7 0 14 0
5 2 0 9 0 20 7 0 11 0
5 3 0 9 0 20 7 0 17 0
5 4 0 9 0 20 7 0 15 0
9 8 0 3 0 11 5 0 4 0
16 10 2 0 3 0 12 0 0 0
16 11 2 7 3 11 13 2 10 1
22 10 2 0 3 0 12 2 0 0
22 11 2 2 3 5 14 1 2 1
22 16 2 0 3 0 12 1 0 0
23 11 2 0 3 0 12 2 0 0
23 16 2 0 3 0 12 2 0 0
23 22 2 0 3 0 12 1 0 0
24 10 2 0 3 0 12 2 0 0
24 22 2 0 3 0 12 2 0 0
15 6 3 6 9 6 12 4 8 1
15 7 3 1 9 0 13 1 0 1
19 6 3 0 9 0 11 2 0 0
19 7 3 0 9 0 11 4 0 0
7 6 3 0 9 0 11 3 0 0
26 15 3 0 9 0 11 4 0 0
26 6 3 0 9 0 11 2 0 0
26 19 3 0 9 0 11 2 0 0
26 7 3 0 9 0 11 3 0 0
21 20 4 0 14 0 8 5 0 0
####
16 6 0 11 1 3 6
5 9 0 9 1 0 16
7 21 0 7 1 5 1
20 25 0 3 1 6 5
3 15 9 11 3 0 10
4 8 0 9 1 0 13
15 20 0 7 1 4 7
5 6 9 11 3 0 16
2 18 20 7 9 0 2
3 11 3 12 2 0 10
25 12 0 2 1 8 4
13 17 0 2 1 13 2
0 16 3 12 2 0 9
0 10 3 12 2 0 9
3 7 9 11 3 0 10
8 24 0 9 1 1 6
1 25 16 7 5 0 6
12 13 0 2 1 12 3
1 14 0 9 1 0 6
8 10 0 9 1 1 6
9 11 0 9 1 1 13
22 7 0 11 1 3 2
5 22 3 12 2 0 16
1 13 18 7 7 0 6
10 19 0 11 1 3 1
9 16 0 9 1 1 13
16 26 0 11 1 3 6
6 12 3 6 3 4 4
4 20 14 8 4 0 13
2 17 19 7 8 0 2
17 18 0 2 1 15 1
8 22 0 9 1 1 6
15 21 0 7 1 4 7
9 23 0 9 1 1 13
11 15 0 11 1 3 8
