1 0 3 0 4 0 14 0
1 0 3 0 3 0 13 0
1 0 2 0 1 0 7 0
2 1 2 0 3 1 13 0
1 0 4 0 3 0 8 0
1 0 2 0 2 0 5 0
1 0 2 0 2 0 6 0
9 2 1 2 0 13 1 0
6 2 1 2 1 10 4 0
5 2 1 2 0 5 1 0
6 1 0 2 0 6 0 1
10 1 0 2 0 14 0 1
7 2 1 2 1 11 3 0
2 1 2 0 2 1 10 0
3 2 1 1 1 3 3 0
3 2 0 1 0 3 0 0
3 1 0 2 0 3 0 1
3 2 2 2 1 4 8 0
4 2 1 2 1 4 2 0
8 2 1 2 1 12 2 0
2 2 1 0 0 2 1 0
4 2 0 2 0 5 0 0
4 2 1 2 1 6 6 0
2 1 0 0 0 1 0 1
5 2 1 2 1 8 5 0
####
1 0 0 9 0 18 7 0 16 0
2 0 0 9 0 18 7 0 13 0
2 1 0 9 0 18 7 0 13 0
4 0 0 9 0 18 7 0 14 0
4 1 0 9 0 18 7 0 14 0
4 2 0 9 0 18 7 0 11 0
5 0 0 9 0 18 7 0 12 0
5 1 0 9 0 18 7 0 12 0
5 2 0 9 0 18 7 0 9 0
5 4 0 9 0 18 7 0 10 0
6 0 0 5 0 13 8 0 7 0
6 1 0 2 0 4 10 0 2 0
13 3 0 8 0 14 5 0 14 0
20 13 1 0 0 0 10 0 0 0
17 14 2 0 4 0 10 2 0 0
17 15 2 0 4 0 10 2 0 0
17 16 2 0 4 0 10 2 0 0
16 14 2 0 4 0 10 1 0 0
16 15 2 0 4 0 10 2 0 0
21 18 3 0 8 0 9 4 0 0
22 18 3 0 8 0 9 4 0 0
22 21 3 0 8 0 9 4 0 0
24 9 4 0 11 0 8 6 0 0
10 8 5 0 13 0 8 8 0 0
####
1 21 8 9 3 0 13
24 8 0 4 1 8 5
13 17 0 8 1 1 10
4 12 15 7 6 0 8
4 22 8 9 3 0 8
7 11 0 2 1 13 1
0 3 0 10 1 0 14
3 17 0 8 1 1 13
1 20 0 10 1 0 13
3 14 0 8 1 1 13
5 8 13 8 5 0 5
6 14 4 10 2 0 6
4 19 16 7 7 0 8
19 7 0 2 1 12 2
14 18 0 7 1 3 3
2 23 0 10 1 0 7
18 9 0 5 1 4 2
22 24 0 5 1 6 6
1 13 0 10 1 0 13
13 15 0 8 1 1 10
0 18 8 9 3 0 14
9 10 0 4 1 5 1
17 22 0 7 1 4 8
2 24 11 8 4 0 7
8 12 0 3 1 10 4
4 15 4 10 2 0 8
5 7 17 7 8 0 5
12 19 0 2 1 11 3
6 20 0 10 1 0 6
17 21 0 7 1 4 8
0 9 11 8 4 0 14
20 16 0 8 1 2 1
