1 0 3 0 3 0 10 0
1 0 3 0 2 0 10 0
1 0 3 0 3 0 9 0
1 0 4 0 4 0 12 0
1 0 3 0 3 0 9 0
5 2 1 2 1 7 4 0
1 0 2 0 2 0 12 0
2 1 2 0 1 1 5 0
4 2 1 2 0 5 1 0
5 2 1 2 1 8 2 0
3 1 0 1 0 2 0 1
2 2 1 0 1 2 5 0
4 2 0 2 0 4 0 0
3 2 1 2 1 4 4 0
9 2 0 2 0 18 0 0
2 2 1 0 1 2 7 0
3 2 1 2 1 4 6 0
2 1 2 0 2 1 5 0
6 2 1 2 1 9 3 0
3 2 1 1 1 3 2 0
4 2 1 2 1 6 3 0
4 2 1 2 1 5 5 0
5 1 0 2 0 6 0 1
3 2 1 1 0 3 1 0
7 2 1 2 1 11 2 0
8 2 1 4 0 17 1 0
####
1 0 0 8 0 19 7 0 9 0
2 0 0 8 0 19 7 0 11 0
2 1 0 8 0 19 7 0 14 0
3 0 0 8 0 19 7 0 11 0
3 1 0 8 0 19 7 0 14 0
3 2 0 8 0 19 7 0 16 0
4 0 0 8 0 19 7 0 9 0
4 1 0 8 0 19 7 0 12 0
4 2 0 8 0 19 7 0 14 0
4 3 0 8 0 19 7 0 14 0
6 0 0 8 0 19 7 0 14 0
6 1 0 8 0 19 7 0 17 0
6 2 0 8 0 19 7 0 19 0
6 3 0 8 0 19 7 0 19 0
6 4 0 8 0 19 7 0 17 0
11 7 0 7 0 15 5 0 7 0
15 7 0 7 0 15 5 0 9 0
15 11 1 7 0 15 11 0 10 1
13 10 2 0 4 0 11 1 0 0
16 13 2 6 4 10 12 2 8 1
19 16 2 0 4 0 11 0 0 0
23 13 2 0 4 0 11 1 0 0
23 19 2 0 4 0 11 2 0 0
20 8 3 0 9 0 10 2 0 0
20 12 3 0 9 0 10 2 0 0
21 8 3 0 9 0 10 2 0 0
21 20 3 5 9 6 11 4 6 1
12 8 3 0 9 0 10 4 0 0
9 5 4 4 13 3 10 3 4 1
22 9 4 0 13 0 9 4 0 0
22 5 4 0 13 0 9 4 0 0
####
19 8 0 9 1 3 2
0 20 9 10 3 0 10
16 21 0 9 1 4 6
23 12 0 9 1 3 1
3 7 0 10 1 0 12
9 25 2 4 3 8 2
2 9 13 9 4 0 9
1 16 4 11 2 0 10
5 18 0 4 1 7 4
1 14 19 7 8 0 10
0 17 0 10 1 0 10
4 23 4 11 2 0 9
20 9 0 7 1 6 3
21 5 0 7 1 5 5
7 10 0 9 1 1 5
17 23 0 9 1 1 5
4 24 17 7 6 0 9
13 20 0 9 1 4 4
6 15 0 10 1 0 12
11 13 0 9 1 2 5
17 19 0 9 1 1 5
3 13 4 11 2 0 12
6 11 0 10 1 0 12
18 24 0 2 1 9 3
7 18 12 5 4 1 5
0 12 9 10 3 0 10
1 19 4 11 2 0 10
25 14 0 2 1 17 1
4 11 0 10 1 0 9
3 5 13 9 4 0 12
8 22 0 7 1 5 1
2 21 9 10 3 0 9
3 8 9 10 3 0 12
24 25 0 2 1 11 2
2 15 0 10 1 0 9
15 16 0 9 1 2 7
