1 0 4 0 3 0 16 0
4 2 1 2 2 6 9 0
1 0 3 0 4 0 16 0
1 0 3 0 2 0 15 0
1 0 3 0 2 0 12 0
1 0 2 0 4 0 10 0
2 1 0 0 0 1 0 1
1 0 4 0 4 0 12 0
2 1 3 0 3 1 7 0
1 0 4 0 3 0 14 0
1 0 3 0 3 0 13 0
10 2 0 2 0 16 0 0
2 1 1 0 1 1 3 0
2 1 3 0 2 1 9 0
2 1 1 0 1 1 6 0
5 2 1 2 1 9 3 0
2 2 0 0 0 2 0 0
3 2 1 1 1 3 5 0
2 2 1 0 1 2 11 0
6 2 1 2 1 10 2 0
3 2 1 1 1 3 2 0
7 1 0 2 0 9 0 1
7 2 1 2 2 11 4 0
3 2 1 1 0 3 1 0
5 2 2 2 2 7 8 0
4 2 1 2 0 5 1 0
8 1 0 2 0 14 0 1
3 2 1 1 1 3 5 0
8 2 2 3 1 14 3 0
4 1 0 2 0 4 0 1
6 2 1 2 1 9 5 0
9 2 0 2 0 15 0 0
7 2 1 3 0 13 1 0
3 2 0 1 0 3 0 0
5 1 0 2 0 6 0 1
3 2 1 2 1 4 10 0
9 2 1 2 0 15 1 0
3 1 0 1 0 2 0 1
4 2 1 4 1 8 4 0
6 2 1 2 0 8 1 0
####
2 0 0 9 0 31 9 0 9 0
3 0 0 9 0 31 9 0 14 0
3 2 0 9 0 31 9 0 11 0
4 0 0 7 0 27 10 0 11 0
4 2 0 7 0 27 10 0 12 0
4 3 0 4 0 18 11 0 5 0
5 0 0 9 0 31 9 0 9 0
5 2 0 9 0 31 9 0 6 0
5 3 0 9 0 31 9 0 11 0
5 4 0 7 0 27 10 0 8 0
7 0 0 9 0 31 9 0 10 0
7 2 0 9 0 31 9 0 7 0
7 3 0 9 0 31 9 0 12 0
7 4 0 7 0 27 10 0 11 0
7 5 0 9 0 31 9 0 7 0
9 0 0 9 0 31 9 0 13 0
9 2 0 9 0 31 9 0 10 0
9 3 0 9 0 31 9 0 15 0
9 5 0 9 0 31 9 0 10 0
9 7 0 9 0 31 9 0 11 0
10 0 0 9 0 31 9 0 14 0
10 2 0 9 0 31 9 0 11 0
10 3 0 9 0 31 9 0 16 0
10 5 0 9 0 31 9 0 11 0
10 7 0 9 0 31 9 0 12 0
10 9 0 9 0 31 9 0 15 0
12 6 1 0 0 0 15 0 0 0
13 8 0 6 0 20 9 0 6 0
14 6 1 0 0 0 15 0 0 0
14 8 0 6 0 20 9 0 6 0
14 12 1 0 0 0 15 0 0 0
14 13 0 6 0 20 9 0 10 0
16 13 1 0 0 0 15 0 0 0
18 8 0 8 0 24 8 0 9 0
18 16 1 0 0 0 15 0 0 0
20 17 2 0 7 0 15 2 0 0
27 17 0 5 0 13 9 0 8 0
27 23 2 0 7 0 15 2 0 0
33 23 2 0 7 0 15 0 0 0
33 27 2 0 7 0 15 2 0 0
35 20 2 0 7 0 15 1 0 0
35 23 2 0 7 0 15 0 0 0
35 33 2 0 7 0 15 0 0 0
25 1 3 0 14 0 12 3 0 0
29 1 3 0 14 0 12 2 0 0
38 25 3 0 14 0 12 4 0 0
38 29 3 0 14 0 12 4 0 0
38 1 3 0 14 0 12 1 0 0
34 24 4 0 18 0 11 5 0 0
34 15 4 0 18 0 11 6 0 0
24 15 4 0 18 0 11 3 0 0
30 19 5 0 21 0 11 5 0 0
39 30 5 0 21 0 11 4 0 0
39 19 5 0 21 0 11 5 0 0
22 21 6 0 24 0 11 6 0 0
32 22 6 0 24 0 11 7 0 0
32 21 6 0 24 0 11 7 0 0
28 26 7 0 27 0 10 9 0 0
36 31 8 0 29 0 10 10 0 0
####
24 30 0 6 1 7 8
14 17 0 14 1 1 6
13 33 0 14 1 1 9
0 27 7 15 2 0 16
32 26 0 5 1 13 1
20 25 0 11 1 3 2
17 38 0 11 1 3 5
35 1 0 11 1 4 10
3 11 31 9 9 0 15
30 22 0 6 1 9 5
4 12 0 15 1 0 12
2 22 24 11 6 0 16
8 28 20 9 6 1 7
15 19 0 6 1 9 3
5 8 0 15 1 0 10
39 21 0 6 1 8 1
12 20 0 14 1 1 3
9 33 7 15 2 0 14
7 15 18 11 4 0 12
8 32 17 10 5 1 7
3 20 7 15 2 0 15
10 18 0 15 1 0 13
5 25 14 12 3 0 10
2 13 0 15 1 0 16
19 32 0 6 1 10 2
22 28 0 5 1 11 4
8 37 0 14 1 1 7
2 16 0 15 1 0 16
28 31 0 4 1 14 3
1 24 0 7 1 6 9
18 35 0 14 1 2 11
24 39 0 6 1 7 8
23 29 0 11 1 3 1
4 14 0 15 1 0 12
7 36 29 10 8 0 12
10 24 18 11 4 0 13
25 34 0 7 1 5 1
38 15 0 7 1 8 4
9 39 21 11 5 0 14
0 1 14 12 3 0 16
13 23 0 14 1 1 9
28 36 0 4 1 14 3
4 6 0 15 1 0 12
10 16 0 15 1 0 13
0 19 21 11 5 0 16
9 35 7 15 2 0 14
27 38 0 11 1 3 5
13 27 0 14 1 1 9
9 23 7 15 2 0 14
3 18 0 15 1 0 15
7 30 21 11 5 0 12
0 31 29 10 8 0 16
7 17 7 15 2 0 12
36 11 0 3 1 15 1
