1 0 3 0 3 0 11 0
1 0 3 0 3 0 5 0
1 0 4 0 3 0 8 0
1 0 3 0 2 0 11 0
1 0 3 0 2 0 14 0
1 0 2 0 3 0 9 0
2 1 0 0 0 1 0 1
5 2 1 2 1 5 9 0
6 2 1 2 2 7 8 0
2 1 0 0 0 1 0 1
2 1 0 0 0 1 0 1
12 2 1 2 1 16 2 0
3 2 1 1 1 2 11 0
2 1 1 0 1 1 3 0
10 2 1 2 1 13 4 0
7 2 2 2 1 8 7 0
4 2 1 2 0 4 1 0
5 1 0 2 0 5 0 1
4 2 1 2 1 4 10 0
8 2 1 2 1 10 6 0
11 2 1 2 1 14 3 0
13 2 1 2 0 17 1 0
14 2 0 4 0 18 0 0
2 1 1 0 1 1 12 0
3 2 1 1 1 3 2 0
9 2 1 2 1 11 5 0
####
1 0 0 13 0 19 7 0 14 0
2 0 0 13 0 19 7 0 12 0
2 1 0 13 0 19 7 0 6 0
3 0 0 13 0 19 7 0 16 0
3 1 0 13 0 19 7 0 10 0
3 2 0 13 0 19 7 0 8 0
4 0 0 13 0 19 7 0 22 0
4 1 0 13 0 19 7 0 16 0
4 2 0 13 0 19 7 0 14 0
4 3 0 13 0 19 7 0 18 0
5 0 0 13 0 19 7 0 18 0
5 1 0 13 0 19 7 0 12 0
5 2 0 13 0 19 7 0 10 0
5 3 0 13 0 19 7 0 14 0
5 4 0 13 0 19 7 0 20 0
13 6 1 0 0 0 11 0 0 0
23 10 1 0 0 0 11 0 0 0
####
1 21 18 7 12 0 5
0 7 9 8 4 0 11
4 12 5 8 2 0 14
23 12 0 7 1 1 12
15 19 0 2 1 8 7
5 8 11 7 5 0 9
1 20 16 7 10 0 5
3 24 5 8 2 0 11
16 17 0 4 1 4 1
1 14 15 7 9 0 5
2 13 0 11 1 0 8
19 25 0 2 1 10 6
4 23 0 11 1 0 14
8 15 0 2 1 7 8
2 16 7 8 3 0 8
4 10 0 11 1 0 14
2 6 0 11 1 0 8
15 22 6 2 7 8 7
13 24 0 7 1 1 3
0 25 14 7 8 0 11
0 18 7 8 3 0 11
12 18 0 4 1 2 11
3 9 0 11 1 0 11
25 14 0 2 1 11 5
3 19 13 7 7 0 11
5 15 12 7 6 0 9
11 21 0 2 1 16 2
14 20 0 2 1 13 4
21 22 0 2 1 17 1
24 16 0 4 1 3 2
2 11 17 7 11 0 8
20 11 0 2 1 14 3
18 7 0 4 1 4 10
7 8 0 3 1 5 9
