1 0 4 0 4 0 16 0
1 0 3 0 3 0 12 0
1 0 3 0 4 0 18 0
1 0 3 0 2 0 7 0
10 2 1 2 1 19 2 0
1 0 2 0 2 0 7 0
5 2 1 2 1 6 8 0
1 0 3 0 3 0 15 0
4 1 2 2 0 4 2 0
1 0 3 0 3 0 13 0
6 2 1 2 1 7 5 0
2 1 3 0 3 1 8 0
2 1 2 0 2 1 14 0
8 2 1 2 1 11 4 0
5 1 0 1 0 5 0 1
3 2 1 1 2 3 13 0
2 2 1 0 1 2 2 0
11 2 1 3 0 21 1 0
7 2 1 4 1 11 4 0
3 2 1 1 0 3 1 0
3 2 1 2 0 4 1 0
6 2 1 2 2 8 7 0
2 1 0 0 0 1 0 1
9 2 1 4 1 18 3 0
4 2 0 2 0 4 0 0
2 1 0 0 0 1 0 1
4 2 2 2 2 4 12 0
2 2 1 0 1 2 5 0
4 2 0 2 0 6 0 0
5 2 1 2 1 5 6 0
3 2 1 1 2 3 3 0
7 2 2 2 1 9 6 0
8 2 0 3 0 14 0 0
12 1 0 2 0 22 0 1
####
1 0 0 11 0 26 8 0 13 0
2 0 0 11 0 26 8 0 21 0
2 1 0 11 0 26 8 0 18 0
3 0 0 11 0 26 8 0 13 0
3 1 0 11 0 26 8 0 10 0
3 2 0 11 0 26 8 0 18 0
5 0 0 11 0 26 8 0 12 0
5 1 0 11 0 26 8 0 9 0
5 2 0 11 0 26 8 0 17 0
5 3 0 11 0 26 8 0 9 0
7 0 0 11 0 26 8 0 20 0
7 1 0 11 0 26 8 0 17 0
7 2 0 11 0 26 8 0 25 0
7 3 0 11 0 26 8 0 17 0
7 5 0 11 0 26 8 0 16 0
9 0 0 11 0 26 8 0 16 0
9 1 0 11 0 26 8 0 13 0
9 2 0 11 0 26 8 0 21 0
9 3 0 11 0 26 8 0 13 0
9 5 0 11 0 26 8 0 12 0
9 7 0 11 0 26 8 0 20 0
12 11 0 10 0 20 7 0 13 0
16 12 1 0 0 0 13 0 0 0
25 11 1 0 0 0 13 0 0 0
27 11 0 10 0 20 7 0 5 0
27 12 0 10 0 20 7 0 16 0
27 16 1 0 0 0 13 0 0 0
20 15 2 0 6 0 11 2 0 0
30 15 0 5 0 11 6 0 5 0
30 19 2 0 6 0 11 2 0 0
24 8 3 0 10 0 11 4 0 0
26 8 0 4 0 7 6 0 3 0
28 26 3 0 10 0 11 4 0 0
29 6 4 7 14 9 11 6 11 1
14 6 4 0 14 0 10 3 0 0
21 10 5 6 17 7 10 8 9 1
31 18 6 5 19 5 10 10 7 1
32 13 7 0 21 0 9 9 0 0
####
23 4 0 2 1 18 3
5 13 21 9 7 0 7
30 8 0 8 1 3 3
6 21 0 5 1 6 8
31 13 0 4 1 9 6
3 28 10 11 3 0 7
2 12 0 13 1 0 18
26 6 0 7 1 4 12
31 32 0 4 1 9 6
11 19 0 10 1 1 8
15 26 0 8 1 3 13
2 26 10 11 3 0 18
18 23 2 3 2 11 4
8 14 0 7 1 4 2
7 15 6 11 2 0 15
9 21 17 9 5 0 13
26 29 0 7 1 4 12
0 24 10 11 3 0 16
8 32 7 6 4 4 2
17 33 0 2 1 21 1
10 18 0 4 1 7 5
0 11 0 13 1 0 16
21 31 0 4 1 8 7
1 10 17 9 5 0 12
3 4 24 8 9 0 7
3 27 0 13 1 0 7
2 16 0 13 1 0 18
11 30 0 10 1 1 8
0 25 0 13 1 0 16
19 24 0 8 1 3 1
9 16 0 13 1 0 13
1 19 6 11 2 0 12
7 31 19 9 6 0 15
12 29 8 9 3 1 14
7 22 0 13 1 0 15
12 15 0 10 1 1 14
13 23 0 3 1 11 4
11 17 19 7 9 1 8
9 27 0 13 1 0 13
27 18 13 8 5 2 5
4 17 0 2 1 19 2
29 10 0 5 1 5 6
0 6 14 10 4 0 16
5 20 6 11 2 0 7
20 28 0 8 1 4 1
16 20 0 10 1 2 2
1 30 6 11 2 0 12
