1 0 4 0 4 0 14 0
1 0 4 0 3 0 9 0
1 0 4 0 4 0 15 0
1 0 4 0 7 0 19 0
2 1 1 0 0 1 1 0
2 1 2 0 1 1 4 0
7 2 1 2 1 8 2 0
4 2 1 2 2 4 14 0
2 1 0 0 0 1 0 1
2 1 3 0 3 1 18 0
1 0 3 0 3 0 15 0
8 2 1 4 0 10 1 0
2 1 0 0 0 1 0 1
9 2 1 2 2 12 3 0
7 2 1 2 1 10 5 0
3 2 1 2 1 4 2 0
5 2 2 2 3 6 13 0
10 2 2 2 1 13 2 0
6 2 2 2 2 7 5 0
11 2 1 2 0 14 1 0
12 2 0 4 0 15 0 0
6 2 1 2 1 8 6 0
8 2 1 2 1 11 4 0
2 1 0 0 0 1 0 1
7 2 1 4 0 11 1 0
3 2 1 1 1 2 15 0
8 1 0 2 0 12 0 1
9 2 0 3 0 13 0 0
3 2 0 1 0 3 0 0
3 2 1 1 1 2 2 0
####
1 0 0 11 0 24 6 0 11 0
2 0 0 11 0 24 6 0 13 0
2 1 0 11 0 24 6 0 14 0
3 0 0 11 0 24 6 0 15 0
3 1 0 11 0 24 6 0 16 0
3 2 0 11 0 24 6 0 18 0
10 0 0 11 0 24 6 0 12 0
10 1 0 11 0 24 6 0 13 0
10 2 0 11 0 24 6 0 15 0
10 3 0 11 0 24 6 0 17 0
5 4 1 0 0 0 11 0 0 0
9 5 0 7 0 14 8 0 7 0
12 8 1 0 0 0 11 0 0 0
23 4 1 0 0 0 11 0 0 0
23 5 1 0 0 0 11 0 0 0
25 15 2 5 6 7 12 2 5 1
28 15 2 0 6 0 9 2 0 0
29 15 2 0 6 0 9 2 0 0
29 25 2 6 6 10 11 2 6 1
21 18 5 0 12 0 7 4 0 0
14 6 6 0 14 0 8 6 0 0
24 6 6 0 14 0 8 6 0 0
24 14 6 0 14 0 8 2 0 0
22 11 7 0 17 0 8 8 0 0
26 22 7 0 17 0 8 4 0 0
26 11 7 0 17 0 8 8 0 0
27 13 8 0 20 0 7 3 0 0
####
21 14 0 5 1 8 6
1 21 12 7 5 0 9
3 25 6 9 2 0 19
22 13 0 5 1 11 4
0 14 14 8 6 0 14
1 17 22 6 9 0 9
24 26 0 6 1 11 1
17 20 1 2 2 13 2
9 29 0 10 1 1 18
13 17 0 3 1 12 3
16 21 0 3 1 6 13
7 16 0 2 1 4 14
9 25 0 10 1 1 18
14 22 0 6 1 10 5
2 19 23 6 10 0 15
9 15 0 10 1 1 18
2 13 20 7 8 0 15
11 27 0 5 1 10 1
0 4 0 11 1 0 14
10 22 17 8 7 0 15
16 18 0 3 1 6 13
2 6 14 8 6 0 15
17 19 0 2 1 13 2
4 28 0 10 1 1 1
6 11 0 6 1 8 2
18 24 0 5 1 7 5
29 11 7 7 5 2 2
25 7 0 5 1 2 15
18 6 0 5 1 7 5
0 5 0 11 1 0 14
3 9 0 11 1 0 19
5 15 0 10 1 1 4
19 20 0 2 1 14 1
10 28 6 9 2 0 15
0 23 0 11 1 0 14
2 7 10 6 3 0 15
15 24 4 7 4 4 2
1 12 0 11 1 0 9
5 27 14 8 7 1 4
10 16 11 6 4 0 15
1 8 0 11 1 0 9
3 18 12 7 5 0 19
3 29 6 9 2 0 19
