1 0 3 0 3 0 8 0
1 0 4 0 3 0 9 0
1 0 3 0 3 0 6 0
1 0 3 0 3 0 12 0
1 0 3 0 4 0 11 0
1 0 3 0 2 0 9 0
3 2 0 2 0 4 0 0
2 1 2 0 0 1 2 0
1 0 4 0 4 0 12 0
4 2 1 2 0 5 1 0
2 1 1 0 1 1 5 0
5 2 1 2 0 7 1 0
2 2 2 0 2 2 8 0
3 2 1 2 1 4 3 0
2 1 1 0 1 1 3 0
3 1 0 1 0 2 0 1
5 2 1 2 1 7 2 0
3 2 1 1 1 3 4 0
3 2 1 2 1 4 3 0
5 2 0 2 0 7 0 0
4 2 1 2 1 5 2 0
4 2 1 2 1 5 3 0
3 1 0 1 0 2 0 1
2 2 1 0 0 2 1 0
4 2 1 2 1 5 2 0
6 2 1 2 0 8 1 0
2 1 0 0 0 1 0 1
3 2 1 1 1 3 2 0
5 2 1 2 0 7 1 0
7 1 0 2 0 9 0 1
6 1 0 2 0 8 0 1
6 2 0 2 0 8 0 0
####
1 0 0 5 0 21 10 0 4 0
2 0 0 5 0 21 10 0 4 0
2 1 0 4 0 17 11 0 1 0
3 0 0 5 0 21 10 0 7 0
3 1 0 6 0 24 8 0 7 0
3 2 0 5 0 21 10 0 5 0
4 1 0 6 0 24 8 0 9 0
4 2 0 4 0 17 11 0 3 0
4 3 0 6 0 24 8 0 6 0
5 1 0 6 0 24 8 0 8 0
5 2 0 4 0 17 11 0 4 0
5 3 0 6 0 24 8 0 5 0
5 4 0 6 0 24 8 0 7 0
8 0 0 5 0 21 10 0 7 0
8 1 0 5 0 21 10 0 5 0
8 2 0 5 0 21 10 0 5 0
8 3 0 5 0 21 10 0 8 0
8 5 0 2 0 6 14 0 1 0
23 12 1 0 0 0 13 0 0 0
26 12 1 0 0 0 13 0 0 0
26 23 1 0 0 0 13 0 0 0
13 6 2 0 6 0 14 2 0 0
17 15 2 0 6 0 14 1 0 0
18 13 2 0 6 0 14 0 0 0
18 6 2 0 6 0 14 2 0 0
22 15 2 0 6 0 14 2 0 0
22 17 2 0 6 0 14 1 0 0
27 15 2 0 6 0 14 1 0 0
27 17 2 0 6 0 14 0 0 0
27 22 2 0 6 0 14 1 0 0
27 6 2 0 6 0 14 1 0 0
21 9 3 0 13 0 11 2 0 0
24 20 3 0 13 0 11 2 0 0
16 11 4 0 17 0 11 3 0 0
19 11 4 0 17 0 11 1 0 0
19 16 4 0 17 0 11 3 0 0
28 11 4 0 17 0 11 4 0 0
28 16 4 0 17 0 11 3 0 0
28 19 4 0 17 0 11 0 0 0
30 25 5 0 21 0 10 5 0 0
31 25 5 0 21 0 10 5 0 0
31 30 5 0 21 0 10 6 0 0
####
4 7 0 13 1 0 11
8 23 0 13 1 0 12
10 17 0 13 1 1 5
5 6 6 14 2 0 9
0 20 13 11 3 0 8
4 27 6 14 2 0 11
21 16 0 8 1 5 3
8 24 13 11 3 0 12
1 25 21 10 5 0 9
2 9 13 11 3 0 6
7 15 0 13 1 1 2
12 13 0 13 1 2 8
2 23 0 13 1 0 6
14 27 0 13 1 1 3
3 31 21 10 5 0 12
1 28 17 11 4 0 9
3 16 17 11 4 0 12
16 25 0 7 1 7 2
13 20 0 11 1 4 3
1 10 0 13 1 0 9
23 6 0 13 1 2 1
25 29 0 4 1 8 1
28 31 0 7 1 7 1
11 30 0 7 1 7 1
24 28 0 8 1 5 2
18 24 0 11 1 4 3
0 18 6 14 2 0 8
12 18 0 13 1 2 8
1 19 17 11 4 0 9
5 21 13 11 3 0 9
7 22 0 13 1 1 2
27 9 0 11 1 3 2
8 26 0 13 1 0 12
3 12 0 13 1 0 12
8 12 0 13 1 0 12
0 13 6 14 2 0 8
4 17 6 14 2 0 11
20 11 0 8 1 5 2
2 11 17 11 4 0 6
5 14 0 13 1 0 9
17 21 0 11 1 3 4
9 19 0 8 1 5 1
