1 0 2 0 0 0 2 0
1 0 3 0 3 0 12 0
1 0 3 0 2 0 12 0
1 0 2 0 2 0 13 0
1 0 4 0 5 0 20 0
1 0 2 0 3 0 12 0
12 2 1 2 0 19 1 0
1 0 4 0 4 0 22 0
2 1 1 0 1 1 8 0
2 1 1 0 1 1 3 0
8 2 1 2 2 13 6 0
5 2 1 2 2 7 10 0
2 1 0 0 0 1 0 1
2 1 0 0 0 1 0 1
13 1 0 2 0 20 0 1
2 1 2 0 4 1 17 0
10 2 1 2 1 16 3 0
3 2 2 1 4 3 8 0
5 1 0 2 0 6 0 1
3 2 2 1 1 3 13 0
4 2 2 2 1 5 4 0
3 2 1 1 1 3 2 0
2 1 0 0 0 1 0 1
9 2 2 4 1 15 5 0
4 2 1 2 0 5 1 0
6 2 2 2 1 9 9 0
11 2 1 4 1 18 2 0
7 2 1 3 1 12 7 0
4 2 0 2 0 5 0 0
4 2 1 2 1 5 11 0
5 2 0 2 0 6 0 0
7 2 0 2 0 11 0 0
10 1 0 2 0 16 0 1
####
1 0 0 6 0 17 9 0 3 0
2 0 0 6 0 17 9 0 1 0
2 1 0 12 0 25 8 0 16 0
3 0 0 6 0 17 9 0 2 0
3 1 0 12 0 25 8 0 17 0
3 2 0 12 0 25 8 0 15 0
4 0 0 6 0 17 9 0 4 0
4 1 0 12 0 25 8 0 20 0
4 2 0 12 0 25 8 0 18 0
4 3 0 12 0 25 8 0 19 0
5 1 0 12 0 25 8 0 18 0
5 2 0 12 0 25 8 0 16 0
5 3 0 12 0 25 8 0 17 0
5 4 0 12 0 25 8 0 20 0
7 0 0 6 0 17 9 0 5 0
7 1 0 12 0 25 8 0 22 0
7 2 0 12 0 25 8 0 20 0
7 3 0 12 0 25 8 0 21 0
7 4 0 12 0 25 8 0 24 0
7 5 0 12 0 25 8 0 22 0
15 8 0 11 0 19 7 0 18 0
15 12 1 0 0 0 13 0 0 0
22 13 1 0 0 0 13 0 0 0
19 17 2 10 6 16 11 2 14 1
21 17 2 0 6 0 10 1 0 0
21 19 2 0 6 0 10 1 0 0
24 20 3 0 9 0 11 2 0 0
28 20 3 0 9 0 11 1 0 0
28 24 3 0 9 0 11 3 0 0
29 20 3 9 9 12 12 1 10 1
29 24 3 0 9 0 11 3 0 0
29 28 3 0 9 0 11 2 0 0
18 11 4 0 13 0 10 1 0 0
30 18 4 0 13 0 10 4 0 0
30 11 4 0 13 0 10 3 0 0
31 27 6 0 17 0 9 6 0 0
32 16 9 0 21 0 9 12 0 0
####
7 21 6 10 2 0 22
25 31 0 3 1 9 9
7 12 0 13 1 0 22
3 11 13 10 4 0 13
17 20 0 7 1 3 8
25 27 0 3 1 9 9
23 32 0 3 1 15 5
2 22 0 13 1 0 12
1 6 24 8 11 0 12
15 19 0 9 1 1 17
1 29 9 11 3 0 12
26 6 0 2 1 18 2
5 8 0 13 1 0 12
0 28 9 11 3 0 2
3 24 9 11 3 0 13
20 26 10 5 7 5 4
6 14 0 2 1 19 1
4 9 0 13 1 0 20
24 18 0 7 1 5 1
7 15 0 13 1 0 22
19 29 0 7 1 3 13
4 19 6 10 2 0 20
9 21 0 9 1 1 3
1 16 21 9 9 0 12
20 30 0 7 1 5 4
2 13 0 13 1 0 12
27 10 0 3 1 12 7
7 10 19 8 7 0 22
17 23 11 4 6 3 8
23 16 0 3 1 15 5
19 28 0 7 1 3 13
5 17 6 10 2 0 12
29 11 0 7 1 5 11
16 26 0 3 1 16 3
10 23 0 2 1 13 6
4 20 9 11 3 0 20
15 17 0 9 1 1 17
0 31 17 9 6 0 2
2 25 16 8 5 0 12
8 27 11 8 5 1 8
11 25 0 4 1 7 10
4 30 13 10 4 0 20
21 24 0 7 1 3 2
