1 0 4 0 4 0 22 0
1 0 2 0 1 0 7 0
1 0 3 0 4 0 20 0
1 0 4 0 4 0 13 0
1 0 4 0 2 0 11 0
11 1 1 2 1 18 3 0
1 0 3 0 4 0 14 0
9 2 1 2 1 12 5 0
2 1 2 0 2 1 7 0
2 1 2 0 1 1 16 0
5 2 1 2 1 6 7 0
3 2 2 1 1 3 5 0
5 2 1 2 1 7 9 0
3 2 1 1 2 3 14 0
12 2 1 3 1 22 2 0
13 2 1 2 0 23 1 0
7 2 1 2 1 10 7 0
3 2 0 1 0 3 0 0
7 2 1 2 1 10 5 0
3 2 0 1 0 3 0 0
6 2 1 2 1 9 8 0
8 2 1 2 1 11 6 0
10 2 1 4 1 17 4 0
6 2 1 2 1 8 6 0
4 2 0 2 0 5 0 0
14 1 0 2 0 24 0 1
4 2 2 2 2 5 13 0
4 2 1 2 1 5 3 0
2 1 0 0 0 1 0 1
2 1 0 0 0 1 0 1
####
1 0 0 13 0 23 7 0 22 0
2 0 0 13 0 23 7 0 34 0
2 1 0 13 0 23 7 0 22 0
3 0 0 13 0 23 7 0 29 0
3 1 0 13 0 23 7 0 17 0
3 2 0 13 0 23 7 0 29 0
4 0 0 13 0 23 7 0 25 0
4 1 0 13 0 23 7 0 13 0
4 2 0 13 0 23 7 0 25 0
4 3 0 13 0 23 7 0 20 0
6 0 0 13 0 23 7 0 30 0
6 1 0 13 0 23 7 0 18 0
6 2 0 13 0 23 7 0 30 0
6 3 0 13 0 23 7 0 25 0
6 4 0 13 0 23 7 0 21 0
9 8 0 12 0 19 5 0 18 0
28 9 1 0 0 0 10 0 0 0
29 9 1 0 0 0 10 0 0 0
29 28 1 0 0 0 10 0 0 0
13 11 2 11 4 15 11 1 16 1
17 11 2 0 4 0 10 1 0 0
17 13 2 0 4 0 10 2 0 0
19 11 2 0 4 0 10 2 0 0
19 13 2 0 4 0 10 1 0 0
19 17 2 0 4 0 10 0 0 0
26 24 3 0 8 0 9 3 0 0
27 24 3 0 8 0 9 2 0 0
27 26 3 10 8 12 10 3 14 1
12 10 4 9 11 10 9 6 14 1
23 20 5 8 13 8 9 8 12 1
18 16 6 7 15 6 9 10 10 1
####
4 7 18 7 8 0 11
18 22 2 3 3 10 5
2 8 0 10 1 0 20
13 26 0 7 1 3 14
3 21 17 7 7 0 13
8 19 0 8 1 1 7
16 21 0 3 1 10 7
11 24 0 7 1 3 5
0 28 0 10 1 0 22
12 20 0 4 1 7 9
0 9 0 10 1 0 22
27 14 10 4 8 5 3
4 19 4 10 2 0 11
6 10 11 8 4 0 14
2 13 4 10 2 0 20
0 11 4 10 2 0 22
9 17 0 8 1 1 16
11 27 0 7 1 3 5
0 29 0 10 1 0 22
26 12 0 5 1 5 13
3 27 8 9 3 0 13
1 24 8 9 3 0 7
15 25 0 2 1 23 1
3 23 13 8 5 0 13
8 11 0 8 1 1 7
14 15 0 2 1 22 2
10 23 0 4 1 6 7
7 22 0 2 1 12 5
6 26 8 9 3 0 14
4 20 13 8 5 0 11
9 13 0 8 1 1 16
3 12 11 8 4 0 13
4 17 4 10 2 0 11
22 5 0 2 1 17 4
1 18 15 8 6 0 7
5 14 0 2 1 18 3
26 10 0 5 1 5 13
2 15 22 7 12 0 20
21 7 0 2 1 11 6
6 16 15 8 6 0 14
23 18 0 4 1 8 6
20 16 0 4 1 9 8
