1 0 2 0 1 0 3 0
1 0 3 0 1 0 5 0
1 0 3 0 2 0 7 0
1 0 3 0 2 0 11 0
1 0 3 0 3 0 10 0
1 0 2 0 2 0 6 0
1 0 2 0 2 0 10 0
2 1 0 0 0 1 0 1
1 0 3 0 3 0 10 0
2 1 2 0 1 1 4 0
7 2 1 2 1 9 3 0
5 2 1 2 0 7 1 0
3 2 1 1 1 3 2 0
6 2 0 2 0 9 0 0
2 1 2 0 2 1 8 0
3 1 0 1 0 2 0 1
8 2 1 3 1 10 2 0
9 2 1 2 0 12 1 0
2 1 1 0 1 1 4 0
3 2 1 1 1 3 3 0
3 2 1 1 1 3 7 0
2 1 0 0 0 1 0 1
2 1 0 0 0 1 0 1
10 2 0 2 0 13 0 0
4 2 1 2 0 5 1 0
5 2 1 2 1 7 5 0
2 1 0 0 0 1 0 1
4 2 1 2 1 5 2 0
4 2 1 2 1 5 6 0
6 2 1 2 1 8 4 0
5 2 0 2 0 7 0 0
####
1 0 0 4 0 14 11 0 1 0
2 1 0 5 0 17 10 0 6 0
3 0 0 4 0 14 11 0 3 0
3 1 0 4 0 14 11 0 2 0
3 2 0 9 0 22 9 0 7 0
4 0 0 4 0 14 11 0 4 0
4 1 0 5 0 17 10 0 5 0
4 2 0 5 0 17 10 0 7 0
4 3 0 4 0 14 11 0 5 0
5 2 0 9 0 22 9 0 6 0
5 3 0 9 0 22 9 0 11 0
6 1 0 5 0 17 10 0 3 0
6 2 0 9 0 22 9 0 8 0
6 3 0 9 0 22 9 0 13 0
6 4 0 5 0 17 10 0 4 0
6 5 0 9 0 22 9 0 12 0
8 1 0 5 0 17 10 0 2 0
8 2 0 9 0 22 9 0 9 0
8 3 0 9 0 22 9 0 14 0
8 4 0 5 0 17 10 0 3 0
8 5 0 9 0 22 9 0 13 0
8 6 0 9 0 22 9 0 15 0
9 7 1 0 0 0 15 0 0 0
15 12 2 0 7 0 12 2 0 0
19 12 2 0 7 0 12 1 0 0
19 15 2 0 7 0 12 1 0 0
27 24 3 0 11 0 11 3 0 0
28 24 3 0 11 0 11 1 0 0
25 11 4 0 14 0 11 2 0 0
30 11 4 0 14 0 11 1 0 0
30 25 4 0 14 0 11 3 0 0
29 13 5 0 17 0 10 4 0 0
####
24 30 0 6 1 5 1
4 7 0 15 1 0 10
8 13 17 10 5 0 10
2 18 0 15 1 0 7
18 19 0 11 1 1 4
27 11 0 6 1 5 2
3 28 11 11 3 0 11
16 17 0 2 1 10 2
8 14 0 15 1 0 10
4 9 0 15 1 0 10
0 21 0 15 1 0 3
4 19 7 12 2 0 10
9 15 0 11 1 1 4
1 30 14 11 4 0 5
0 24 11 11 3 0 3
12 24 0 7 1 3 2
2 23 22 9 9 0 7
5 25 14 11 4 0 6
8 29 17 10 5 0 10
17 23 0 2 1 12 1
11 13 0 5 1 7 1
25 29 0 5 1 7 5
6 11 14 11 4 0 10
14 20 0 11 1 1 8
3 26 0 15 1 0 11
2 17 21 9 8 0 7
3 12 7 12 2 0 11
1 22 0 15 1 0 5
5 10 19 9 6 0 6
14 16 13 8 6 1 8
10 16 0 2 1 9 3
1 27 11 11 3 0 5
29 10 0 3 1 8 4
19 27 0 7 1 3 3
6 20 7 12 2 0 10
20 28 0 7 1 3 7
28 25 0 6 1 5 6
9 12 0 11 1 1 4
