1 0 4 0 6 0 19 0
1 0 3 0 4 0 20 0
11 2 1 2 1 16 2 0
1 0 2 0 3 0 23 0
1 0 3 0 3 0 14 0
1 0 4 0 3 0 19 0
5 2 1 2 1 7 3 0
8 2 1 4 1 15 2 0
6 2 1 2 2 9 11 0
2 1 2 0 4 1 19 0
10 2 1 3 0 20 1 0
4 2 1 2 1 4 4 0
2 1 2 0 4 1 22 0
10 2 0 2 0 14 0 0
6 2 1 2 2 10 5 0
7 1 2 2 3 10 10 0
2 1 0 0 0 1 0 1
8 2 2 1 3 12 9 0
4 2 1 2 2 5 16 0
3 2 2 2 1 4 5 0
11 2 0 4 0 21 0 0
12 2 1 3 0 17 1 0
3 2 2 1 2 3 18 0
4 2 1 2 1 6 4 0
9 2 2 2 1 13 5 0
7 2 2 2 1 11 4 0
13 2 0 2 0 18 0 0
5 2 2 3 2 8 15 0
9 2 1 4 1 15 2 0
10 2 1 4 1 15 3 0
####
1 0 0 12 0 24 6 0 18 0
3 0 0 12 0 24 6 0 21 0
3 1 0 12 0 24 6 0 21 0
4 0 0 12 0 24 6 0 14 0
4 1 0 12 0 24 6 0 14 0
4 3 0 12 0 24 6 0 17 0
5 0 0 12 0 24 6 0 20 0
5 1 0 12 0 24 6 0 20 0
5 3 0 12 0 24 6 0 23 0
5 4 0 12 0 24 6 0 16 0
12 9 0 11 0 21 4 0 19 0
22 19 2 8 3 16 9 2 14 1
18 11 3 9 5 16 9 4 11 1
23 11 3 0 5 0 8 4 0 0
23 18 3 7 5 13 10 0 12 1
27 6 4 6 8 11 9 2 10 1
14 8 5 5 10 9 9 4 8 1
25 15 6 4 12 7 9 6 6 1
17 7 7 3 14 5 9 10 3 1
28 24 8 0 16 0 7 12 0 0
13 10 9 0 18 0 8 17 0 0
29 13 9 0 18 0 8 12 0 0
29 10 9 0 18 0 8 17 0 0
20 2 10 0 21 0 7 19 0 0
####
5 13 18 8 9 0 19
5 26 24 6 12 0 19
24 13 0 5 1 13 5
1 2 21 7 10 0 20
6 7 4 4 3 7 3
27 14 0 4 1 8 15
17 28 0 4 1 12 9
0 24 16 7 8 0 19
18 27 0 5 1 5 16
17 24 0 4 1 12 9
3 6 8 7 4 0 23
7 10 2 5 2 15 2
5 22 3 7 2 0 19
23 6 0 5 1 6 4
8 15 0 4 1 9 11
21 26 0 2 1 17 1
5 11 5 8 3 0 19
0 25 12 7 6 0 19
28 10 0 5 1 15 2
4 14 10 7 5 0 14
0 18 5 8 3 0 19
25 7 0 4 1 11 4
4 16 0 8 1 0 14
29 2 0 5 1 15 3
1 9 0 8 1 0 20
22 11 0 5 1 3 18
19 20 16 4 8 4 5
12 22 0 5 1 1 22
0 23 5 8 3 0 19
25 28 2 4 2 11 4
15 17 0 4 1 10 10
9 27 5 5 3 1 19
24 29 0 5 1 13 5
3 12 0 8 1 0 23
14 25 0 4 1 10 5
15 21 9 3 5 10 10
4 17 14 7 7 0 14
2 21 0 3 1 16 2
12 19 0 5 1 1 22
11 29 10 6 6 4 4
1 8 10 7 5 0 20
22 18 0 5 1 3 18
10 20 0 5 1 20 1
27 8 0 4 1 8 15
19 23 0 5 1 4 5
9 19 0 5 1 1 19
