1 0 4 0 5 0 13 0
2 1 1 0 1 1 3 0
1 0 3 0 3 0 7 0
1 0 3 0 3 0 9 0
1 0 4 0 2 0 8 0
1 0 1 0 1 0 4 0
3 2 1 2 1 4 6 0
2 1 1 0 0 1 1 0
3 2 1 2 1 4 4 0
1 0 3 0 4 0 12 0
1 0 3 0 1 0 4 0
4 2 1 4 1 6 5 0
5 2 1 2 1 7 4 0
3 1 0 1 0 2 0 1
2 2 0 0 0 2 0 0
4 2 1 2 0 5 1 0
2 2 1 0 0 2 1 0
7 2 1 3 1 12 2 0
3 2 0 2 0 4 0 0
2 2 1 0 0 2 1 0
3 1 0 2 0 3 0 1
2 1 1 0 1 1 3 0
6 2 1 4 1 10 3 0
2 2 2 0 1 2 8 0
8 2 1 2 0 14 1 0
9 1 0 2 0 15 0 1
3 2 1 1 1 3 2 0
2 1 0 0 0 1 0 1
2 2 2 0 2 2 7 0
5 2 0 2 0 6 0 0
####
2 0 0 8 0 22 8 0 11 0
3 0 0 8 0 22 8 0 16 0
3 2 0 8 0 22 8 0 7 0
4 0 0 8 0 22 8 0 14 0
4 2 0 8 0 22 8 0 5 0
4 3 0 8 0 22 8 0 10 0
5 2 0 4 0 17 9 0 5 0
5 4 0 4 0 17 9 0 4 0
9 0 0 8 0 22 8 0 19 0
9 2 0 8 0 22 8 0 10 0
9 3 0 8 0 22 8 0 15 0
9 4 0 8 0 22 8 0 13 0
10 2 0 2 0 9 13 0 2 0
10 4 0 1 0 0 16 0 0 0
16 1 1 0 0 0 16 0 0 0
19 14 1 0 0 0 16 0 0 0
23 1 1 7 0 13 17 0 8 1
23 16 1 1 0 0 22 0 0 1
27 14 1 0 0 0 16 0 0 0
27 19 1 0 0 0 16 0 0 0
28 1 1 7 0 13 17 0 8 1
28 16 1 0 0 0 16 0 0 0
28 23 1 7 0 13 17 0 12 1
13 6 2 0 9 0 13 1 0 0
18 6 2 0 9 0 13 3 0 0
18 8 2 0 9 0 13 3 0 0
26 20 2 0 9 0 13 1 0 0
8 6 2 6 9 7 14 2 8 1
####
4 8 9 13 2 0 8
1 17 11 10 5 1 3
28 8 0 15 1 2 7
0 16 0 16 1 0 13
3 7 0 16 1 0 9
2 26 9 13 2 0 7
26 15 0 8 1 3 2
0 28 0 16 1 0 13
2 19 0 16 1 0 7
9 28 0 16 1 0 12
17 24 0 2 1 12 2
10 27 0 16 1 0 4
3 6 9 13 2 0 9
23 6 0 15 1 2 8
16 18 0 15 1 2 1
21 26 0 15 1 1 3
6 11 0 8 1 4 6
22 17 0 2 1 10 3
10 19 0 16 1 0 4
4 14 0 16 1 0 8
9 16 0 16 1 0 12
15 29 0 4 1 5 1
5 21 0 16 1 0 4
2 24 21 8 7 0 7
19 20 0 15 1 2 1
11 12 0 4 1 6 5
0 23 0 16 1 0 13
12 22 0 3 1 7 4
0 1 0 16 1 0 13
4 29 17 9 4 0 8
3 12 17 9 4 0 9
28 11 6 11 2 2 7
8 22 4 7 3 4 4
4 15 15 9 3 0 8
7 13 0 15 1 1 1
9 23 0 16 1 0 12
24 25 0 2 1 14 1
10 14 0 16 1 0 4
23 18 0 15 1 2 8
