1 0 3 0 3 0 17 0
1 0 4 0 6 0 13 0
1 0 3 0 5 0 10 0
1 0 1 0 0 0 1 0
1 0 2 0 1 0 11 0
1 0 2 0 1 0 3 0
5 2 1 2 1 6 10 0
1 0 3 0 3 0 15 0
2 1 2 0 2 1 15 0
10 2 1 2 1 14 2 0
2 1 3 0 1 1 4 0
10 2 1 2 0 14 1 0
6 2 1 4 1 9 9 0
7 2 1 2 2 10 8 0
2 1 0 0 0 1 0 1
3 2 2 1 2 3 13 0
3 1 0 1 0 2 0 1
11 2 1 2 0 16 1 0
8 2 2 2 2 11 7 0
9 1 0 2 0 12 0 1
4 2 1 2 1 4 11 0
4 2 0 2 0 5 0 0
3 2 0 1 0 3 0 0
3 2 1 1 0 3 1 0
4 2 1 2 1 5 10 0
3 1 0 1 0 2 0 1
12 1 0 2 0 17 0 1
9 2 2 2 2 12 5 0
2 1 0 0 0 1 0 1
11 2 0 2 0 15 0 0
####
1 0 0 11 0 22 8 0 18 0
2 0 0 11 0 22 8 0 13 0
2 1 0 11 0 22 8 0 9 0
4 0 0 11 0 22 8 0 18 0
4 1 0 11 0 22 8 0 14 0
4 2 0 11 0 22 8 0 9 0
5 0 0 11 0 22 8 0 12 0
5 1 0 11 0 22 8 0 8 0
5 2 0 11 0 22 8 0 3 0
5 4 0 11 0 22 8 0 8 0
7 0 0 11 0 22 8 0 21 0
7 1 0 11 0 22 8 0 17 0
7 2 0 11 0 22 8 0 12 0
7 4 0 11 0 22 8 0 17 0
7 5 0 11 0 22 8 0 11 0
22 16 2 0 4 0 12 2 0 0
23 16 2 0 4 0 12 2 0 0
23 22 2 0 4 0 12 2 0 0
25 15 2 0 4 0 12 2 0 0
21 20 3 0 9 0 10 2 0 0
24 20 3 8 9 10 11 4 13 1
24 21 3 0 9 0 10 2 0 0
27 19 8 0 16 0 9 16 0 0
11 9 9 0 18 0 9 18 0 0
29 17 10 0 20 0 9 20 0 0
####
15 20 0 8 1 3 13
3 28 0 11 1 0 1
1 6 12 8 4 0 13
18 19 0 3 1 11 7
27 11 0 4 1 12 5
7 20 9 10 3 0 15
0 21 9 10 3 0 17
7 15 4 12 2 0 15
2 9 18 9 9 0 10
12 13 0 2 1 9 9
18 27 0 3 1 11 7
23 21 0 8 1 3 1
9 17 0 4 1 14 2
4 24 9 10 3 0 11
5 22 4 12 2 0 3
10 22 0 9 1 1 4
8 15 0 9 1 1 15
8 25 0 9 1 1 15
7 14 0 11 1 0 15
1 23 4 12 2 0 13
5 17 20 9 10 0 3
2 10 0 11 1 0 10
10 23 0 9 1 1 4
6 12 0 2 1 6 10
27 9 0 4 1 12 5
0 8 0 11 1 0 17
4 29 20 9 10 0 11
15 24 0 8 1 3 13
10 16 0 9 1 1 4
1 27 16 9 8 0 13
0 13 14 8 6 0 17
2 11 18 9 9 0 10
11 29 0 4 1 14 1
1 18 15 8 7 0 13
13 18 0 2 1 10 8
20 6 0 4 1 4 11
24 12 1 4 2 5 10
17 26 0 3 1 16 1
