1 0 3 0 2 0 12 0
1 0 2 0 2 0 12 0
1 0 2 0 1 0 8 0
1 0 2 0 2 0 10 0
1 0 3 0 2 0 5 0
1 0 2 0 1 0 7 0
1 0 3 0 3 0 13 0
6 2 1 2 1 7 8 0
2 1 1 0 1 1 12 0
3 2 1 1 1 3 11 0
2 1 0 0 0 1 0 1
4 2 1 2 1 5 10 0
7 2 1 2 1 9 7 0
2 1 0 0 0 1 0 1
2 1 1 0 0 1 1 0
9 2 1 2 1 13 5 0
12 2 1 2 1 17 2 0
3 2 0 1 0 3 0 0
10 2 1 2 1 14 4 0
13 2 1 2 0 18 1 0
2 1 0 0 0 1 0 1
14 1 0 2 0 19 0 1
5 2 1 2 1 6 9 0
8 2 1 2 1 11 6 0
11 2 1 2 1 16 3 0
####
1 0 0 13 0 17 8 0 21 0
2 0 0 13 0 17 8 0 16 0
2 1 0 13 0 17 8 0 17 0
3 0 0 13 0 17 8 0 17 0
3 1 0 13 0 17 8 0 18 0
3 2 0 13 0 17 8 0 13 0
4 0 0 13 0 17 8 0 13 0
4 1 0 13 0 17 8 0 14 0
4 2 0 13 0 17 8 0 9 0
4 3 0 13 0 17 8 0 10 0
5 0 0 13 0 17 8 0 15 0
5 1 0 13 0 17 8 0 16 0
5 2 0 13 0 17 8 0 11 0
5 3 0 13 0 17 8 0 12 0
5 4 0 13 0 17 8 0 8 0
6 0 0 13 0 17 8 0 22 0
6 1 0 13 0 17 8 0 23 0
6 2 0 13 0 17 8 0 18 0
6 3 0 13 0 17 8 0 19 0
6 4 0 13 0 17 8 0 15 0
6 5 0 13 0 17 8 0 17 0
####
14 17 0 7 1 1 1
7 12 0 2 1 7 8
5 13 0 12 1 0 7
8 9 0 7 1 1 12
0 10 0 12 1 0 12
3 14 0 12 1 0 10
6 7 9 8 5 0 13
4 19 16 8 12 0 5
1 16 15 8 11 0 12
11 22 0 2 1 5 10
2 23 11 8 7 0 8
0 11 7 8 3 0 12
9 11 0 3 1 3 11
22 7 0 2 1 6 9
23 15 0 2 1 11 6
15 18 0 2 1 13 5
4 24 14 8 10 0 5
19 21 0 2 1 18 1
0 22 8 8 4 0 12
6 18 13 8 9 0 13
18 24 0 2 1 14 4
5 15 12 8 8 0 7
1 9 5 9 2 0 12
16 19 0 2 1 17 2
4 20 0 12 1 0 5
2 17 5 9 2 0 8
3 12 10 8 6 0 10
6 8 0 12 1 0 13
24 16 0 2 1 16 3
12 23 0 2 1 9 7
