1 0 3 0 5 0 24 0
1 0 3 0 3 0 25 0
1 0 3 0 3 0 8 0
7 1 2 2 2 8 5 0
1 0 4 0 5 0 18 0
1 0 4 0 3 0 9 0
8 2 1 2 1 11 2 0
1 0 4 0 5 0 13 0
6 2 1 2 1 7 2 0
2 1 2 0 0 1 2 0
7 2 1 2 1 9 3 0
10 2 1 2 1 14 2 0
8 2 1 2 1 10 2 0
3 2 0 1 0 2 0 0
2 1 1 0 2 1 24 0
7 2 1 2 1 9 5 0
5 2 1 2 2 5 8 0
5 2 1 2 2 6 9 0
3 2 2 1 3 3 23 0
4 2 1 2 1 4 4 0
8 2 1 2 1 11 4 0
3 2 0 1 0 2 0 0
12 1 0 2 0 17 0 1
9 2 1 4 0 15 1 0
4 2 2 2 2 4 19 0
6 2 2 2 2 8 8 0
11 2 1 2 0 16 1 0
6 2 2 2 2 7 7 0
9 2 1 3 1 12 3 0
10 1 0 2 0 16 0 1
5 2 1 2 1 6 3 0
10 1 0 2 0 13 0 1
9 2 1 2 0 12 1 0
7 2 1 2 1 9 3 0
####
1 0 0 11 0 27 7 0 21 0
2 0 0 11 0 27 7 0 12 0
2 1 0 11 0 27 7 0 13 0
4 0 0 11 0 27 7 0 17 0
4 1 0 11 0 27 7 0 18 0
4 2 0 11 0 27 7 0 9 0
5 0 0 11 0 27 7 0 15 0
5 1 0 11 0 27 7 0 16 0
5 2 0 11 0 27 7 0 7 0
5 4 0 11 0 27 7 0 12 0
7 0 0 11 0 27 7 0 11 0
7 1 0 11 0 27 7 0 12 0
7 2 0 11 0 27 7 0 3 0
7 4 0 11 0 27 7 0 8 0
7 5 0 11 0 27 7 0 6 0
21 13 2 0 2 0 9 2 0 0
24 19 3 6 5 16 11 2 8 1
17 16 4 0 7 0 9 4 0 0
30 16 4 0 7 0 9 4 0 0
30 17 4 5 7 13 12 4 6 1
25 8 5 4 10 10 12 6 4 1
27 25 5 0 10 0 9 6 0 0
27 8 5 0 10 0 9 6 0 0
10 3 6 0 13 0 10 8 0 0
15 10 6 0 13 0 10 8 0 0
15 3 6 5 13 10 11 8 8 1
33 10 6 0 13 0 10 8 0 0
33 3 6 0 13 0 10 8 0 0
33 15 6 0 13 0 10 8 0 0
12 6 7 0 17 0 9 10 0 0
20 12 7 0 17 0 9 11 0 0
20 6 7 0 17 0 9 11 0 0
28 23 8 0 20 0 9 16 0 0
32 28 8 0 20 0 9 13 0 0
32 23 8 0 20 0 9 15 0 0
31 11 9 0 23 0 9 15 0 0
31 29 9 0 23 0 9 17 0 0
29 11 9 0 23 0 9 18 0 0
####
5 9 0 8 1 0 9
8 23 7 6 3 7 2
12 32 0 6 1 10 2
15 20 0 7 1 9 5
27 15 0 7 1 7 7
24 17 0 5 1 4 19
30 8 0 6 1 6 3
5 13 2 9 2 0 9
4 27 10 9 5 0 18
7 25 10 9 5 0 13
4 12 17 9 7 0 18
18 19 0 5 1 3 23
17 25 0 6 1 6 9
32 31 0 6 1 12 1
3 28 3 7 2 8 5
4 33 13 10 6 0 18
9 21 0 5 1 1 2
1 16 7 9 4 0 25
14 18 0 5 1 1 24
0 24 5 8 3 0 24
10 12 0 7 1 9 3
3 20 0 7 1 8 5
1 14 0 8 1 0 25
33 6 0 7 1 9 3
1 10 13 10 6 0 25
2 6 17 9 7 0 8
18 24 0 5 1 3 23
23 29 0 6 1 15 1
0 18 2 9 2 0 24
2 32 20 9 8 0 8
11 26 0 4 1 14 2
5 15 13 10 6 0 9
6 23 0 6 1 11 2
5 21 2 9 2 0 9
25 10 0 7 1 8 8
9 13 0 5 1 1 2
28 11 0 6 1 12 3
7 26 26 7 10 0 13
0 19 5 8 3 0 24
26 22 0 2 1 16 1
4 17 7 9 4 0 18
2 11 23 9 9 0 8
24 16 0 5 1 4 19
16 27 0 6 1 5 8
20 28 0 6 1 11 4
7 30 7 9 4 0 13
25 33 0 7 1 8 8
7 8 10 9 5 0 13
27 3 0 7 1 7 7
19 30 0 5 1 4 4
