1 0 3 0 2 0 13 0
1 0 3 0 1 0 7 0
1 0 2 0 2 0 5 0
1 0 4 0 6 0 16 0
8 2 1 2 1 12 2 0
1 0 3 0 6 0 19 0
2 1 3 0 5 1 18 0
9 1 1 2 0 13 1 0
4 2 1 3 0 4 1 0
7 2 1 2 1 8 4 0
2 1 0 0 0 1 0 1
4 2 1 2 2 5 12 0
10 1 0 1 0 14 0 1
9 2 1 2 1 10 2 0
10 2 1 2 0 12 1 0
3 2 2 1 1 2 5 0
5 2 2 2 2 6 11 0
11 2 0 2 0 13 0 0
6 2 1 2 1 7 5 0
8 2 1 2 1 9 3 0
5 1 0 2 0 5 0 1
3 2 2 1 2 3 15 0
2 1 0 0 0 1 0 1
6 2 1 2 1 8 4 0
4 1 0 2 0 3 0 1
7 2 1 4 1 10 3 0
####
1 0 0 9 0 18 7 0 10 0
2 0 0 10 0 20 6 0 8 0
2 1 0 9 0 18 7 0 6 0
3 0 0 10 0 20 6 0 15 0
3 1 0 9 0 18 7 0 11 0
3 2 0 10 0 20 6 0 9 0
5 0 0 10 0 20 6 0 16 0
5 1 0 9 0 18 7 0 13 0
5 2 0 10 0 20 6 0 10 0
5 3 0 10 0 20 6 0 17 0
22 10 1 0 0 0 8 0 0 0
21 15 2 7 3 13 9 2 9 1
11 8 3 0 5 0 8 2 0 0
24 8 3 0 5 0 8 4 0 0
24 11 3 0 5 0 8 4 0 0
20 16 4 0 8 0 7 4 0 0
23 18 5 0 10 0 7 4 0 0
25 9 6 0 12 0 7 6 0 0
19 4 7 0 14 0 7 8 0 0
13 7 8 0 16 0 7 10 0 0
14 12 9 0 18 0 7 12 0 0
####
11 16 0 5 1 5 12
4 7 0 4 1 12 2
14 17 0 3 1 12 1
7 12 0 4 1 13 1
5 6 0 8 1 0 19
6 21 0 5 1 1 18
3 21 3 7 2 0 16
5 19 14 7 7 0 19
25 4 0 4 1 10 3
21 8 0 5 1 3 15
8 20 0 5 1 4 1
0 17 20 6 10 0 13
0 11 5 8 3 0 13
18 9 0 4 1 7 5
3 16 8 7 4 0 16
1 10 0 8 1 0 7
6 15 0 5 1 1 18
16 18 0 4 1 6 11
23 25 0 4 1 8 4
3 13 16 7 8 0 16
15 25 7 4 4 2 5
1 23 10 7 5 0 7
0 18 10 7 5 0 13
16 23 0 4 1 6 11
3 9 12 7 6 0 16
5 15 3 7 2 0 19
19 13 0 4 1 9 3
21 11 0 5 1 3 15
2 14 18 7 9 0 5
1 22 0 8 1 0 7
15 24 0 5 1 2 5
6 8 2 6 2 1 18
13 14 0 4 1 10 2
9 19 0 4 1 8 4
2 4 14 7 7 0 5
