1 0 4 0 2 0 7 0
1 0 3 0 4 0 15 0
1 0 2 0 2 0 14 0
1 0 2 0 2 0 12 0
1 0 2 0 2 0 4 0
1 0 2 0 2 0 10 0
5 2 1 2 2 7 7 0
8 2 1 2 0 14 1 0
2 1 2 0 2 1 13 0
3 2 1 1 2 3 9 0
4 2 2 2 2 4 8 0
3 2 1 1 1 3 4 0
4 2 1 2 1 5 3 0
2 1 1 0 1 1 10 0
6 2 2 3 2 11 6 0
5 2 1 2 1 6 2 0
7 2 1 2 1 13 2 0
9 1 0 2 0 19 0 1
3 2 1 1 1 3 9 0
8 2 1 4 0 18 1 0
9 1 0 2 0 15 0 1
2 1 0 0 0 1 0 1
7 2 1 2 1 12 2 0
4 2 1 2 1 5 8 0
5 2 0 2 0 6 0 0
####
1 0 0 8 0 17 8 0 8 0
2 0 0 8 0 17 8 0 8 0
2 1 0 8 0 17 8 0 14 0
3 0 0 8 0 17 8 0 8 0
3 1 0 8 0 17 8 0 14 0
3 2 0 8 0 17 8 0 14 0
4 0 0 8 0 17 8 0 5 0
4 1 0 8 0 17 8 0 13 0
4 2 0 8 0 17 8 0 13 0
4 3 0 8 0 17 8 0 10 0
5 0 0 8 0 17 8 0 7 0
5 1 0 8 0 17 8 0 13 0
5 2 0 8 0 17 8 0 13 0
5 3 0 8 0 17 8 0 13 0
5 4 0 8 0 17 8 0 9 0
13 8 0 7 0 14 5 0 11 0
11 9 2 6 3 11 11 2 7 1
18 9 0 6 0 11 5 0 9 0
18 11 2 6 3 11 11 1 8 1
12 10 3 5 6 8 11 4 5 1
23 10 3 5 6 8 11 1 7 1
23 12 3 5 6 8 11 3 6 1
15 6 4 4 9 5 11 3 4 1
24 15 4 0 9 0 9 6 0 0
24 6 4 0 9 0 9 3 0 0
22 16 6 0 13 0 8 10 0 0
19 7 7 0 15 0 8 1 0 0
20 17 8 0 17 0 8 3 0 0
####
0 7 15 8 7 0 7
8 9 0 6 1 1 13
0 16 13 8 6 0 7
4 12 6 9 3 0 4
1 6 9 9 4 0 15
15 19 3 5 3 6 2
6 14 0 4 1 7 7
7 20 0 4 1 14 1
18 23 0 6 1 3 9
14 22 0 3 1 11 6
0 21 0 9 1 0 7
0 24 9 9 4 0 7
5 18 3 9 2 0 10
2 13 0 9 1 0 14
22 7 0 4 1 12 2
1 10 6 9 3 0 15
5 22 13 8 6 0 10
23 6 0 6 1 5 8
3 23 6 9 3 0 12
8 11 0 6 1 1 13
19 17 0 4 1 18 1
9 10 0 6 1 3 9
10 24 0 6 1 4 8
3 9 3 9 2 0 12
16 19 0 4 1 13 2
11 12 0 6 1 3 4
12 15 0 6 1 5 3
14 16 0 3 1 11 6
4 15 9 9 4 0 4
2 11 3 9 2 0 14
1 8 0 9 1 0 15
10 14 3 4 2 4 8
13 18 0 6 1 1 10
