5 2 2 3 1 7 5 0
1 0 3 0 3 0 13 0
1 0 2 0 1 0 5 0
1 0 3 0 4 0 11 0
1 0 3 0 6 0 17 0
2 1 2 0 2 1 10 0
3 1 0 1 0 2 0 1
1 0 3 0 3 0 13 0
5 2 1 2 1 9 4 0
3 1 2 1 1 2 8 0
2 2 2 0 3 2 9 0
2 1 0 0 0 1 0 1
3 2 2 2 2 4 7 0
3 2 1 2 1 4 2 0
6 1 0 2 0 8 0 1
6 2 1 4 1 15 3 0
3 2 2 2 1 3 7 0
4 2 1 4 1 8 5 0
4 2 1 2 1 6 3 0
7 2 1 4 1 18 2 0
4 2 0 2 0 4 0 0
4 2 1 1 2 4 6 0
4 2 1 1 2 4 6 0
8 2 1 4 0 20 1 0
2 2 1 0 2 2 8 0
9 1 0 2 0 21 0 1
####
2 1 0 8 0 20 6 0 14 0
3 1 0 8 0 20 6 0 20 0
3 2 0 8 0 20 6 0 12 0
4 1 0 8 0 20 6 0 24 0
4 2 0 8 0 20 6 0 16 0
4 3 0 8 0 20 6 0 22 0
7 1 0 8 0 20 6 0 22 0
7 2 0 8 0 20 6 0 14 0
7 3 0 8 0 20 6 0 20 0
7 4 0 8 0 20 6 0 24 0
10 5 1 7 0 16 10 0 14 1
24 5 0 7 0 16 5 0 14 0
24 10 1 7 0 16 10 0 14 1
9 6 2 0 4 0 10 2 0 0
13 6 2 0 4 0 10 2 0 0
13 9 2 6 4 11 11 2 7 1
13 12 2 6 4 11 11 1 7 1
16 6 2 0 4 0 10 2 0 0
16 9 2 6 4 11 11 2 11 1
16 13 2 6 4 11 11 2 6 1
16 12 2 6 4 11 11 2 11 1
12 9 0 6 0 11 6 0 12 0
20 17 3 0 9 0 10 4 0 0
20 18 3 0 9 0 10 4 0 0
21 20 3 0 9 0 10 4 0 0
21 17 3 5 9 6 11 2 8 1
21 18 3 5 9 6 11 2 6 1
22 20 3 0 9 0 10 4 0 0
22 21 3 5 9 6 11 4 8 1
22 17 3 5 9 6 11 1 8 1
22 18 3 5 9 6 11 1 6 1
18 17 3 5 9 6 11 4 6 1
8 0 4 4 14 4 8 4 6 1
15 14 5 0 16 0 7 8 0 0
####
1 21 9 10 3 0 13
5 9 0 9 1 1 10
17 8 0 7 1 8 5
2 18 9 10 3 0 5
5 6 0 9 1 1 10
0 14 0 4 1 7 5
24 12 0 9 1 2 8
9 22 0 10 1 2 8
18 19 4 6 3 6 3
15 19 0 3 1 15 3
7 20 9 10 3 0 13
16 17 0 10 1 3 7
0 15 0 4 1 7 5
9 21 0 10 1 2 8
7 24 0 9 1 0 13
12 17 0 10 1 4 7
7 10 0 9 1 0 13
8 15 0 4 1 9 4
23 25 0 2 1 20 1
4 10 0 9 1 0 17
1 24 0 9 1 0 13
21 0 0 7 1 4 6
4 5 0 9 1 0 17
1 13 4 10 2 0 13
10 13 0 9 1 2 9
4 16 4 10 2 0 17
12 18 0 10 1 4 7
22 0 0 7 1 4 6
13 23 10 6 5 4 2
3 12 4 10 2 0 11
3 22 9 10 3 0 11
10 16 0 9 1 2 9
2 11 0 9 1 0 5
3 8 14 7 4 0 11
16 20 0 10 1 3 7
19 23 0 2 1 18 2
