1 0 4 0 4 0 13 0
1 0 3 0 2 0 8 0
4 2 1 2 1 4 5 0
1 0 3 0 4 0 13 0
1 0 2 0 2 0 15 0
1 0 4 0 4 0 12 0
9 2 1 2 0 14 1 0
1 0 3 0 1 0 11 0
1 0 3 0 4 0 18 0
7 2 1 2 1 11 3 0
4 2 1 2 1 6 6 0
2 2 2 0 3 2 6 0
5 2 1 2 1 6 4 0
2 1 1 0 1 1 7 0
2 2 1 0 1 2 8 0
6 2 1 2 1 8 3 0
3 2 2 2 1 4 3 0
4 2 1 2 0 6 1 0
9 1 0 2 0 14 0 1
3 2 1 2 1 4 7 0
7 2 1 2 1 10 2 0
2 1 0 0 0 1 0 1
5 2 0 2 0 8 0 0
3 2 1 1 1 3 6 0
5 2 1 2 1 8 5 0
8 2 1 4 0 13 1 0
10 2 0 3 0 17 0 0
6 2 1 2 1 9 4 0
2 1 0 0 0 1 0 1
8 2 1 2 1 12 2 0
####
1 0 0 9 0 22 8 0 5 0
3 0 0 9 0 22 8 0 10 0
3 1 0 9 0 22 8 0 11 0
4 0 0 9 0 22 8 0 9 0
4 1 0 9 0 22 8 0 10 0
4 3 0 9 0 22 8 0 15 0
5 0 0 9 0 22 8 0 7 0
5 1 0 9 0 22 8 0 8 0
5 3 0 9 0 22 8 0 13 0
5 4 0 9 0 22 8 0 12 0
7 0 0 9 0 22 8 0 10 0
7 1 0 9 0 22 8 0 11 0
7 3 0 9 0 22 8 0 16 0
7 4 0 9 0 22 8 0 15 0
7 5 0 9 0 22 8 0 13 0
8 0 0 9 0 22 8 0 12 0
8 1 0 9 0 22 8 0 13 0
8 3 0 9 0 22 8 0 18 0
8 4 0 9 0 22 8 0 17 0
8 5 0 9 0 22 8 0 15 0
8 7 0 9 0 22 8 0 18 0
13 11 0 7 0 15 7 0 7 0
14 11 1 8 0 17 13 0 8 1
21 14 1 0 0 0 12 0 0 0
28 14 1 0 0 0 12 0 0 0
28 21 1 0 0 0 12 0 0 0
19 16 2 7 5 14 11 2 6 1
23 16 2 0 5 0 10 1 0 0
23 19 2 0 5 0 10 0 0 0
17 10 3 0 8 0 10 2 0 0
17 2 3 0 8 0 10 3 0 0
10 2 3 0 8 0 10 2 0 0
22 12 4 0 11 0 10 5 0 0
24 22 4 0 11 0 10 4 0 0
24 12 4 0 11 0 10 4 0 0
27 15 5 0 14 0 9 6 0 0
20 9 6 0 16 0 9 0 0 0
29 25 7 0 18 0 9 2 0 0
18 6 8 0 20 0 9 7 0 0
####
11 16 0 8 1 2 6
7 21 0 12 1 0 11
20 25 0 4 1 10 2
15 20 0 4 1 8 3
3 11 0 12 1 0 13
9 29 0 4 1 11 3
0 16 5 10 2 0 13
2 12 0 6 1 4 5
1 20 16 9 6 0 8
16 17 0 6 1 4 3
8 14 0 12 1 0 18
4 19 5 10 2 0 15
3 10 8 10 3 0 13
24 27 0 5 1 8 5
23 2 0 6 1 3 6
4 23 5 10 2 0 15
7 28 0 12 1 0 11
19 10 0 6 1 4 7
5 29 18 9 7 0 12
3 27 14 9 5 0 13
7 14 0 12 1 0 11
25 18 0 4 1 13 1
14 19 0 8 1 2 8
5 17 8 10 3 0 12
8 11 0 12 1 0 18
5 24 11 10 4 0 12
10 24 0 6 1 6 6
5 15 14 9 5 0 12
17 22 0 6 1 6 1
1 9 16 9 6 0 8
16 26 14 4 7 4 3
27 9 0 4 1 9 4
6 26 0 3 1 14 1
29 6 0 4 1 12 2
12 15 0 5 1 6 4
13 23 0 8 1 1 7
1 22 11 10 4 0 8
8 12 11 10 4 0 18
0 13 0 12 1 0 13
0 6 20 9 8 0 13
11 25 13 7 6 2 6
0 2 8 10 3 0 13
