1 0 3 0 1 0 8 0
1 0 2 0 4 0 18 0
1 0 3 0 3 0 11 0
1 0 3 0 1 0 6 0
9 2 1 2 1 14 4 0
1 0 3 0 4 0 13 0
2 1 2 0 5 1 17 0
2 1 2 0 1 1 3 0
1 0 4 0 3 0 14 0
6 2 1 2 1 6 7 0
3 1 3 1 2 2 12 0
10 2 1 3 1 15 3 0
2 1 0 0 0 1 0 1
2 2 1 0 1 2 7 0
3 2 2 1 2 3 3 0
2 1 0 0 0 1 0 1
4 1 0 1 0 3 0 1
4 2 1 1 2 4 10 0
11 2 1 2 1 16 2 0
13 2 0 2 0 19 0 0
7 2 1 4 1 10 6 0
5 2 2 2 1 5 9 0
6 2 0 2 0 7 0 0
6 2 0 2 0 8 0 0
2 1 0 0 0 1 0 1
4 2 1 2 1 5 2 0
12 2 1 3 0 18 1 0
5 2 1 4 0 6 1 0
3 1 0 1 0 2 0 1
8 2 1 2 1 12 5 0
####
1 0 0 12 0 23 7 0 16 0
2 0 0 12 0 23 7 0 12 0
2 1 0 12 0 23 7 0 18 0
3 0 0 12 0 23 7 0 9 0
3 1 0 12 0 23 7 0 15 0
3 2 0 12 0 23 7 0 11 0
5 0 0 12 0 23 7 0 15 0
5 1 0 12 0 23 7 0 21 0
5 2 0 12 0 23 7 0 17 0
5 3 0 12 0 23 7 0 14 0
8 0 0 12 0 23 7 0 12 0
8 1 0 12 0 23 7 0 18 0
8 2 0 12 0 23 7 0 14 0
8 3 0 12 0 23 7 0 11 0
8 5 0 12 0 23 7 0 17 0
7 6 0 11 0 17 7 0 11 0
13 6 0 11 0 17 7 0 16 0
13 7 0 11 0 17 7 0 7 0
13 12 1 0 0 0 12 0 0 0
15 12 1 0 0 0 12 0 0 0
15 13 1 0 0 0 12 0 0 0
14 10 2 0 6 0 9 2 0 0
17 16 3 0 9 0 9 4 0 0
25 16 3 0 9 0 9 4 0 0
25 17 3 0 9 0 9 4 0 0
27 21 4 0 12 0 8 6 0 0
22 9 5 0 14 0 9 8 0 0
23 9 5 0 14 0 9 8 0 0
23 22 5 0 14 0 9 0 0 0
####
1 21 12 8 4 0 18
5 9 14 9 5 0 13
8 13 0 12 1 0 14
10 11 11 4 7 2 12
10 17 0 6 1 2 12
2 18 21 7 10 0 11
26 19 0 2 1 18 1
18 26 0 2 1 16 2
20 29 0 2 1 10 6
21 9 0 5 1 5 9
25 27 0 5 1 5 2
1 6 0 12 1 0 18
29 4 0 2 1 12 5
6 14 0 9 1 1 17
3 24 0 12 1 0 6
8 14 6 9 2 0 14
6 10 0 9 1 1 17
14 27 3 5 2 3 3
2 13 0 12 1 0 11
7 28 0 9 1 1 3
11 18 0 2 1 15 3
13 20 11 7 5 2 7
0 29 18 7 7 0 8
8 15 0 12 1 0 14
0 22 14 9 5 0 8
27 23 0 5 1 6 1
9 20 0 4 1 6 7
5 17 9 9 3 0 13
3 19 23 7 12 0 6
0 23 14 9 5 0 8
4 11 0 2 1 14 4
7 26 16 7 10 1 3
8 12 0 12 1 0 14
21 22 0 5 1 5 9
10 16 0 6 1 2 12
14 25 0 6 1 3 3
5 7 0 12 1 0 13
17 21 0 5 1 4 10
2 25 9 9 3 0 11
3 4 19 7 8 0 6
