1 0 3 0 3 0 9 0
1 0 2 0 4 0 21 0
7 1 2 2 1 9 12 0
10 2 1 2 2 17 8 0
1 0 3 0 5 0 21 0
1 0 3 0 3 0 20 0
1 0 2 0 3 0 24 0
1 0 4 0 3 0 8 0
6 2 1 2 1 9 6 0
5 2 1 2 1 7 10 0
14 2 1 2 1 23 2 0
15 2 1 2 0 24 1 0
2 1 2 0 4 1 15 0
2 1 1 0 1 1 19 0
12 2 1 4 2 21 5 0
8 1 0 1 0 10 0 1
16 2 0 2 0 25 0 0
12 2 1 2 0 19 1 0
3 2 2 1 3 3 14 0
3 2 1 1 2 3 18 0
4 2 2 2 2 5 17 0
8 2 1 3 1 12 10 0
9 2 1 4 1 15 9 0
11 2 2 3 2 18 7 0
5 2 2 2 2 7 15 0
13 2 2 2 1 22 4 0
14 2 0 4 0 24 0 0
4 2 2 2 1 5 12 0
6 2 1 2 2 8 13 0
5 1 0 2 0 6 0 1
5 2 0 2 0 7 0 0
####
1 0 0 15 0 24 7 0 21 0
4 0 0 15 0 24 7 0 22 0
4 1 0 15 0 24 7 0 31 0
5 0 0 15 0 24 7 0 21 0
5 1 0 15 0 24 7 0 30 0
5 4 0 15 0 24 7 0 31 0
6 0 0 15 0 24 7 0 24 0
6 1 0 15 0 24 7 0 33 0
6 4 0 15 0 24 7 0 34 0
6 5 0 15 0 24 7 0 33 0
7 0 0 15 0 24 7 0 11 0
7 1 0 15 0 24 7 0 20 0
7 4 0 15 0 24 7 0 21 0
7 5 0 15 0 24 7 0 20 0
7 6 0 15 0 24 7 0 23 0
13 12 0 14 0 22 3 0 25 0
19 18 2 13 2 20 9 1 23 1
27 20 3 12 4 18 9 0 20 1
24 9 4 11 6 14 11 2 18 1
29 24 4 0 6 0 10 2 0 0
29 9 4 0 6 0 10 2 0 0
30 24 4 0 6 0 10 2 0 0
30 9 4 0 6 0 10 2 0 0
30 29 4 0 6 0 10 2 0 0
28 8 5 10 10 12 9 4 13 1
21 15 7 0 13 0 8 8 0 0
17 14 11 2 18 1 10 4 1 1
26 10 13 0 21 0 8 9 0 0
####
11 16 0 2 1 24 1
5 9 6 10 4 0 20
24 8 0 6 1 7 15
10 11 0 3 1 23 2
9 22 5 5 4 7 10
7 25 20 7 12 0 8
5 19 2 8 2 0 20
4 12 0 8 1 0 21
7 16 24 7 15 0 8
0 10 21 8 13 0 9
0 3 16 7 9 0 9
1 20 4 8 3 0 21
27 29 0 6 1 5 12
8 14 6 4 6 9 6
23 17 0 3 1 18 7
18 27 0 4 1 3 14
20 30 0 6 1 5 17
25 26 0 3 1 22 4
28 2 0 3 1 8 13
0 11 23 7 14 0 9
4 24 6 10 4 0 21
2 15 0 3 1 9 12
22 3 0 2 1 15 9
6 18 2 8 2 0 24
4 28 10 8 5 0 21
24 28 0 6 1 7 15
3 23 0 2 1 17 8
5 17 18 8 11 0 20
12 18 0 4 1 1 15
23 14 0 3 1 18 7
13 19 0 4 1 1 19
18 21 9 4 5 3 14
27 9 0 6 1 5 12
19 20 0 4 1 3 18
25 10 0 3 1 22 4
20 24 0 6 1 5 17
21 22 0 3 1 12 10
14 25 0 3 1 21 5
1 27 4 8 3 0 21
2 21 0 3 1 9 12
7 30 6 10 4 0 8
6 13 0 8 1 0 24
17 26 1 4 2 19 1
12 23 15 3 9 1 15
7 8 10 8 5 0 8
