1 0 2 0 0 0 2 0
1 0 3 0 4 0 15 0
1 0 2 0 3 0 11 0
1 0 2 0 2 0 5 0
1 0 3 0 2 0 10 0
1 0 2 0 3 0 17 0
1 0 3 0 4 0 13 0
8 2 1 2 2 15 4 0
2 1 2 0 2 1 12 0
4 2 1 2 2 5 8 0
2 1 2 0 3 1 14 0
6 2 1 2 1 8 6 0
3 1 2 1 4 2 10 0
3 2 1 1 1 3 2 0
2 1 0 0 0 1 0 1
2 1 0 0 0 1 0 1
4 2 1 2 0 5 1 0
4 2 1 2 0 5 1 0
9 2 2 3 1 16 3 0
4 2 2 1 2 4 9 0
10 2 0 4 0 18 0 0
5 2 0 2 0 7 0 0
3 1 0 1 0 2 0 1
3 2 2 1 2 3 10 0
5 2 2 2 1 7 7 0
5 2 1 2 0 5 1 0
6 1 0 2 0 8 0 1
5 2 1 2 1 6 7 0
11 2 0 4 0 20 0 0
7 2 1 3 1 14 5 0
10 2 1 2 0 17 1 0
####
2 1 0 10 0 23 8 0 17 0
3 1 0 10 0 23 8 0 10 0
3 2 0 10 0 23 8 0 9 0
4 1 0 10 0 23 8 0 15 0
4 2 0 10 0 23 8 0 14 0
4 3 0 10 0 23 8 0 7 0
5 1 0 10 0 23 8 0 20 0
5 2 0 10 0 23 8 0 19 0
5 3 0 10 0 23 8 0 12 0
5 4 0 10 0 23 8 0 17 0
6 1 0 10 0 23 8 0 18 0
6 2 0 10 0 23 8 0 17 0
6 3 0 10 0 23 8 0 10 0
6 4 0 10 0 23 8 0 15 0
6 5 0 10 0 23 8 0 20 0
10 8 0 9 0 19 5 0 16 0
15 14 1 0 0 0 11 0 0 0
22 12 2 0 4 0 11 2 0 0
23 12 0 8 0 15 5 0 14 0
23 13 2 0 4 0 11 2 0 0
17 9 3 0 8 0 11 4 0 0
17 16 3 0 8 0 11 1 0 0
19 17 3 0 8 0 11 2 0 0
19 9 3 7 8 11 12 0 11 1
19 16 0 7 0 11 5 0 6 0
16 9 3 7 8 11 12 2 5 1
24 21 4 0 12 0 11 0 0 0
25 21 4 0 12 0 11 4 0 0
25 24 4 5 12 5 13 2 3 1
27 21 4 0 12 0 11 4 0 0
27 24 4 6 12 7 12 3 9 1
27 25 4 5 12 5 13 6 4 1
26 11 5 0 16 0 9 1 0 0
30 20 9 0 21 0 9 17 0 0
####
6 9 8 11 3 0 13
0 14 0 11 1 0 2
1 17 8 11 3 0 15
24 26 0 6 1 7 7
16 28 11 5 7 5 1
13 17 0 8 1 3 2
27 11 0 6 1 6 7
18 30 0 3 1 16 3
1 25 12 11 4 0 15
0 15 0 11 1 0 2
2 23 4 11 2 0 11
30 28 0 3 1 17 1
19 25 0 8 1 4 9
4 24 12 11 4 0 10
3 16 8 11 3 0 5
9 24 0 8 1 5 8
18 20 0 3 1 16 3
29 7 0 2 1 14 5
23 16 0 8 1 3 10
3 13 4 11 2 0 5
10 13 0 8 1 1 14
7 18 0 2 1 15 4
6 30 21 9 9 0 13
12 18 12 5 6 2 10
10 23 0 8 1 1 14
4 11 16 9 5 0 10
6 19 8 11 3 0 13
2 7 19 8 7 0 11
24 29 2 5 2 7 7
5 10 0 11 1 0 17
8 12 0 8 1 1 12
8 22 0 8 1 1 12
19 27 0 8 1 4 9
12 19 0 8 1 2 10
23 9 0 8 1 3 10
11 29 0 3 1 8 6
17 21 0 8 1 5 1
1 8 0 11 1 0 15
25 20 5 6 5 5 1
5 27 12 11 4 0 17
4 21 12 11 4 0 10
