1 0 4 0 5 0 11 0
1 0 4 0 4 0 17 0
1 0 2 0 3 0 14 0
1 0 2 0 3 0 7 0
2 1 1 0 1 1 5 0
4 2 1 2 2 4 8 0
3 1 0 2 0 3 0 1
1 0 3 0 4 0 10 0
5 2 2 2 2 6 7 0
6 2 2 2 1 8 5 0
2 1 2 0 3 1 16 0
4 2 1 3 1 6 4 0
7 2 1 2 1 9 3 0
7 2 0 4 0 13 0 0
3 2 1 1 2 3 4 0
9 2 1 2 0 15 1 0
4 2 2 2 1 4 3 0
2 2 1 0 0 2 1 0
5 2 1 2 0 5 1 0
10 1 0 2 0 16 0 1
5 2 1 2 1 8 3 0
6 1 0 2 0 7 0 1
3 2 2 1 2 3 11 0
5 2 0 2 0 5 0 0
8 2 1 4 1 14 2 0
####
1 0 0 9 0 19 6 0 15 0
2 0 0 9 0 19 6 0 14 0
2 1 0 9 0 19 6 0 19 0
3 0 0 9 0 19 6 0 10 0
3 1 0 9 0 19 6 0 15 0
3 2 0 9 0 19 6 0 14 0
7 0 0 9 0 19 6 0 10 0
7 1 0 9 0 19 6 0 15 0
7 2 0 9 0 19 6 0 14 0
7 3 0 9 0 19 6 0 10 0
10 4 0 8 0 16 4 0 13 0
22 14 2 4 3 9 10 2 5 1
22 6 2 0 3 0 8 1 0 0
16 5 3 3 6 6 10 4 3 1
16 11 3 0 6 0 8 2 0 0
11 5 3 6 6 10 9 4 8 1
18 8 4 2 9 2 11 6 1 1
20 18 4 0 9 0 9 4 0 0
20 8 4 5 9 6 10 6 6 1
23 18 4 0 9 0 9 4 0 0
23 8 4 0 9 0 9 6 0 0
23 20 4 0 9 0 9 4 0 0
21 9 5 0 13 0 7 8 0 0
13 12 6 0 15 0 7 13 0 0
####
0 14 3 8 2 0 11
8 9 0 6 1 6 7
0 16 6 8 3 0 11
2 22 3 8 2 0 14
15 19 0 2 1 15 1
5 8 0 7 1 4 8
17 6 0 6 1 2 1
7 15 18 6 8 0 10
3 20 9 9 4 0 7
12 24 0 3 1 9 3
1 5 6 8 3 0 17
0 4 0 8 1 0 11
1 10 0 8 1 0 17
10 22 0 6 1 1 16
16 18 0 7 1 4 3
18 13 2 6 2 5 1
1 23 9 9 4 0 17
8 21 0 6 1 6 7
0 18 9 9 4 0 11
24 15 0 2 1 14 2
16 23 0 7 1 4 3
3 9 13 7 5 0 7
22 11 0 6 1 3 11
4 11 3 6 2 1 5
2 17 0 8 1 0 14
9 13 0 4 1 8 5
14 16 0 6 1 3 4
1 12 15 7 6 0 17
20 24 4 5 3 8 3
22 5 0 6 1 3 11
10 14 0 6 1 1 16
11 20 0 7 1 6 4
7 17 0 8 1 0 10
7 8 9 9 4 0 10
9 12 0 4 1 8 5
