1 0 4 0 2 0 9 0
1 0 2 0 2 0 6 0
1 0 3 0 4 0 13 0
1 0 4 0 3 0 6 0
4 2 1 2 1 4 7 0
1 0 3 0 3 0 11 0
6 2 1 2 1 9 5 0
4 2 1 2 0 4 1 0
8 2 1 2 1 13 3 0
1 0 3 0 6 0 19 0
2 1 2 0 1 1 9 0
2 1 2 0 2 1 5 0
9 2 1 4 1 15 2 0
3 2 1 1 1 3 2 0
5 1 0 2 0 5 0 1
2 1 3 0 4 1 12 0
3 2 1 1 0 3 1 0
4 2 1 2 0 4 1 0
3 2 1 1 1 3 2 0
4 2 0 2 0 5 0 0
3 2 1 1 1 2 8 0
5 2 0 2 0 6 0 0
5 2 1 3 1 7 6 0
3 2 2 1 2 3 6 0
11 2 0 3 0 18 0 0
10 2 1 2 0 17 1 0
7 2 1 4 1 11 4 0
2 1 0 0 0 1 0 1
2 1 0 0 0 1 0 1
4 2 1 2 1 5 3 0
####
1 0 0 10 0 23 7 0 9 0
2 0 0 10 0 23 7 0 15 0
2 1 0 10 0 23 7 0 12 0
3 0 0 10 0 23 7 0 7 0
3 1 0 10 0 23 7 0 4 0
3 2 0 10 0 23 7 0 10 0
5 0 0 10 0 23 7 0 15 0
5 1 0 10 0 23 7 0 12 0
5 2 0 10 0 23 7 0 18 0
5 3 0 10 0 23 7 0 10 0
9 0 0 10 0 23 7 0 15 0
9 1 0 10 0 23 7 0 12 0
9 2 0 10 0 23 7 0 18 0
9 3 0 10 0 23 7 0 10 0
9 5 0 10 0 23 7 0 18 0
15 10 0 9 0 18 6 0 16 0
15 11 1 0 0 0 11 0 0 0
16 13 2 0 5 0 11 2 0 0
18 13 2 0 5 0 11 2 0 0
18 16 2 0 5 0 11 2 0 0
23 13 2 0 5 0 11 2 0 0
23 16 2 0 5 0 11 2 0 0
23 18 2 0 5 0 11 2 0 0
23 20 0 8 0 13 6 0 12 0
17 7 3 0 10 0 11 4 0 0
17 4 3 0 10 0 11 1 0 0
19 17 3 0 10 0 11 4 0 0
19 7 3 0 10 0 11 4 0 0
19 4 3 0 10 0 11 2 0 0
29 17 3 0 10 0 11 2 0 0
29 7 3 0 10 0 11 4 0 0
29 19 3 0 10 0 11 4 0 0
29 4 3 7 10 8 12 1 8 1
21 14 4 0 15 0 9 6 0 0
22 14 4 0 15 0 9 4 0 0
22 21 4 0 15 0 9 3 0 0
####
11 16 0 10 1 1 5
0 27 0 11 1 0 9
3 25 22 7 9 0 6
5 19 10 11 3 0 11
13 17 0 10 1 3 2
3 28 0 11 1 0 6
4 22 0 8 1 4 7
23 26 9 6 4 3 6
22 6 0 4 1 7 6
3 7 10 11 3 0 6
0 21 15 9 4 0 9
15 23 0 10 1 1 12
9 15 0 11 1 0 19
1 16 5 11 2 0 6
2 23 5 11 2 0 13
26 8 0 2 1 11 4
2 13 5 11 2 0 13
9 11 0 11 1 0 19
29 12 6 6 5 5 3
9 17 10 11 3 0 19
15 18 0 10 1 1 12
20 4 0 10 1 2 8
0 29 10 11 3 0 9
11 13 0 10 1 1 5
7 14 0 8 1 4 1
15 22 10 8 3 1 12
23 29 0 10 1 3 6
12 25 0 2 1 15 2
10 24 18 6 9 1 9
16 19 0 10 1 3 1
6 26 0 2 1 9 5
5 10 0 11 1 0 11
8 12 0 2 1 13 3
25 24 0 2 1 17 1
18 7 0 10 1 3 2
17 21 0 8 1 4 1
5 20 5 11 2 0 11
1 8 20 7 7 0 6
3 18 5 11 2 0 6
10 20 0 10 1 1 9
0 6 18 7 5 0 9
2 4 10 11 3 0 13
