1 0 2 0 4 0 15 0
1 0 3 0 4 0 14 0
1 0 2 0 1 0 5 0
1 0 2 0 3 0 7 0
1 0 3 0 4 0 7 0
1 0 2 0 3 0 8 0
2 1 0 0 0 1 0 1
2 1 1 0 0 1 1 0
4 2 1 2 1 4 6 0
6 2 1 2 1 8 4 0
1 0 3 0 2 0 9 0
5 2 1 2 0 7 1 0
6 2 0 3 0 10 0 0
2 1 3 0 4 1 14 0
2 1 2 0 2 1 7 0
7 2 1 4 2 9 3 0
3 2 1 1 1 3 2 0
3 2 1 1 2 3 3 0
8 2 2 2 0 11 2 0
3 2 1 1 1 3 3 0
9 2 0 4 0 17 0 0
5 1 0 2 0 6 0 1
3 2 2 1 2 3 7 0
4 2 2 2 0 5 2 0
9 2 0 4 0 15 0 0
4 2 1 3 1 6 2 0
2 2 1 0 1 2 2 0
4 2 1 4 0 7 1 0
2 1 0 0 0 1 0 1
5 2 1 2 1 6 5 0
####
1 0 0 8 0 21 9 0 15 0
2 0 0 8 0 21 9 0 11 0
2 1 0 8 0 21 9 0 8 0
3 0 0 8 0 21 9 0 13 0
3 1 0 8 0 21 9 0 10 0
3 2 0 8 0 21 9 0 6 0
4 0 0 8 0 21 9 0 10 0
4 1 0 8 0 21 9 0 7 0
4 2 0 8 0 21 9 0 3 0
4 3 0 8 0 21 9 0 5 0
5 0 0 8 0 21 9 0 10 0
5 1 0 8 0 21 9 0 11 0
5 3 0 8 0 21 9 0 6 0
5 4 0 8 0 21 9 0 6 0
10 0 0 8 0 21 9 0 13 0
10 1 0 8 0 21 9 0 10 0
10 2 0 8 0 21 9 0 6 0
10 3 0 8 0 21 9 0 8 0
10 4 0 8 0 21 9 0 5 0
10 5 0 8 0 21 9 0 9 0
13 7 0 4 0 11 8 0 2 0
14 7 0 4 0 11 8 0 3 0
14 13 0 7 0 15 8 0 8 0
26 7 1 0 0 0 13 0 0 0
26 13 0 7 0 15 8 0 7 0
26 14 0 7 0 15 8 0 3 0
28 26 1 0 0 0 13 0 0 0
19 16 2 0 6 0 11 0 0 0
22 16 2 6 6 11 13 0 6 1
22 17 2 6 6 11 13 2 6 1
22 19 2 0 6 0 11 0 0 0
23 8 3 5 10 7 13 4 4 1
25 8 3 0 10 0 11 3 0 0
25 23 3 0 10 0 11 3 0 0
27 8 3 5 10 7 13 2 4 1
27 25 3 0 10 0 11 2 0 0
21 11 4 0 14 0 10 5 0 0
29 21 4 0 14 0 10 6 0 0
29 11 4 0 14 0 10 5 0 0
12 9 5 0 17 0 9 7 0 0
24 20 8 0 21 0 9 16 0 0
####
13 22 0 10 1 1 14
4 7 0 13 1 0 7
7 12 11 8 4 1 1
29 9 0 5 1 6 5
4 18 20 8 7 0 7
13 17 0 10 1 1 14
10 26 0 13 1 0 9
27 20 7 6 5 7 1
9 15 0 3 1 8 4
13 25 4 10 2 1 14
1 16 6 11 2 0 14
23 21 0 7 1 5 2
19 25 0 8 1 3 3
8 29 0 7 1 4 6
15 18 0 2 1 9 3
17 23 0 8 1 3 3
18 20 0 3 1 11 2
2 6 0 13 1 0 5
25 11 0 7 1 6 2
5 11 14 10 4 0 8
14 19 0 10 1 1 7
18 24 0 3 1 11 2
3 23 10 11 3 0 7
22 15 9 5 4 3 7
3 9 17 9 5 0 7
1 19 6 11 2 0 14
0 8 10 11 3 0 15
11 12 0 5 1 7 1
23 24 7 6 5 5 2
2 17 6 11 2 0 5
10 28 0 13 1 0 9
1 22 6 11 2 0 14
26 27 4 10 2 2 2
14 16 0 10 1 1 7
0 13 0 13 1 0 15
5 14 0 13 1 0 8
4 26 0 13 1 0 7
16 27 0 8 1 3 2
22 8 0 8 1 3 7
10 29 14 10 4 0 9
