1 0 3 0 3 0 9 0
1 0 3 0 2 0 12 0
1 0 2 0 1 0 3 0
1 0 1 0 1 0 7 0
1 0 2 0 1 0 8 0
1 0 2 0 2 0 11 0
6 1 2 2 1 9 3 0
7 2 1 2 1 11 2 0
1 0 2 0 0 0 2 0
1 0 3 0 4 0 13 0
1 0 3 0 3 0 17 0
1 0 2 0 1 0 3 0
2 2 0 0 0 2 0 0
7 1 0 1 0 10 0 1
3 2 1 2 1 4 6 0
2 2 1 0 1 2 7 0
2 1 2 0 1 1 3 0
3 2 1 2 1 4 6 0
2 2 1 0 0 2 1 0
4 2 1 2 1 6 5 0
7 2 1 2 0 11 1 0
2 2 1 0 1 2 2 0
2 1 0 0 0 1 0 1
5 2 1 2 1 8 4 0
4 2 1 2 1 6 5 0
8 1 0 2 0 12 0 1
8 2 1 4 0 13 1 0
6 2 1 2 1 9 3 0
3 2 0 2 0 4 0 0
9 1 0 2 0 14 0 1
2 1 0 0 0 1 0 1
5 2 1 2 2 8 4 0
3 2 0 1 0 3 0 0
2 2 1 0 1 2 7 0
####
1 0 0 8 0 23 11 0 12 0
3 1 0 7 0 21 12 0 9 0
4 0 0 8 0 23 11 0 14 0
4 1 0 8 0 23 11 0 10 0
4 2 0 2 0 8 14 0 1 0
5 0 0 8 0 23 11 0 10 0
5 1 0 8 0 23 11 0 6 0
5 3 0 7 0 21 12 0 11 0
5 4 0 8 0 23 11 0 8 0
9 0 0 8 0 23 11 0 13 0
9 1 0 8 0 23 11 0 9 0
9 2 0 2 0 8 14 0 1 0
9 3 0 7 0 21 12 0 9 0
9 4 0 8 0 23 11 0 11 0
9 5 0 8 0 23 11 0 7 0
10 0 0 8 0 23 11 0 16 0
10 1 0 8 0 23 11 0 12 0
10 3 0 7 0 21 12 0 11 0
10 4 0 8 0 23 11 0 14 0
10 5 0 8 0 23 11 0 10 0
10 9 0 8 0 23 11 0 13 0
11 1 0 1 0 0 18 0 0 0
11 2 0 2 0 8 14 0 2 0
11 4 0 2 0 8 14 0 1 0
18 12 1 0 0 0 18 0 0 0
21 15 1 7 0 15 19 0 7 1
30 22 1 0 0 0 18 0 0 0
33 15 1 0 0 0 18 0 0 0
33 16 0 6 0 13 10 0 6 0
33 21 1 0 0 0 18 0 0 0
17 14 2 0 8 0 14 2 0 0
28 17 2 0 8 0 14 0 0 0
32 28 2 0 8 0 14 1 0 0
24 19 3 0 12 0 12 4 0 0
31 23 4 0 14 0 12 1 0 0
27 6 5 0 16 0 12 3 0 0
13 7 6 0 18 0 13 5 0 0
20 7 6 0 18 0 13 5 0 0
20 13 6 0 18 0 13 6 0 0
26 25 7 0 21 0 12 7 0 0
####
31 6 0 4 1 8 4
0 27 16 12 5 0 9
20 25 0 5 1 11 1
2 18 0 18 1 0 3
10 15 0 18 1 0 17
19 23 0 4 1 6 5
10 21 0 18 1 0 17
3 14 8 14 2 0 7
24 31 0 4 1 6 5
0 21 0 18 1 0 9
0 15 0 18 1 0 9
26 29 0 3 1 13 1
16 32 0 12 1 1 3
23 27 0 4 1 8 4
11 18 0 18 1 0 3
1 24 12 12 3 0 12
17 19 0 6 1 4 6
21 26 13 10 6 2 2
4 28 8 14 2 0 8
1 23 14 12 4 0 12
33 14 0 12 1 2 7
14 24 0 6 1 4 6
2 32 8 14 2 0 3
9 16 0 18 1 0 13
8 30 0 18 1 0 2
18 28 0 12 1 2 1
9 31 14 12 4 0 13
11 12 0 18 1 0 3
15 17 0 12 1 2 7
1 12 0 18 1 0 12
7 26 0 5 1 11 2
8 22 0 18 1 0 2
5 7 18 13 6 0 11
4 17 8 14 2 0 8
6 20 0 5 1 9 3
27 7 0 5 1 9 3
10 33 0 18 1 0 17
16 20 10 11 5 1 3
6 13 0 5 1 9 3
5 33 0 18 1 0 11
9 19 12 12 3 0 13
