1 0 3 0 3 0 20 0
1 0 3 0 1 0 17 0
1 0 2 0 3 0 18 0
8 2 1 2 1 17 3 0
1 0 4 0 4 0 23 0
5 2 1 2 2 6 4 0
6 1 2 2 4 12 11 0
4 1 2 2 1 4 13 0
1 0 4 0 4 0 13 0
1 0 4 0 2 0 8 0
9 2 1 4 1 19 2 0
1 0 2 0 3 0 24 0
1 0 2 0 2 0 11 0
2 1 0 0 0 1 0 1
10 2 0 2 0 21 0 0
2 2 0 0 0 2 0 0
8 2 1 2 2 17 4 0
4 2 1 2 2 5 3 0
2 1 2 0 2 1 17 0
2 2 2 0 3 2 9 0
2 1 1 0 2 1 22 0
3 2 2 1 3 3 21 0
4 2 2 2 3 5 18 0
5 2 2 2 1 6 4 0
6 2 1 2 1 8 2 0
7 2 2 3 0 16 2 0
7 2 1 2 0 10 1 0
3 2 1 2 1 3 3 0
7 2 2 3 2 16 7 0
4 2 1 2 1 4 5 0
5 2 1 3 2 11 12 0
2 1 0 0 0 1 0 1
8 1 0 2 0 17 0 1
3 2 1 1 2 3 14 0
9 2 2 3 1 20 3 0
11 2 0 3 0 25 0 0
6 1 0 2 0 7 0 1
2 1 0 0 0 1 0 1
8 1 0 2 0 17 0 1
8 2 0 2 0 11 0 0
3 2 1 1 1 3 4 0
10 2 1 4 0 24 1 0
####
1 0 0 10 0 33 9 0 20 0
2 0 0 10 0 33 9 0 21 0
2 1 0 10 0 33 9 0 21 0
4 0 0 10 0 33 9 0 23 0
4 1 0 10 0 33 9 0 23 0
4 2 0 10 0 33 9 0 24 0
8 0 0 10 0 33 9 0 18 0
8 1 0 10 0 33 9 0 18 0
8 2 0 10 0 33 9 0 19 0
8 4 0 10 0 33 9 0 21 0
9 0 0 7 0 24 13 0 5 0
9 1 0 7 0 24 13 0 7 0
9 2 0 7 0 24 13 0 10 0
9 4 0 7 0 24 13 0 7 0
9 8 0 7 0 24 13 0 3 0
11 0 0 10 0 33 9 0 22 0
11 1 0 10 0 33 9 0 22 0
11 2 0 10 0 33 9 0 23 0
11 4 0 10 0 33 9 0 25 0
11 8 0 10 0 33 9 0 20 0
11 9 0 7 0 24 13 0 6 0
12 0 0 10 0 33 9 0 18 0
12 1 0 10 0 33 9 0 18 0
12 2 0 10 0 33 9 0 19 0
12 4 0 10 0 33 9 0 21 0
12 8 0 10 0 33 9 0 16 0
12 9 0 1 0 0 15 0 0 0
12 11 0 10 0 33 9 0 20 0
19 15 1 0 0 0 15 0 0 0
19 18 0 9 0 26 8 0 17 0
20 18 0 9 0 26 8 0 22 0
20 19 0 9 0 26 8 0 19 0
31 15 1 0 0 0 15 0 0 0
37 13 1 0 0 0 15 0 0 0
27 21 0 8 0 22 5 0 13 0
33 21 0 8 0 22 5 0 20 0
33 27 0 8 0 22 5 0 11 0
40 21 2 5 7 13 17 0 6 1
40 33 2 5 7 13 17 2 6 1
22 7 0 7 0 18 5 0 16 0
22 17 3 4 11 9 17 2 4 1
29 22 3 7 11 18 13 2 11 1
29 7 0 7 0 18 5 0 11 0
29 17 3 0 11 0 12 2 0 0
17 7 3 4 11 9 17 4 4 1
23 5 4 0 15 0 11 1 0 0
30 23 4 0 15 0 11 2 0 0
30 5 4 6 15 15 12 1 9 1
24 6 5 0 18 0 11 4 0 0
36 24 5 0 18 0 11 4 0 0
36 6 5 0 18 0 11 4 0 0
26 25 6 0 21 0 11 6 0 0
28 26 6 0 21 0 11 6 0 0
28 25 6 0 21 0 11 6 0 0
16 3 7 3 24 4 14 8 4 1
39 3 7 0 24 0 13 8 0 0
39 16 7 0 24 0 13 8 0 0
39 32 7 0 24 0 13 8 0 0
39 38 7 0 24 0 13 8 0 0
32 3 7 0 24 0 13 8 0 0
32 16 7 0 24 0 13 8 0 0
38 3 7 0 24 0 13 8 0 0
38 16 7 0 24 0 13 8 0 0
38 32 7 0 24 0 13 8 0 0
34 10 8 2 29 2 11 11 2 1
41 14 9 0 31 0 10 16 0 0
####
9 26 21 11 6 0 8
22 23 0 7 1 5 18
2 18 0 15 1 0 18
11 40 7 12 2 0 24
6 28 0 6 1 12 11
24 26 0 6 1 8 2
1 37 0 15 1 0 17
8 19 0 15 1 0 13
0 16 24 13 7 0 20
25 32 0 8 1 16 2
17 25 6 7 3 5 3
33 7 0 8 1 3 14
26 39 0 8 1 10 1
1 33 7 12 2 0 17
23 36 0 6 1 6 4
8 14 31 10 9 0 13
8 24 18 11 5 0 13
9 15 0 15 1 0 8
20 21 0 11 1 1 22
3 10 0 7 1 17 3
4 23 15 11 4 0 23
27 10 18 6 6 3 3
6 25 0 6 1 12 11
9 17 11 12 3 0 8
0 22 11 12 3 0 20
19 28 14 10 5 2 9
28 16 0 8 1 16 7
1 13 0 15 1 0 17
41 35 0 3 1 24 1
25 38 0 8 1 16 2
28 3 0 8 1 16 7
0 5 15 11 4 0 20
2 3 24 13 7 0 18
9 31 0 15 1 0 8
11 21 7 12 2 0 24
4 20 0 15 1 0 23
5 34 11 5 4 6 4
23 24 0 6 1 6 4
10 41 0 4 1 19 2
30 6 0 6 1 11 12
4 29 11 12 3 0 23
7 35 18 5 7 4 13
12 15 0 15 1 0 11
4 39 24 13 7 0 23
34 41 0 4 1 20 3
21 22 0 8 1 3 21
19 27 0 11 1 2 9
12 19 0 15 1 0 11
16 34 0 7 1 17 4
21 29 0 8 1 3 21
7 30 0 7 1 4 13
40 17 0 8 1 3 4
18 40 0 11 1 1 17
8 27 7 12 2 0 13
34 14 0 4 1 20 3
29 5 0 7 1 4 5
18 33 0 11 1 1 17
22 30 0 7 1 5 18
