1 0 3 0 3 0 12 0
1 0 3 0 2 0 11 0
1 0 3 0 3 0 10 0
11 2 1 2 0 16 1 0
1 0 2 0 1 0 4 0
1 0 3 0 1 0 13 0
1 0 3 0 3 0 9 0
9 2 1 2 1 13 3 0
7 2 1 2 1 11 5 0
2 1 0 0 0 1 0 1
2 1 0 0 0 1 0 1
2 1 3 0 2 1 10 0
3 2 0 1 0 2 0 0
3 2 1 1 0 3 1 0
2 1 1 0 1 1 10 0
3 2 1 1 1 3 9 0
4 2 1 2 1 5 8 0
5 2 1 2 1 7 7 0
8 2 1 2 1 12 4 0
4 2 0 2 0 5 0 0
2 1 0 0 0 1 0 1
10 2 1 2 1 15 2 0
2 1 0 0 0 1 0 1
6 2 1 3 1 10 6 0
12 1 0 2 0 17 0 1
####
1 0 0 11 0 18 7 0 14 0
2 0 0 11 0 18 7 0 16 0
2 1 0 11 0 18 7 0 16 0
4 0 0 11 0 18 7 0 9 0
4 1 0 11 0 18 7 0 9 0
4 2 0 11 0 18 7 0 11 0
5 0 0 11 0 18 7 0 17 0
5 1 0 11 0 18 7 0 17 0
5 2 0 11 0 18 7 0 19 0
5 4 0 11 0 18 7 0 12 0
6 0 0 11 0 18 7 0 15 0
6 1 0 11 0 18 7 0 15 0
6 2 0 11 0 18 7 0 17 0
6 4 0 11 0 18 7 0 10 0
6 5 0 11 0 18 7 0 18 0
11 10 1 0 0 0 12 0 0 0
14 9 1 0 0 0 12 0 0 0
14 11 0 10 0 12 7 0 15 0
22 9 1 0 0 0 12 0 0 0
22 14 1 0 0 0 12 0 0 0
13 12 2 0 6 0 9 2 0 0
####
5 9 0 12 1 0 13
7 21 0 2 1 13 3
2 8 13 7 6 0 10
23 8 0 2 1 10 6
1 17 11 7 4 0 11
11 23 6 7 4 1 10
0 10 0 12 1 0 12
1 20 0 12 1 0 11
3 24 0 2 1 16 1
16 17 0 3 1 5 8
6 7 15 7 8 0 9
4 19 9 8 3 0 4
0 11 0 12 1 0 12
17 23 0 2 1 7 7
5 22 0 12 1 0 13
11 13 0 9 1 1 10
6 18 14 7 7 0 9
1 13 6 9 2 0 11
4 21 16 7 9 0 4
0 12 6 9 2 0 12
2 3 17 7 10 0 10
14 15 0 9 1 1 10
13 19 0 5 1 3 1
11 12 0 9 1 1 10
21 3 0 2 1 15 2
18 7 0 2 1 12 4
5 14 0 12 1 0 13
8 18 0 2 1 11 5
2 15 6 9 2 0 10
15 16 0 5 1 3 9
6 16 9 8 3 0 9
