1 0 2 0 2 0 12 0
1 0 4 0 5 0 23 0
1 0 2 0 1 0 11 0
1 0 2 0 3 0 7 0
1 0 4 0 3 0 10 0
1 0 2 0 3 0 20 0
8 2 1 2 2 12 3 0
6 2 1 2 2 8 8 0
8 2 1 2 0 11 1 0
1 0 2 0 0 0 2 0
9 2 1 2 1 12 3 0
1 0 2 0 2 0 24 0
2 1 2 0 3 1 23 0
5 2 1 2 2 6 9 0
7 1 2 2 2 9 7 0
3 2 2 1 2 3 22 0
6 2 2 2 2 8 8 0
9 1 2 2 0 13 2 0
7 2 0 2 0 10 0 0
10 2 1 3 1 13 2 0
8 2 1 1 0 11 1 0
10 1 0 1 0 14 0 1
4 2 1 2 1 5 10 0
7 2 2 2 2 10 6 0
11 2 1 2 0 15 1 0
4 2 1 2 1 4 10 0
9 1 0 2 0 12 0 1
9 2 0 2 0 12 0 0
2 1 0 0 0 1 0 1
2 1 0 0 0 1 0 1
10 1 0 1 0 14 0 1
8 2 1 1 1 10 4 0
5 2 1 2 1 7 9 0
12 2 0 2 0 16 0 0
####
1 0 0 11 0 25 9 0 10 0
2 0 0 11 0 25 9 0 8 0
2 1 0 11 0 25 9 0 16 0
3 0 0 9 0 21 11 0 8 0
3 1 0 9 0 21 11 0 10 0
4 0 0 11 0 25 9 0 4 0
4 1 0 11 0 25 9 0 12 0
4 2 0 11 0 25 9 0 10 0
4 3 0 9 0 21 11 0 5 0
5 0 0 11 0 25 9 0 9 0
5 1 0 11 0 25 9 0 17 0
5 2 0 11 0 25 9 0 15 0
5 3 0 9 0 21 11 0 7 0
5 4 0 11 0 25 9 0 11 0
9 0 0 6 0 10 11 0 2 0
9 1 0 6 0 10 11 0 4 0
9 5 0 6 0 10 11 0 1 0
11 0 0 11 0 25 9 0 11 0
11 1 0 11 0 25 9 0 19 0
11 2 0 11 0 25 9 0 17 0
11 3 0 9 0 21 11 0 11 0
11 4 0 11 0 25 9 0 13 0
11 5 0 11 0 25 9 0 18 0
11 9 0 6 0 10 11 0 5 0
25 22 3 0 4 0 10 2 0 0
32 13 4 0 6 0 10 4 0 0
16 7 5 0 8 0 10 6 0 0
18 14 6 0 10 0 11 8 0 0
23 18 6 0 10 0 11 4 0 0
23 14 6 0 10 0 11 8 0 0
8 6 7 0 13 0 12 6 0 0
20 6 7 0 13 0 12 10 0 0
20 8 7 0 13 0 12 10 0 0
31 6 7 0 13 0 12 10 0 0
31 8 7 0 13 0 12 10 0 0
31 20 7 0 13 0 12 10 0 0
17 10 8 0 17 0 12 12 0 0
26 17 8 0 17 0 12 8 0 0
26 10 8 0 17 0 12 12 0 0
27 17 8 0 17 0 12 12 0 0
27 26 8 0 17 0 12 12 0 0
27 10 8 0 17 0 12 12 0 0
21 19 9 0 21 0 11 14 0 0
30 21 9 0 21 0 11 10 0 0
30 19 9 0 21 0 11 14 0 0
####
23 8 0 7 1 10 6
4 27 17 12 8 0 10
1 15 3 9 2 0 23
9 29 0 11 1 0 2
9 18 10 11 6 0 2
24 33 0 2 1 15 1
6 17 0 8 1 12 3
14 31 0 7 1 9 7
1 25 4 10 3 0 23
0 24 24 9 10 0 12
13 16 0 4 1 6 9
32 7 0 4 1 7 9
5 22 4 10 3 0 20
23 6 0 7 1 10 6
16 18 0 5 1 8 8
20 27 0 8 1 11 1
4 10 17 12 8 0 10
7 14 0 5 1 8 8
15 22 0 3 1 3 22
15 25 0 3 1 3 22
3 23 10 11 6 0 7
10 19 0 7 1 12 3
16 23 0 5 1 8 8
19 24 0 4 1 13 2
2 32 6 10 4 0 11
11 33 25 9 11 0 24
14 20 0 7 1 9 7
4 20 13 12 7 0 10
11 12 0 11 1 0 24
8 26 0 8 1 11 1
31 10 0 8 1 10 4
1 31 13 12 7 0 23
12 15 0 4 1 1 23
4 6 13 12 7 0 10
5 16 8 10 5 0 20
2 28 0 11 1 0 11
17 30 0 7 1 13 2
0 13 6 10 4 0 12
12 19 18 6 8 1 23
3 8 13 12 7 0 7
17 21 0 7 1 13 2
25 13 0 4 1 4 10
1 7 8 10 5 0 23
22 32 0 4 1 5 10
