1 0 4 0 4 0 10 0
1 0 4 0 3 0 12 0
4 1 2 2 2 5 4 0
1 0 3 0 4 0 11 0
1 0 3 0 4 0 12 0
2 1 1 0 0 1 1 0
1 0 2 0 3 0 9 0
1 0 4 0 7 0 16 0
4 2 1 2 0 5 1 0
2 2 2 0 1 2 4 0
3 2 1 2 0 4 1 0
2 1 0 0 0 1 0 1
9 2 1 3 0 17 1 0
2 1 1 0 1 1 8 0
2 2 1 0 0 2 1 0
3 2 1 1 1 2 7 0
2 2 2 0 3 2 8 0
6 2 0 4 0 10 0 0
5 2 1 2 1 6 5 0
2 2 2 0 1 2 3 0
6 2 1 2 1 8 4 0
7 2 1 2 1 9 3 0
5 2 0 4 0 8 0 0
5 2 1 3 0 6 1 0
3 1 0 2 0 3 0 1
3 1 0 1 0 2 0 1
8 2 1 4 1 12 2 0
4 2 1 2 1 4 6 0
3 2 2 2 3 4 7 0
3 1 0 2 0 3 0 1
10 2 0 2 0 18 0 0
####
1 0 0 9 0 24 7 0 13 0
3 0 0 9 0 24 7 0 8 0
3 1 0 9 0 24 7 0 11 0
4 0 0 9 0 24 7 0 12 0
4 1 0 9 0 24 7 0 15 0
4 3 0 9 0 24 7 0 10 0
6 0 0 9 0 24 7 0 12 0
6 1 0 9 0 24 7 0 15 0
6 3 0 9 0 24 7 0 10 0
6 4 0 9 0 24 7 0 14 0
7 0 0 9 0 24 7 0 11 0
7 1 0 9 0 24 7 0 14 0
7 3 0 9 0 24 7 0 9 0
7 4 0 9 0 24 7 0 13 0
7 6 0 9 0 24 7 0 13 0
13 9 0 8 0 17 8 0 9 0
13 11 1 0 0 0 13 0 0 0
14 5 1 0 0 0 13 0 0 0
14 9 1 0 0 0 13 0 0 0
16 9 1 8 0 17 14 0 5 1
16 13 0 8 0 17 8 0 10 0
16 14 1 3 0 9 16 0 2 1
19 9 1 0 0 0 13 0 0 0
19 14 1 0 0 0 13 0 0 0
19 16 1 4 0 12 15 0 4 1
15 10 2 0 7 0 12 1 0 0
24 10 2 0 7 0 12 2 0 0
28 15 0 7 0 11 7 0 8 0
28 10 2 3 7 6 14 1 2 1
28 24 2 0 7 0 12 1 0 0
29 10 2 0 7 0 12 2 0 0
29 24 2 0 7 0 12 2 0 0
29 28 2 0 7 0 12 2 0 0
27 2 0 6 0 8 4 0 6 0
8 2 3 0 13 0 9 2 0 0
22 18 4 0 16 0 9 1 0 0
23 22 4 0 16 0 9 4 0 0
20 17 5 0 19 0 8 5 0 0
####
9 26 15 8 6 2 4
15 27 0 9 1 2 7
6 9 0 13 1 0 9
10 17 6 8 3 4 1
4 8 13 9 3 0 12
0 14 0 13 1 0 10
16 28 0 13 1 2 8
28 8 0 9 1 4 7
9 29 0 13 1 2 4
1 15 7 12 2 0 12
7 16 0 13 1 0 16
2 12 7 4 5 5 4
3 28 7 12 2 0 11
1 11 0 13 1 0 12
14 22 9 10 3 2 1
0 21 21 7 6 0 10
23 17 0 5 1 6 1
20 21 0 3 1 8 4
2 23 0 6 1 5 4
7 19 0 13 1 0 16
28 2 0 9 1 4 7
5 25 0 13 1 1 1
1 10 7 12 2 0 12
19 10 0 13 1 2 3
18 20 0 5 1 6 5
26 12 0 2 1 12 2
7 14 0 13 1 0 16
21 26 0 2 1 9 3
1 13 0 13 1 0 12
13 15 0 13 1 1 8
0 18 16 9 4 0 10
3 30 24 7 9 0 11
16 23 9 10 3 2 8
19 24 0 13 1 2 3
4 16 0 13 1 0 12
0 5 0 13 1 0 10
3 19 0 13 1 0 11
4 20 19 8 5 0 12
7 9 0 13 1 0 16
8 22 0 6 1 5 1
27 18 0 6 1 4 6
12 30 0 2 1 17 1
6 27 13 9 3 0 9
