1 0 4 0 5 0 15 0
1 0 3 0 2 0 11 0
1 0 2 0 2 0 10 0
1 0 4 0 5 0 12 0
6 2 1 2 2 11 3 0
3 1 0 2 0 3 0 1
3 2 1 2 1 4 7 0
2 1 0 0 0 1 0 1
4 1 1 2 2 5 6 0
4 1 2 2 0 5 2 0
1 0 3 0 4 0 11 0
1 0 3 0 4 0 11 0
6 2 1 2 0 7 1 0
2 1 1 0 2 1 8 0
1 0 3 0 3 0 15 0
2 2 2 0 0 2 2 0
2 2 1 0 2 2 3 0
8 2 0 4 0 15 0 0
3 2 2 1 2 3 7 0
3 1 0 2 0 3 0 1
2 2 1 0 2 2 6 0
4 2 2 2 2 4 5 0
2 2 1 0 1 2 8 0
5 2 2 3 1 9 5 0
5 2 1 2 0 5 1 0
6 1 0 2 0 10 0 1
2 2 1 0 1 2 4 0
3 2 1 2 2 4 3 0
5 2 1 2 1 5 2 0
4 1 0 2 0 4 0 1
2 2 1 0 0 2 1 0
7 2 2 4 0 13 2 0
8 2 0 4 0 20 0 0
5 1 0 1 0 6 0 1
6 2 0 3 0 11 0 0
####
1 0 0 7 0 26 9 0 9 0
2 0 0 7 0 26 9 0 11 0
2 1 0 7 0 26 9 0 12 0
3 0 0 7 0 26 9 0 7 0
3 1 0 7 0 26 9 0 8 0
3 2 0 7 0 26 9 0 10 0
10 0 0 7 0 26 9 0 13 0
10 1 0 7 0 26 9 0 9 0
10 2 0 7 0 26 9 0 11 0
10 3 0 7 0 26 9 0 7 0
11 0 0 7 0 26 9 0 9 0
11 1 0 7 0 26 9 0 10 0
11 2 0 7 0 26 9 0 12 0
11 3 0 7 0 26 9 0 8 0
11 10 0 7 0 26 9 0 8 0
14 0 0 7 0 26 9 0 11 0
14 1 0 7 0 26 9 0 12 0
14 2 0 7 0 26 9 0 14 0
14 3 0 7 0 26 9 0 10 0
14 10 0 7 0 26 9 0 11 0
14 11 0 7 0 26 9 0 12 0
16 13 0 6 0 18 10 0 5 0
16 15 0 6 0 18 10 0 1 0
20 13 1 6 0 18 17 0 7 1
20 15 1 6 0 18 17 0 3 1
20 16 0 6 0 18 10 0 4 0
22 13 0 6 0 18 10 0 9 0
22 15 0 6 0 18 10 0 5 0
22 16 1 6 0 18 17 0 6 1
22 20 0 6 0 18 10 0 8 0
26 13 0 4 0 13 12 0 5 0
26 15 1 0 0 0 15 0 0 0
26 16 1 0 0 0 15 0 0 0
26 22 1 0 0 0 15 0 0 0
30 7 1 0 0 0 15 0 0 0
30 15 1 0 0 0 15 0 0 0
30 20 1 0 0 0 15 0 0 0
18 6 0 5 0 13 7 0 7 0
19 5 2 0 8 0 12 2 0 0
6 5 2 0 8 0 12 1 0 0
27 18 2 3 8 8 16 0 3 1
27 19 2 0 8 0 12 2 0 0
27 6 2 0 8 0 12 2 0 0
21 8 0 4 0 9 6 0 5 0
21 9 3 2 13 4 15 2 1 1
9 8 3 0 13 0 11 4 0 0
29 21 3 0 13 0 11 4 0 0
29 9 3 0 13 0 11 2 0 0
24 23 4 0 17 0 11 4 0 0
28 23 4 3 17 5 13 4 3 1
28 24 4 0 17 0 11 6 0 0
33 23 4 0 17 0 11 6 0 0
33 24 4 0 17 0 11 4 0 0
33 28 4 0 17 0 11 4 0 0
25 4 5 0 21 0 11 4 0 0
25 12 5 0 21 0 11 6 0 0
12 4 5 2 21 1 13 6 1 1
34 4 5 0 21 0 11 6 0 0
34 25 5 0 21 0 11 6 0 0
34 12 5 0 21 0 11 8 0 0
32 17 7 0 26 0 9 13 0 0
####
23 4 0 8 1 9 5
3 15 0 15 1 0 12
8 23 0 8 1 5 6
0 20 0 15 1 0 15
12 32 1 6 2 7 1
9 34 4 8 2 5 2
21 28 0 8 1 4 5
14 26 0 15 1 0 15
2 22 0 15 1 0 10
1 6 8 12 2 0 11
22 6 0 13 1 2 8
15 19 0 13 1 2 2
4 31 0 5 1 11 3
28 12 0 8 1 5 2
31 32 0 3 1 13 2
14 22 0 15 1 0 15
0 28 17 11 4 0 15
0 21 13 11 3 0 15
9 33 0 8 1 5 2
10 18 8 12 2 0 11
10 27 8 12 2 0 11
24 34 0 8 1 5 1
30 5 0 13 1 2 1
3 4 21 11 5 0 12
23 25 0 8 1 9 5
2 16 0 15 1 0 10
11 30 0 15 1 0 11
31 17 0 3 1 13 2
10 24 17 11 4 0 11
18 21 0 9 1 3 7
3 26 0 15 1 0 12
27 9 0 9 1 4 3
15 17 18 10 6 2 2
20 23 9 12 3 2 6
3 12 21 11 5 0 12
26 27 0 13 1 2 4
16 31 17 9 5 2 3
14 16 0 15 1 0 15
6 8 0 9 1 4 7
0 13 0 15 1 0 15
18 29 0 9 1 3 7
11 20 0 15 1 0 11
13 18 0 13 1 1 8
1 7 0 15 1 0 11
11 15 0 15 1 0 11
1 30 0 15 1 0 11
21 24 0 8 1 4 5
