1 0 3 0 3 0 13 0
1 0 4 0 2 0 19 0
1 0 4 0 5 0 15 0
11 2 0 2 0 16 0 0
6 2 1 2 1 7 6 0
1 0 1 0 2 0 11 0
1 0 4 0 5 0 23 0
1 0 3 0 4 0 10 0
2 1 2 0 3 1 8 0
10 2 1 2 0 15 1 0
2 1 2 0 4 1 21 0
8 2 1 2 1 11 4 0
2 1 2 0 1 1 7 0
3 2 2 1 1 2 9 0
11 1 0 2 0 16 0 1
5 2 1 2 1 7 7 0
3 2 2 1 1 3 10 0
4 2 1 2 1 4 8 0
6 2 1 2 1 8 6 0
10 2 0 4 0 15 0 0
2 1 0 0 0 1 0 1
9 2 1 3 2 14 3 0
7 2 1 3 1 10 5 0
10 2 2 2 0 15 2 0
8 2 1 2 2 12 4 0
9 2 2 2 1 14 3 0
5 2 1 2 1 5 7 0
11 2 0 3 0 17 0 0
4 1 0 2 0 4 0 1
7 2 1 2 1 10 5 0
2 1 0 0 0 1 0 1
4 2 1 2 1 5 8 0
####
1 0 0 10 0 23 9 0 11 0
2 0 0 10 0 23 9 0 11 0
2 1 0 10 0 23 9 0 14 0
5 0 0 10 0 23 9 0 12 0
5 1 0 10 0 23 9 0 15 0
5 2 0 10 0 23 9 0 15 0
6 0 0 10 0 23 9 0 13 0
6 1 0 10 0 23 9 0 16 0
6 2 0 10 0 23 9 0 16 0
6 5 0 10 0 23 9 0 17 0
7 0 0 10 0 23 9 0 7 0
7 1 0 10 0 23 9 0 10 0
7 2 0 10 0 23 9 0 10 0
7 5 0 10 0 23 9 0 11 0
7 6 0 10 0 23 9 0 12 0
10 8 0 9 0 18 8 0 10 0
12 8 0 9 0 18 8 0 2 0
12 10 0 9 0 18 8 0 8 0
30 10 1 0 0 0 11 0 0 0
16 13 2 0 5 0 8 2 0 0
28 17 3 0 7 0 9 4 0 0
31 17 3 0 7 0 9 0 0 0
31 28 3 0 7 0 9 2 0 0
26 15 4 0 10 0 8 2 0 0
18 4 5 0 12 0 8 4 0 0
29 22 6 0 14 0 8 1 0 0
24 11 7 0 16 0 8 3 0 0
25 21 8 0 18 0 8 5 0 0
19 9 9 0 20 0 9 8 0 0
23 9 9 0 20 0 9 7 0 0
23 19 9 0 20 0 9 7 0 0
14 3 10 0 23 0 9 9 0 0
27 14 10 0 23 0 9 9 0 0
27 3 10 0 23 0 9 8 0 0
####
1 3 23 9 10 0 19
12 27 18 8 9 1 7
2 18 12 8 5 0 15
1 17 7 9 3 0 19
16 28 0 5 1 3 10
23 3 0 6 1 15 2
13 17 0 5 1 2 9
4 22 0 4 1 7 6
2 12 0 11 1 0 15
1 20 0 11 1 0 19
0 9 20 9 9 0 13
6 10 0 11 1 0 23
25 19 0 5 1 14 3
7 24 16 8 7 0 10
15 18 0 4 1 7 7
0 4 12 8 5 0 13
0 29 14 8 6 0 13
7 23 20 9 9 0 10
8 25 13 7 7 1 8
9 14 0 6 1 15 1
22 24 0 4 1 10 5
10 13 0 7 1 1 21
21 23 0 5 1 14 3
8 21 13 7 7 1 8
31 15 0 5 1 5 8
29 11 0 4 1 10 5
6 30 0 11 1 0 23
17 26 0 5 1 4 8
26 4 0 4 1 5 7
13 19 13 5 7 2 9
11 21 0 4 1 11 4
6 26 10 8 4 0 23
12 22 9 7 5 1 7
1 31 7 9 3 0 19
5 16 5 8 2 0 11
16 31 0 5 1 3 10
10 16 0 7 1 1 21
2 11 16 8 7 0 15
24 25 0 4 1 12 4
18 29 0 4 1 8 6
6 13 5 8 2 0 23
2 15 10 8 4 0 15
23 27 0 6 1 15 2
7 8 0 11 1 0 10
25 9 0 5 1 14 3
