1 0 3 0 1 0 5 0
1 0 4 0 3 0 11 0
1 0 3 0 4 0 13 0
1 0 2 0 3 0 5 0
2 1 0 0 0 1 0 1
4 2 1 2 1 6 2 0
1 0 3 0 4 0 11 0
1 0 3 0 2 0 9 0
5 2 1 2 1 5 4 0
2 1 2 0 1 1 2 0
1 0 3 0 3 0 9 0
2 1 3 0 3 1 12 0
2 2 1 0 0 2 1 0
3 2 2 1 2 3 10 0
2 2 1 0 1 2 4 0
6 2 1 2 0 8 1 0
6 2 1 2 1 6 3 0
7 2 1 2 1 7 2 0
2 1 1 0 0 1 1 0
4 2 1 2 1 5 3 0
8 2 1 4 0 15 1 0
3 1 0 1 0 2 0 1
3 2 0 1 0 3 0 0
9 1 0 2 0 16 0 1
4 2 1 2 1 4 5 0
3 2 1 1 0 3 1 0
3 2 0 2 0 4 0 0
7 1 0 2 0 9 0 1
4 2 0 3 0 4 0 0
5 2 1 2 1 7 2 0
2 1 0 0 0 1 0 1
3 2 1 2 1 4 3 0
####
1 0 0 8 0 24 8 0 5 0
2 0 0 8 0 24 8 0 9 0
2 1 0 8 0 24 8 0 10 0
6 0 0 8 0 24 8 0 8 0
6 1 0 8 0 24 8 0 9 0
6 2 0 8 0 24 8 0 13 0
7 0 0 8 0 24 8 0 6 0
7 1 0 8 0 24 8 0 7 0
7 2 0 8 0 24 8 0 11 0
7 3 0 2 0 7 13 0 1 0
7 6 0 8 0 24 8 0 10 0
10 0 0 8 0 24 8 0 6 0
10 1 0 8 0 24 8 0 7 0
10 2 0 8 0 24 8 0 11 0
10 3 0 3 0 13 11 0 3 0
10 6 0 8 0 24 8 0 10 0
10 7 0 8 0 24 8 0 8 0
12 9 1 0 0 0 14 0 0 0
14 11 0 7 0 17 8 0 9 0
14 12 1 0 0 0 14 0 0 0
18 4 1 0 0 0 14 0 0 0
21 13 2 0 7 0 13 2 0 0
26 25 2 0 7 0 13 1 0 0
31 13 0 6 0 11 7 0 7 0
31 22 2 0 7 0 13 1 0 0
31 25 2 0 7 0 13 1 0 0
31 26 2 0 7 0 13 2 0 0
19 5 3 0 13 0 11 1 0 0
24 19 3 0 13 0 11 4 0 0
24 5 0 5 0 7 5 0 5 0
28 5 3 0 13 0 11 3 0 0
29 8 4 0 17 0 9 6 0 0
16 15 5 0 19 0 9 8 0 0
27 17 6 0 21 0 9 10 0 0
####
11 16 12 9 4 1 12
15 27 0 4 1 8 1
18 22 0 13 1 1 1
24 8 0 6 1 4 5
2 8 17 9 4 0 13
17 20 0 3 1 7 2
6 24 13 11 3 0 11
7 29 17 9 4 0 9
9 25 0 13 1 1 2
16 17 0 4 1 6 3
14 31 0 13 1 2 4
19 29 0 6 1 5 3
31 5 0 10 1 4 3
10 12 0 14 1 0 9
9 28 6 11 2 1 2
8 16 0 4 1 5 4
6 15 19 9 5 0 11
11 13 0 13 1 1 12
0 22 7 13 2 0 5
7 14 0 14 1 0 9
13 24 0 10 1 3 10
1 4 0 14 1 0 11
3 9 0 14 1 0 5
0 5 13 11 3 0 5
1 19 13 11 3 0 11
13 19 0 10 1 3 10
11 21 0 13 1 1 12
0 30 0 14 1 0 5
29 15 0 4 1 7 2
25 28 0 10 1 3 1
1 31 7 13 2 0 11
2 17 21 9 6 0 13
20 23 0 2 1 15 1
3 12 0 14 1 0 5
7 26 7 13 2 0 9
12 26 0 13 1 2 1
2 11 0 14 1 0 13
10 25 7 13 2 0 9
1 18 0 14 1 0 11
5 20 6 5 4 6 2
10 14 0 14 1 0 9
6 13 7 13 2 0 11
