1 0 3 0 3 0 13 0
3 1 2 2 2 3 6 0
1 0 2 0 3 0 11 0
1 0 3 0 4 0 11 0
6 2 1 3 1 15 3 0
1 0 3 0 4 0 11 0
8 2 1 2 0 18 1 0
1 0 4 0 2 0 12 0
4 2 1 3 1 7 5 0
1 0 4 0 6 0 21 0
4 2 1 2 1 5 2 0
3 2 1 2 1 4 2 0
4 1 1 2 0 5 1 0
4 2 1 2 1 6 5 0
5 2 1 4 0 8 1 0
2 2 2 0 2 2 10 0
2 1 2 0 1 1 4 0
2 1 0 0 0 1 0 1
2 2 1 0 2 2 8 0
2 1 0 0 0 1 0 1
2 2 2 0 2 2 5 0
3 1 0 2 0 3 0 1
3 2 0 1 0 3 0 0
3 2 2 2 1 4 7 0
3 2 2 2 2 4 8 0
7 2 1 3 1 17 2 0
5 2 1 4 1 14 4 0
5 1 0 1 0 6 0 1
4 2 0 2 0 5 0 0
2 2 1 0 2 2 7 0
9 2 0 4 0 22 0 0
####
2 0 0 8 0 24 7 0 15 0
3 0 0 8 0 24 7 0 15 0
3 2 0 8 0 24 7 0 14 0
5 0 0 8 0 24 7 0 17 0
5 2 0 8 0 24 7 0 16 0
5 3 0 8 0 24 7 0 16 0
7 0 0 8 0 24 7 0 17 0
7 2 0 8 0 24 7 0 16 0
7 3 0 8 0 24 7 0 16 0
7 5 0 8 0 24 7 0 18 0
9 0 0 8 0 24 7 0 23 0
9 2 0 8 0 24 7 0 22 0
9 3 0 8 0 24 7 0 22 0
9 5 0 8 0 24 7 0 24 0
9 7 0 8 0 24 7 0 24 0
16 15 0 7 0 17 8 0 10 0
18 15 1 7 0 17 14 0 14 1
18 16 0 7 0 17 8 0 8 0
18 17 1 0 0 0 13 0 0 0
19 16 1 0 0 0 13 0 0 0
20 15 1 7 0 17 14 0 9 1
20 16 0 7 0 17 8 0 3 0
20 18 1 7 0 17 14 0 7 1
29 15 1 7 0 17 14 0 14 1
29 16 0 7 0 17 8 0 8 0
29 17 1 0 0 0 13 0 0 0
29 18 1 7 0 17 14 0 12 1
29 20 1 7 0 17 14 0 7 1
11 1 2 0 7 0 12 2 0 0
21 11 2 0 7 0 12 2 0 0
21 1 2 0 7 0 12 2 0 0
22 11 2 0 7 0 12 0 0 0
23 11 2 0 7 0 12 2 0 0
23 21 2 0 7 0 12 2 0 0
23 22 2 0 7 0 12 1 0 0
23 1 2 6 7 11 13 2 10 1
24 11 2 0 7 0 12 0 0 0
24 21 2 0 7 0 12 2 0 0
24 22 2 0 7 0 12 0 0 0
24 23 2 6 7 11 13 2 12 1
24 1 2 6 7 11 13 2 12 1
12 10 3 0 13 0 11 2 0 0
12 8 3 0 13 0 11 6 0 0
10 8 3 5 13 6 12 6 5 1
13 12 3 0 13 0 11 2 0 0
13 10 3 5 13 6 12 2 5 1
13 8 3 5 13 6 12 6 8 1
28 12 3 0 13 0 11 4 0 0
28 10 3 0 13 0 11 4 0 0
28 13 3 0 13 0 11 4 0 0
28 8 3 0 13 0 11 2 0 0
27 14 4 0 18 0 9 4 0 0
27 26 4 0 18 0 9 4 0 0
26 14 4 4 18 3 10 4 3 1
####
12 27 0 8 1 5 1
14 30 3 4 4 8 1
5 6 23 7 7 0 11
13 26 0 8 1 6 5
23 8 0 11 1 4 7
9 29 0 13 1 0 21
24 13 0 11 1 4 8
9 18 0 13 1 0 21
7 29 0 13 1 0 12
18 23 0 13 1 2 8
9 15 0 13 1 0 21
0 24 7 12 2 0 13
16 22 0 13 1 1 4
2 13 13 11 3 0 11
0 11 7 12 2 0 13
3 16 0 13 1 0 11
7 28 13 11 3 0 12
16 25 15 8 5 1 4
24 10 0 11 1 4 8
0 22 7 12 2 0 13
9 20 0 13 1 0 21
3 23 7 12 2 0 11
2 20 0 13 1 0 11
7 18 0 13 1 0 12
1 4 8 7 3 3 6
6 30 0 2 1 18 1
5 15 0 13 1 0 11
4 25 0 2 1 15 3
26 4 0 4 1 14 4
3 19 0 13 1 0 11
11 12 0 11 1 4 2
20 14 11 10 3 2 5
8 26 0 8 1 7 5
15 24 0 13 1 2 10
5 10 13 11 3 0 11
23 28 0 11 1 4 7
15 21 0 13 1 2 10
25 6 0 2 1 17 2
20 11 0 13 1 2 5
29 1 0 13 1 2 7
1 8 0 11 1 3 6
10 14 0 8 1 5 2
7 17 0 13 1 0 12
