1 0 3 0 3 0 5 0
1 0 3 0 4 0 12 0
1 0 3 0 4 0 11 0
3 1 2 2 2 3 5 0
4 2 1 2 1 5 3 0
1 0 2 0 1 0 7 0
1 0 2 0 2 0 8 0
4 2 1 2 0 5 1 0
1 0 3 0 5 0 12 0
2 1 1 0 0 1 1 0
2 2 1 0 1 2 2 0
6 2 0 4 0 13 0 0
2 2 2 0 2 2 6 0
4 2 1 3 0 6 1 0
5 2 1 4 1 8 2 0
4 2 1 3 1 7 2 0
2 2 1 0 2 2 6 0
2 2 2 0 2 2 8 0
3 2 1 2 1 4 2 0
5 2 0 2 0 7 0 0
3 1 0 1 0 2 0 1
3 2 1 2 1 4 4 0
7 1 0 2 0 10 0 1
6 2 1 2 0 9 1 0
5 2 1 2 0 8 1 0
####
1 0 0 6 0 18 7 0 9 0
2 0 0 6 0 18 7 0 7 0
2 1 0 6 0 18 7 0 8 0
5 1 0 5 0 16 8 0 7 0
5 2 0 5 0 16 8 0 9 0
6 1 0 5 0 16 8 0 7 0
6 2 0 5 0 16 8 0 9 0
6 5 0 5 0 16 8 0 8 0
8 0 0 6 0 18 7 0 10 0
8 1 0 6 0 18 7 0 11 0
8 2 0 6 0 18 7 0 9 0
8 5 0 5 0 16 8 0 10 0
8 6 0 5 0 16 8 0 10 0
12 9 1 0 0 0 11 0 0 0
16 10 1 3 0 8 14 0 3 1
16 12 0 4 0 11 7 0 5 0
17 10 1 0 0 0 11 0 0 0
17 12 1 5 0 13 12 0 6 1
17 16 0 4 0 11 7 0 5 0
18 3 0 3 0 7 6 0 3 0
20 18 2 0 5 0 10 1 0 0
21 18 2 0 5 0 10 2 0 0
13 7 3 0 9 0 10 3 0 0
13 4 3 0 9 0 10 3 0 0
15 13 3 0 9 0 10 4 0 0
15 7 3 2 9 3 12 2 1 1
15 4 3 0 9 0 10 3 0 0
7 4 3 0 9 0 10 4 0 0
19 14 4 0 13 0 9 5 0 0
24 19 4 0 13 0 9 6 0 0
24 14 4 0 13 0 9 3 0 0
23 11 5 0 16 0 8 7 0 0
####
3 15 0 8 1 3 5
2 18 5 10 2 0 11
23 22 0 3 1 9 1
1 17 0 11 1 0 12
5 19 13 9 4 0 7
2 12 0 11 1 0 11
7 11 3 6 2 5 1
8 24 13 9 4 0 12
0 21 5 10 2 0 5
2 9 0 11 1 0 11
16 3 0 9 1 2 6
6 10 0 11 1 0 8
0 4 9 10 3 0 5
1 10 0 11 1 0 12
14 23 0 5 1 8 2
12 14 8 8 3 2 6
9 20 0 9 1 1 1
3 13 0 8 1 3 5
10 13 4 9 2 2 2
4 14 0 7 1 5 3
21 4 0 8 1 4 4
13 19 0 7 1 6 1
8 17 0 11 1 0 12
24 11 0 5 1 8 1
0 23 16 8 5 0 5
17 18 0 9 1 2 8
12 15 4 9 2 2 6
15 24 0 7 1 7 2
5 16 0 11 1 0 7
8 12 0 11 1 0 12
18 7 0 8 1 4 2
17 21 0 9 1 2 8
1 7 9 10 3 0 12
6 16 0 11 1 0 8
