1 0 4 0 4 0 16 0
6 2 1 2 1 9 13 0
13 1 1 2 1 19 6 0
1 0 3 0 3 0 18 0
1 0 1 0 2 0 12 0
1 0 3 0 2 0 18 0
1 0 4 0 5 0 16 0
2 1 2 0 1 1 11 0
1 0 3 0 2 0 20 0
3 2 1 1 1 3 9 0
7 1 1 2 1 10 12 0
14 2 1 3 1 20 5 0
8 2 1 1 1 11 11 0
4 2 1 2 1 6 15 0
15 2 1 2 1 21 4 0
2 1 0 0 0 1 0 1
9 2 1 2 2 12 10 0
18 1 0 2 0 24 0 1
16 2 1 2 2 22 3 0
10 2 2 2 1 13 9 0
2 2 1 0 1 2 17 0
11 2 1 4 2 17 8 0
3 1 0 1 0 2 0 1
3 2 1 2 1 4 16 0
2 1 0 0 0 1 0 1
17 2 2 2 0 23 2 0
2 1 0 0 0 1 0 1
12 2 2 2 2 18 7 0
18 2 0 3 0 24 0 0
5 2 1 2 1 8 14 0
####
3 0 0 17 0 22 8 0 29 0
4 0 0 17 0 22 8 0 22 0
4 3 0 17 0 22 8 0 25 0
5 0 0 17 0 22 8 0 28 0
5 3 0 17 0 22 8 0 31 0
5 4 0 17 0 22 8 0 24 0
6 0 0 17 0 22 8 0 27 0
6 3 0 17 0 22 8 0 30 0
6 4 0 17 0 22 8 0 23 0
6 5 0 17 0 22 8 0 29 0
8 0 0 17 0 22 8 0 30 0
8 3 0 17 0 22 8 0 33 0
8 4 0 17 0 22 8 0 26 0
8 5 0 17 0 22 8 0 32 0
8 6 0 17 0 22 8 0 31 0
20 7 0 16 0 17 7 0 23 0
26 20 1 0 0 0 11 0 0 0
22 9 2 0 5 0 9 2 0 0
23 9 2 15 5 14 11 1 21 1
28 17 17 0 22 0 8 26 0 0
####
4 7 0 11 1 0 12
0 27 16 7 11 0 16
8 9 5 9 2 0 20
27 11 1 2 2 18 7
11 14 0 2 1 20 5
12 16 0 2 1 11 11
27 2 0 2 1 18 7
5 23 5 9 2 0 18
6 14 19 7 14 0 16
0 15 0 11 1 0 16
21 27 0 2 1 17 8
9 21 7 4 8 3 9
5 12 12 7 7 0 18
14 18 0 2 1 21 4
3 20 0 11 1 0 18
10 12 0 2 1 10 12
8 20 0 11 1 0 20
6 25 21 7 16 0 16
13 29 0 2 1 6 15
3 16 13 7 8 0 18
1 10 0 2 1 9 13
0 29 9 7 4 0 16
19 21 0 2 1 13 9
19 28 7 3 8 13 9
5 24 0 11 1 0 18
7 22 0 8 1 1 11
16 19 0 2 1 12 10
8 26 0 11 1 0 20
25 28 0 3 1 23 2
7 9 0 8 1 1 11
0 1 10 7 5 0 16
6 19 14 7 9 0 16
20 23 0 8 1 2 17
25 17 0 3 1 23 2
18 25 0 2 1 22 3
2 11 0 2 1 19 6
29 1 0 2 1 8 14
3 18 20 7 15 0 18
6 13 8 7 3 0 16
23 13 0 4 1 4 16
