1 0 2 0 0 0 2 0
1 0 4 0 6 0 22 0
1 0 3 0 4 0 9 0
1 0 3 0 4 0 10 0
1 0 3 0 4 0 12 0
2 1 2 0 1 1 3 0
4 2 1 2 0 5 1 0
1 0 3 0 3 0 6 0
4 2 1 2 2 4 6 0
5 2 2 2 2 6 5 0
4 2 0 2 0 6 0 0
8 1 0 2 0 9 0 1
3 1 0 1 0 2 0 1
2 1 2 0 3 1 11 0
2 1 2 0 3 1 9 0
3 2 2 1 1 3 5 0
4 2 1 2 1 5 3 0
6 2 1 2 1 7 2 0
4 1 0 2 0 4 0 1
6 2 1 2 0 8 1 0
5 2 1 2 1 7 2 0
7 2 0 2 0 9 0 0
5 1 0 2 0 6 0 1
3 2 1 1 1 3 2 0
3 2 1 2 0 4 1 0
7 2 0 2 0 9 0 0
3 2 2 1 1 3 8 0
4 1 0 2 0 4 0 1
7 2 1 2 0 8 1 0
6 2 1 2 0 7 1 0
####
1 0 0 6 0 20 9 0 5 0
2 0 0 3 0 8 12 0 2 0
2 1 0 6 0 20 9 0 7 0
3 0 0 6 0 20 9 0 2 0
3 1 0 7 0 23 7 0 9 0
3 2 0 6 0 20 9 0 5 0
4 0 0 6 0 20 9 0 4 0
4 1 0 7 0 23 7 0 11 0
4 2 0 4 0 14 9 0 3 0
4 3 0 7 0 23 7 0 8 0
7 1 0 6 0 20 9 0 9 0
7 2 0 6 0 20 9 0 6 0
7 3 0 6 0 20 9 0 7 0
13 5 0 2 0 5 9 0 2 0
14 13 1 0 0 0 9 0 0 0
23 15 2 0 3 0 11 2 0 0
24 12 2 0 3 0 11 2 0 0
24 15 2 0 3 0 11 2 0 0
24 23 2 0 3 0 11 2 0 0
26 15 2 0 3 0 11 2 0 0
26 23 2 0 3 0 11 2 0 0
26 24 2 0 3 0 11 2 0 0
16 6 3 0 8 0 12 4 0 0
16 10 3 0 8 0 12 4 0 0
16 8 3 0 8 0 12 4 0 0
10 6 3 0 8 0 12 4 0 0
10 8 3 0 8 0 12 4 0 0
8 6 3 0 8 0 12 4 0 0
18 16 3 0 8 0 12 4 0 0
18 6 3 0 8 0 12 4 0 0
18 10 3 0 8 0 12 4 0 0
18 8 3 0 8 0 12 4 0 0
27 16 3 0 8 0 12 4 0 0
27 6 3 0 8 0 12 4 0 0
27 10 3 0 8 0 12 4 0 0
27 8 3 0 8 0 12 4 0 0
27 18 3 0 8 0 12 4 0 0
20 9 4 0 14 0 9 6 0 0
22 20 4 0 14 0 9 6 0 0
22 9 4 0 14 0 9 6 0 0
19 17 5 0 17 0 9 8 0 0
29 19 5 0 17 0 9 8 0 0
29 17 5 0 17 0 9 8 0 0
25 21 6 0 20 0 9 10 0 0
28 25 6 0 20 0 9 10 0 0
28 21 6 0 20 0 9 10 0 0
####
15 27 0 11 1 3 5
13 26 0 8 1 1 11
7 25 20 9 6 0 6
8 9 0 9 1 4 6
9 29 0 6 1 6 5
3 28 20 9 6 0 10
0 10 8 12 3 0 2
1 29 17 9 5 0 22
2 5 0 9 1 0 9
0 21 20 9 6 0 2
7 15 3 11 2 0 6
17 28 0 6 1 7 2
5 12 0 8 1 1 3
1 14 0 9 1 0 22
7 19 17 9 5 0 6
4 23 3 11 2 0 12
19 25 0 6 1 8 1
26 8 0 11 1 3 8
9 17 0 6 1 6 5
6 22 0 9 1 5 1
3 16 8 12 3 0 10
23 6 0 11 1 3 2
14 23 0 8 1 1 9
24 10 0 11 1 4 1
2 6 8 12 3 0 9
13 24 0 8 1 1 11
1 13 0 9 1 0 22
29 21 0 6 1 7 1
2 20 14 9 4 0 9
5 24 0 8 1 1 3
3 9 14 9 4 0 10
14 15 0 8 1 1 9
20 19 0 6 1 7 2
26 18 0 11 1 3 8
28 11 0 4 1 8 1
4 17 17 9 5 0 12
4 26 3 11 2 0 12
1 8 8 12 3 0 22
16 20 0 9 1 5 3
15 16 0 11 1 3 5
