1 0 4 0 5 0 19 0
1 0 3 0 6 0 19 0
1 0 3 0 4 0 17 0
1 0 2 0 1 0 3 0
1 0 2 0 1 0 8 0
4 2 1 2 1 5 4 0
1 0 4 0 3 0 12 0
2 1 3 0 3 1 17 0
4 2 1 2 1 6 5 0
1 0 3 0 3 0 10 0
5 2 1 2 1 5 4 0
6 2 1 4 2 13 3 0
1 0 2 0 3 0 15 0
2 1 1 0 1 1 7 0
2 2 2 0 4 2 12 0
2 1 3 0 3 1 10 0
7 2 2 4 0 14 2 0
3 1 0 2 0 3 0 1
4 2 1 3 1 6 5 0
3 1 2 1 2 2 10 0
3 2 1 1 0 3 1 0
9 1 0 2 0 20 0 1
4 2 1 1 1 4 3 0
5 2 1 3 1 9 4 0
4 1 0 2 0 4 0 1
2 1 0 0 0 1 0 1
5 2 1 2 1 6 2 0
8 2 0 2 0 15 0 0
6 2 1 3 0 9 1 0
8 2 0 2 0 16 0 0
3 2 1 1 1 3 6 0
5 2 1 2 1 7 4 0
6 2 1 4 1 16 3 0
2 2 1 0 0 2 1 0
7 2 1 2 1 17 2 0
4 2 1 1 1 4 5 0
3 2 2 2 2 4 11 0
3 2 1 1 1 3 5 0
7 2 0 3 0 10 0 0
8 2 1 2 0 19 1 0
####
1 0 0 8 0 31 9 0 16 0
2 0 0 8 0 31 9 0 13 0
2 1 0 8 0 31 9 0 15 0
3 0 0 8 0 31 9 0 8 0
3 1 0 8 0 31 9 0 10 0
3 2 0 8 0 31 9 0 7 0
4 0 0 7 0 28 11 0 11 0
4 1 0 7 0 28 11 0 11 0
4 2 0 7 0 28 11 0 13 0
4 3 0 7 0 28 11 0 6 0
6 0 0 8 0 31 9 0 13 0
6 1 0 8 0 31 9 0 15 0
6 2 0 8 0 31 9 0 12 0
6 3 0 8 0 31 9 0 7 0
9 0 0 8 0 31 9 0 12 0
9 1 0 8 0 31 9 0 14 0
9 2 0 8 0 31 9 0 11 0
9 3 0 8 0 31 9 0 6 0
9 6 0 8 0 31 9 0 11 0
12 0 0 8 0 31 9 0 14 0
12 1 0 8 0 31 9 0 16 0
12 2 0 8 0 31 9 0 13 0
12 3 0 8 0 31 9 0 8 0
12 4 0 7 0 28 11 0 11 0
12 6 0 8 0 31 9 0 13 0
12 9 0 8 0 31 9 0 12 0
13 7 0 6 0 22 9 0 9 0
14 7 0 7 0 25 7 0 12 0
14 13 0 6 0 22 9 0 9 0
15 7 0 7 0 25 7 0 11 0
15 14 1 7 0 25 15 0 11 1
25 7 1 0 0 0 14 0 0 0
33 14 1 0 0 0 14 0 0 0
30 17 2 0 6 0 14 1 0 0
36 19 0 6 0 19 7 0 10 0
36 20 2 0 6 0 14 2 0 0
36 30 2 5 6 16 17 0 7 1
36 17 2 0 6 0 14 1 0 0
37 19 0 6 0 19 7 0 9 0
37 20 2 0 6 0 14 2 0 0
37 36 2 6 6 19 15 2 9 1
22 18 3 0 12 0 14 3 0 0
24 5 3 0 12 0 14 4 0 0
24 8 3 0 12 0 14 4 0 0
18 5 3 4 12 10 17 2 5 1
18 8 3 0 12 0 14 2 0 0
35 22 3 0 12 0 14 4 0 0
35 18 3 0 12 0 14 3 0 0
35 8 0 5 0 13 7 0 8 0
8 5 3 0 12 0 14 4 0 0
26 10 4 0 18 0 12 6 0 0
26 23 4 0 18 0 12 2 0 0
31 26 4 0 18 0 12 5 0 0
31 10 4 0 18 0 12 5 0 0
31 23 4 0 18 0 12 4 0 0
23 10 0 4 0 9 5 0 6 0
28 11 5 0 22 0 11 7 0 0
32 28 5 0 22 0 11 8 0 0
32 11 5 0 22 0 11 7 0 0
34 16 6 0 25 0 11 9 0 0
38 16 6 0 25 0 11 9 0 0
38 34 6 0 25 0 11 10 0 0
29 27 7 0 28 0 11 10 0 0
39 27 7 0 28 0 11 11 0 0
39 29 7 0 28 0 11 11 0 0
####
11 16 0 6 1 13 3
8 23 0 10 1 6 5
15 20 0 12 1 1 10
9 34 25 11 6 0 10
7 38 19 9 5 1 17
22 26 0 10 1 4 3
9 22 12 14 3 0 10
26 28 0 7 1 6 2
4 27 28 11 7 0 8
1 15 0 14 1 0 19
0 7 0 14 1 0 19
23 32 0 7 1 9 4
0 10 18 12 4 0 19
19 22 0 12 1 2 10
13 30 0 12 1 1 7
30 18 0 12 1 3 6
28 38 0 6 1 9 1
34 39 0 6 1 17 2
39 21 0 4 1 19 1
12 33 0 14 1 0 15
36 8 0 12 1 4 11
2 30 6 14 2 0 17
16 29 0 6 1 14 2
33 17 0 12 1 2 1
1 14 0 14 1 0 19
4 13 0 14 1 0 8
7 19 0 12 1 1 17
1 5 12 14 3 0 19
18 31 0 10 1 6 5
37 23 6 10 2 3 5
32 34 0 6 1 16 3
6 37 6 14 2 0 12
31 11 0 7 1 7 4
12 14 0 14 1 0 15
5 11 4 9 2 5 4
0 25 0 14 1 0 19
35 10 0 10 1 4 5
7 18 6 12 2 1 17
19 35 0 12 1 2 10
10 32 0 7 1 5 4
6 26 18 12 4 0 12
2 36 6 14 2 0 17
14 16 19 9 5 2 12
6 8 12 14 3 0 12
20 24 0 12 1 3 1
36 5 0 12 1 4 11
14 36 0 12 1 2 12
9 35 12 14 3 0 10
2 33 0 14 1 0 17
15 28 16 9 4 1 10
6 20 6 14 2 0 12
16 27 0 6 1 14 2
0 31 18 12 4 0 19
3 29 28 11 7 0 3
3 39 28 11 7 0 3
15 37 0 12 1 1 10
