1 0 3 0 3 0 6 0
1 0 4 0 4 0 14 0
1 0 3 0 4 0 10 0
4 2 1 2 0 5 1 0
1 0 3 0 6 0 19 0
3 2 1 2 1 4 3 0
1 0 2 0 4 0 14 0
4 2 1 2 1 5 5 0
7 2 1 4 1 15 2 0
8 2 1 4 0 19 1 0
5 2 1 4 1 10 4 0
2 1 1 0 0 1 1 0
2 1 3 0 5 1 15 0
1 0 2 0 3 0 6 0
5 1 0 2 0 6 0 1
3 2 2 1 3 3 5 0
2 1 2 0 2 1 9 0
3 2 1 1 1 3 6 0
4 2 2 2 1 5 4 0
4 1 0 2 0 4 0 1
5 2 1 4 1 6 2 0
3 2 2 1 1 3 7 0
9 2 0 4 0 20 0 0
6 2 1 2 1 12 3 0
2 2 2 0 1 2 4 0
4 2 0 3 0 6 0 0
3 2 1 1 0 3 1 0
4 2 1 2 1 5 5 0
5 2 0 2 0 7 0 0
3 2 1 1 1 3 2 0
####
1 0 0 4 0 16 10 0 3 0
2 1 0 8 0 23 7 0 16 0
4 0 0 4 0 16 10 0 4 0
4 1 0 8 0 23 7 0 21 0
4 2 0 8 0 23 7 0 21 0
6 0 0 3 0 10 12 0 3 0
6 1 0 8 0 23 7 0 18 0
6 2 0 8 0 23 7 0 18 0
6 4 0 8 0 23 7 0 23 0
13 1 0 8 0 23 7 0 13 0
13 2 0 8 0 23 7 0 13 0
13 4 0 8 0 23 7 0 18 0
13 6 0 8 0 23 7 0 15 0
12 11 0 2 0 6 10 0 1 0
16 12 0 7 0 19 5 0 15 0
24 12 1 7 0 19 11 0 12 1
24 16 0 7 0 19 5 0 9 0
15 5 2 6 4 13 13 2 5 1
17 15 2 6 4 13 13 1 8 1
17 5 0 6 0 13 7 0 7 0
21 15 2 6 4 13 13 2 8 1
21 17 2 6 4 13 13 0 10 1
21 5 2 6 4 13 13 2 7 1
26 15 2 0 4 0 12 1 0 0
26 17 2 0 4 0 12 2 0 0
29 15 2 0 4 0 12 2 0 0
29 17 2 0 4 0 12 0 0 0
29 21 2 0 4 0 12 0 0 0
29 5 2 0 4 0 12 2 0 0
7 3 3 0 10 0 12 2 0 0
18 7 3 5 10 7 13 2 6 1
18 3 3 0 10 0 12 4 0 0
25 7 3 0 10 0 12 2 0 0
25 18 3 0 10 0 12 4 0 0
25 19 3 0 10 0 12 2 0 0
25 3 3 0 10 0 12 1 0 0
19 7 3 0 10 0 12 4 0 0
19 18 3 0 10 0 12 3 0 0
19 3 3 0 10 0 12 1 0 0
27 7 3 5 10 7 13 2 8 1
27 18 3 5 10 7 13 0 6 1
27 25 3 0 10 0 12 2 0 0
27 3 3 0 10 0 12 2 0 0
20 10 4 4 16 3 11 2 4 1
20 14 4 0 16 0 10 6 0 0
28 20 4 0 16 0 10 2 0 0
28 10 4 0 16 0 10 4 0 0
28 14 4 0 16 0 10 2 0 0
14 10 4 0 16 0 10 6 0 0
####
1 21 4 12 2 0 14
4 7 10 12 3 0 19
2 18 10 12 3 0 10
15 20 6 10 2 3 5
17 7 0 12 1 3 6
23 8 0 2 1 12 3
1 17 4 12 2 0 14
9 22 0 2 1 19 1
8 9 0 2 1 15 2
4 12 0 10 1 0 19
24 22 19 5 7 2 4
2 5 4 12 2 0 10
1 29 4 12 2 0 14
0 3 10 12 3 0 6
3 14 0 10 1 5 1
5 8 11 7 4 4 3
16 17 0 10 1 1 9
21 27 0 12 1 3 7
24 5 0 10 1 2 4
27 10 0 10 1 5 5
0 11 0 10 1 0 6
20 9 2 5 3 6 2
1 28 16 10 4 0 14
29 3 0 12 1 3 2
4 24 0 10 1 0 19
7 10 0 10 1 5 5
15 18 0 12 1 3 5
2 27 10 12 3 0 10
6 15 4 12 2 0 14
18 20 0 10 1 5 4
12 21 0 10 1 1 15
13 24 0 10 1 0 6
18 28 0 10 1 5 4
16 26 0 10 1 1 9
10 23 0 5 1 10 4
12 29 0 10 1 1 15
21 25 0 12 1 3 7
12 15 0 10 1 1 15
13 23 20 7 5 0 6
0 26 4 12 2 0 6
11 25 6 10 2 1 1
26 19 0 12 1 3 1
6 16 0 10 1 0 14
