1 0 3 0 3 0 8 0
1 0 3 0 5 0 16 0
3 2 1 2 1 3 13 0
8 2 1 2 1 13 3 0
1 0 2 0 1 0 15 0
1 0 3 0 5 0 16 0
1 0 1 0 1 0 2 0
2 1 2 0 2 1 15 0
8 2 1 2 0 12 1 0
1 0 3 0 3 0 16 0
3 1 2 1 2 2 14 0
4 2 1 1 1 4 13 0
9 1 0 2 0 13 0 1
8 2 1 2 1 13 2 0
11 1 0 2 0 16 0 1
5 2 1 4 2 9 12 0
9 2 1 2 0 15 1 0
6 2 2 2 3 10 11 0
10 2 0 3 0 16 0 0
2 2 2 0 1 2 15 0
2 1 0 0 0 1 0 1
7 2 2 2 2 11 5 0
3 2 0 2 0 3 0 0
9 2 1 3 1 14 2 0
10 2 1 2 0 15 1 0
7 2 1 2 1 12 4 0
####
1 0 0 10 0 19 7 0 12 0
4 0 0 10 0 19 7 0 11 0
4 1 0 10 0 19 7 0 15 0
5 0 0 10 0 19 7 0 13 0
5 1 0 10 0 19 7 0 17 0
5 4 0 10 0 19 7 0 16 0
6 0 0 9 0 17 8 0 3 0
6 1 0 9 0 17 8 0 8 0
6 4 0 9 0 17 8 0 7 0
6 5 0 9 0 17 8 0 9 0
9 0 0 10 0 19 7 0 12 0
9 1 0 10 0 19 7 0 16 0
9 4 0 10 0 19 7 0 15 0
9 5 0 10 0 19 7 0 17 0
9 6 0 9 0 17 8 0 8 0
19 7 0 9 0 16 4 0 15 0
10 2 0 8 0 13 4 0 13 0
22 2 2 0 3 0 9 2 0 0
25 21 6 0 9 0 8 8 0 0
8 3 7 0 11 0 9 10 0 0
13 8 7 0 11 0 9 10 0 0
13 3 7 0 11 0 9 1 0 0
16 12 8 0 14 0 9 12 0 0
23 12 8 0 14 0 9 12 0 0
23 16 8 0 14 0 9 3 0 0
24 18 9 0 17 0 8 5 0 0
####
10 11 0 4 1 2 14
9 22 3 9 2 0 16
1 17 8 7 5 0 16
17 25 0 3 1 10 11
19 22 0 6 1 2 15
0 3 11 9 7 0 8
21 13 0 5 1 11 5
5 8 11 9 7 0 16
1 2 3 9 2 0 16
13 16 0 6 1 13 2
21 8 0 5 1 11 5
24 14 0 3 1 15 1
7 10 0 6 1 1 15
9 24 17 8 9 0 16
16 18 0 5 1 15 1
0 25 9 8 6 0 8
3 23 0 6 1 13 3
7 18 14 5 8 1 15
19 2 0 6 1 2 15
1 19 0 9 1 0 16
5 21 9 8 6 0 16
10 23 8 6 6 2 14
25 3 0 5 1 12 4
4 20 0 9 1 0 15
23 24 0 5 1 14 2
4 11 6 7 3 0 15
15 17 0 2 1 9 12
8 12 0 6 1 12 1
5 7 0 9 1 0 16
0 13 11 9 7 0 8
17 21 0 3 1 10 11
2 15 1 4 2 3 13
11 15 0 2 1 4 13
9 19 0 9 1 0 16
6 16 14 9 8 0 2
