1 0 3 0 2 0 8 0
1 0 3 0 3 0 12 0
1 0 1 0 1 0 5 0
1 0 3 0 3 0 10 0
1 0 2 0 0 0 2 0
1 0 3 0 4 0 9 0
2 1 0 0 0 1 0 1
2 1 2 0 0 1 2 0
1 0 2 0 2 0 10 0
2 1 2 0 2 1 5 0
1 0 3 0 2 0 15 0
10 2 1 2 0 16 1 0
7 2 1 2 1 10 4 0
3 1 1 1 0 2 1 0
2 2 1 0 1 2 11 0
2 2 1 0 0 2 1 0
4 2 1 2 2 5 9 0
11 1 0 2 0 17 0 1
8 2 1 2 1 12 3 0
3 2 0 2 0 4 0 0
5 2 2 2 2 7 8 0
2 1 0 0 0 1 0 1
3 2 0 1 0 3 0 0
3 2 1 2 1 3 10 0
4 2 0 1 0 4 0 0
3 1 0 1 0 2 0 1
6 2 1 2 0 8 1 0
6 2 1 2 1 8 5 0
2 1 0 0 0 1 0 1
9 2 1 3 1 15 2 0
7 1 0 2 0 9 0 1
####
1 0 0 10 0 22 9 0 12 0
2 0 0 10 0 22 9 0 7 0
2 1 0 10 0 22 9 0 13 0
3 0 0 10 0 22 9 0 10 0
3 1 0 10 0 22 9 0 16 0
3 2 0 10 0 22 9 0 11 0
4 0 0 3 0 12 10 0 2 0
5 0 0 10 0 22 9 0 6 0
5 1 0 10 0 22 9 0 12 0
5 2 0 10 0 22 9 0 7 0
5 3 0 10 0 22 9 0 10 0
8 0 0 10 0 22 9 0 9 0
8 1 0 10 0 22 9 0 15 0
8 2 0 10 0 22 9 0 10 0
8 3 0 10 0 22 9 0 13 0
8 5 0 10 0 22 9 0 9 0
10 0 0 10 0 22 9 0 12 0
10 1 0 10 0 22 9 0 18 0
10 2 0 10 0 22 9 0 13 0
10 3 0 10 0 22 9 0 16 0
10 5 0 10 0 22 9 0 12 0
10 8 0 10 0 22 9 0 15 0
14 9 0 9 0 15 8 0 10 0
15 7 1 0 0 0 15 0 0 0
15 14 1 0 0 0 15 0 0 0
21 9 1 0 0 0 15 0 0 0
19 13 2 0 7 0 13 1 0 0
22 19 2 0 7 0 13 1 0 0
23 19 2 0 7 0 13 2 0 0
23 22 2 0 7 0 13 1 0 0
25 19 2 0 7 0 13 2 0 0
25 22 2 0 7 0 13 2 0 0
27 26 5 0 15 0 10 8 0 0
30 12 6 0 17 0 10 10 0 0
####
7 25 0 12 1 1 2
10 15 0 15 1 0 15
9 29 13 8 7 1 5
2 12 17 10 6 0 5
8 28 0 15 1 0 10
15 19 0 12 1 2 1
1 11 21 9 9 0 12
20 26 0 3 1 7 8
0 21 0 15 1 0 8
5 18 19 9 7 0 9
1 14 0 15 1 0 12
8 20 14 9 4 0 10
4 24 12 10 3 0 2
3 16 12 10 3 0 10
10 22 7 13 2 0 15
14 23 0 12 1 2 11
3 27 15 10 5 0 10
20 27 0 3 1 7 8
23 16 0 7 1 3 10
13 24 0 7 1 2 1
1 23 7 13 2 0 12
29 11 0 2 1 15 2
12 18 0 3 1 10 4
26 30 0 4 1 8 1
5 15 0 15 1 0 9
7 22 0 12 1 1 2
3 26 15 10 5 0 10
9 13 0 12 1 1 5
11 17 0 2 1 16 1
4 6 0 15 1 0 2
0 19 7 13 2 0 8
5 7 0 15 1 0 9
27 12 0 4 1 8 5
18 29 0 2 1 12 3
10 14 0 15 1 0 15
16 20 0 3 1 5 9
0 9 0 15 1 0 8
