1 0 2 0 1 0 10 0
1 0 3 0 4 0 17 0
1 0 3 0 4 0 11 0
9 2 1 2 1 15 4 0
1 0 1 0 2 0 8 0
3 2 1 2 1 4 8 0
1 0 3 0 1 0 11 0
1 0 4 0 4 0 14 0
1 0 3 0 1 0 12 0
2 1 2 0 2 1 7 0
2 1 0 0 0 1 0 1
2 1 0 0 0 1 0 1
2 1 1 0 1 1 12 0
4 2 1 2 1 5 4 0
7 2 1 3 2 13 7 0
5 2 1 2 1 7 9 0
3 2 1 1 1 3 11 0
10 2 1 4 2 20 3 0
11 2 2 2 0 21 2 0
4 2 1 2 1 5 10 0
8 2 2 2 1 14 6 0
12 2 0 2 0 22 0 0
2 2 1 0 1 2 9 0
3 2 0 1 0 3 0 0
9 1 0 2 0 15 0 1
6 1 1 2 1 8 8 0
3 2 2 1 1 3 5 0
2 1 0 0 0 1 0 1
12 2 0 4 0 22 0 0
2 1 0 0 0 1 0 1
####
1 0 0 11 0 21 9 0 20 0
2 0 0 11 0 21 9 0 14 0
2 1 0 11 0 21 9 0 22 0
4 0 0 11 0 21 9 0 11 0
4 1 0 11 0 21 9 0 19 0
4 2 0 11 0 21 9 0 13 0
6 0 0 11 0 21 9 0 13 0
6 1 0 11 0 21 9 0 21 0
6 2 0 11 0 21 9 0 15 0
6 4 0 11 0 21 9 0 12 0
7 0 0 11 0 21 9 0 16 0
7 1 0 11 0 21 9 0 24 0
7 2 0 11 0 21 9 0 18 0
7 4 0 11 0 21 9 0 15 0
7 6 0 11 0 21 9 0 17 0
8 0 0 11 0 21 9 0 13 0
8 1 0 11 0 21 9 0 21 0
8 2 0 11 0 21 9 0 15 0
8 4 0 11 0 21 9 0 12 0
8 6 0 11 0 21 9 0 14 0
8 7 0 11 0 21 9 0 17 0
12 9 0 10 0 14 9 0 13 0
22 9 0 10 0 14 9 0 10 0
22 10 1 0 0 0 14 0 0 0
22 12 1 10 0 14 16 0 15 1
29 10 1 0 0 0 14 0 0 0
29 22 1 0 0 0 14 0 0 0
16 5 2 9 7 10 13 2 13 1
23 5 2 0 7 0 11 0 0 0
26 16 2 9 7 10 13 1 11 1
26 5 2 9 7 10 13 1 8 1
26 23 2 0 7 0 11 2 0 0
19 13 3 8 11 8 11 3 9 1
24 3 8 0 17 0 9 6 0 0
28 21 11 0 21 0 9 12 0 0
####
9 26 0 11 1 1 7
20 3 0 3 1 14 6
1 26 7 11 2 0 17
26 28 10 6 9 3 5
6 21 21 9 11 0 11
13 17 6 3 6 5 4
19 15 0 3 1 5 10
7 16 7 11 2 0 14
12 16 0 11 1 1 12
3 17 0 3 1 15 4
2 19 11 9 3 0 11
4 9 0 14 1 0 8
8 10 0 14 1 0 12
8 29 0 14 1 0 12
6 15 13 8 4 0 11
15 25 0 2 1 7 9
6 11 0 14 1 0 11
7 27 0 14 1 0 14
2 20 16 8 7 0 11
7 18 20 8 10 0 14
0 5 7 11 2 0 10
25 14 0 2 1 8 8
18 28 0 3 1 21 2
2 3 17 9 8 0 11
14 20 0 2 1 13 7
26 13 0 6 1 3 5
18 21 0 3 1 21 2
16 19 0 6 1 3 11
0 23 7 11 2 0 10
17 18 0 2 1 20 3
1 22 0 14 1 0 17
1 12 0 14 1 0 17
20 24 0 3 1 14 6
8 22 0 14 1 0 12
7 13 11 9 3 0 14
22 5 0 11 1 2 9
9 23 0 11 1 1 7
5 14 4 5 4 4 8
