1 0 4 0 4 0 14 0
1 0 3 0 6 0 20 0
1 0 3 0 3 0 14 0
9 2 1 2 0 13 1 0
1 0 2 0 3 0 9 0
1 0 2 0 5 0 14 0
1 0 3 0 3 0 11 0
5 2 1 2 1 6 3 0
2 1 3 0 3 1 13 0
2 1 2 0 2 1 10 0
3 2 2 1 2 2 8 0
2 1 2 0 1 1 5 0
3 2 1 1 1 3 3 0
6 2 1 2 2 8 8 0
7 2 2 2 3 10 7 0
5 2 1 2 0 9 1 0
4 2 1 2 1 5 10 0
8 2 2 2 1 11 4 0
9 2 1 4 1 16 2 0
11 2 0 4 0 21 0 0
10 2 1 3 0 17 1 0
4 2 1 4 1 7 2 0
5 2 1 2 1 7 9 0
3 2 0 1 0 3 0 0
3 2 2 1 1 3 11 0
6 1 0 2 0 10 0 1
4 2 1 2 1 4 4 0
9 2 0 4 0 12 0 0
3 1 0 1 0 2 0 1
8 2 1 2 1 12 2 0
3 1 0 1 0 2 0 1
####
1 0 0 10 0 24 7 0 24 0
2 0 0 10 0 24 7 0 18 0
2 1 0 10 0 24 7 0 22 0
4 0 0 10 0 24 7 0 12 0
4 1 0 10 0 24 7 0 16 0
4 2 0 10 0 24 7 0 10 0
5 0 0 10 0 24 7 0 21 0
5 1 0 10 0 24 7 0 25 0
5 2 0 10 0 24 7 0 19 0
5 4 0 10 0 24 7 0 13 0
6 0 0 10 0 24 7 0 18 0
6 1 0 10 0 24 7 0 22 0
6 2 0 10 0 24 7 0 16 0
6 4 0 10 0 24 7 0 10 0
6 5 0 10 0 24 7 0 19 0
9 8 0 9 0 21 4 0 15 0
11 9 0 4 0 12 5 0 6 0
12 10 0 3 0 6 8 0 4 0
23 10 2 0 3 0 12 2 0 0
24 10 2 8 3 15 13 1 13 1
24 23 2 0 3 0 12 1 0 0
28 24 2 0 3 0 12 2 0 0
30 12 2 0 3 0 12 2 0 0
21 16 3 0 9 0 9 3 0 0
26 21 3 0 9 0 9 4 0 0
26 16 3 7 9 12 10 3 11 1
15 7 4 0 12 0 9 0 0 0
22 15 4 0 12 0 9 1 0 0
22 7 4 6 12 9 10 1 9 1
25 13 5 0 15 0 8 3 0 0
29 17 7 3 18 4 9 8 3 1
18 3 8 2 20 1 10 11 1 1
27 18 8 0 20 0 9 11 0 0
27 3 8 0 20 0 9 10 0 0
####
14 17 0 3 1 10 7
22 13 0 5 1 7 9
0 7 12 9 4 0 14
10 21 0 9 1 2 8
0 16 9 9 3 0 14
2 22 12 9 4 0 14
2 12 3 12 2 0 14
8 28 0 9 1 1 13
10 26 0 9 1 2 8
5 8 0 9 1 0 14
6 14 17 7 6 0 11
8 24 0 9 1 1 13
0 15 12 9 4 0 14
24 27 11 9 6 3 11
8 20 20 4 8 1 13
16 22 0 6 1 5 10
29 3 0 5 1 12 2
26 7 0 6 1 4 4
1 10 3 12 2 0 20
18 20 0 4 1 16 2
12 21 0 9 1 3 3
1 24 3 12 2 0 20
11 30 0 9 1 1 5
15 25 0 5 1 9 1
5 17 18 8 7 0 14
7 18 5 6 4 6 3
9 10 0 9 1 1 10
6 23 3 12 2 0 11
1 9 0 9 1 0 20
20 19 0 2 1 17 1
3 19 1 4 2 13 1
2 3 20 9 8 0 14
6 26 9 9 3 0 11
11 12 0 9 1 1 5
17 27 0 5 1 11 4
4 11 0 9 1 0 9
14 29 0 3 1 10 7
17 18 0 5 1 11 4
4 29 18 8 7 0 9
21 15 0 6 1 7 2
13 14 0 3 1 8 8
24 16 0 9 1 3 11
0 13 15 8 5 0 14
9 23 0 9 1 1 10
