1 0 3 0 4 0 22 0
1 0 4 0 1 0 6 0
1 0 2 0 3 0 16 0
1 0 3 0 1 0 12 0
1 0 2 0 2 0 5 0
2 1 3 0 5 1 21 0
1 0 4 0 6 0 13 0
14 2 1 3 0 17 1 0
5 2 1 3 0 5 1 0
7 2 1 2 1 9 9 0
3 1 3 1 3 2 20 0
8 1 1 2 1 10 8 0
12 2 1 2 1 14 3 0
15 1 0 2 0 18 0 1
2 1 0 0 0 1 0 1
10 2 1 2 2 12 6 0
4 2 2 1 3 4 15 0
5 2 2 2 1 6 12 0
6 2 0 2 0 8 0 0
13 2 1 2 1 16 2 0
9 2 1 1 1 11 7 0
4 2 0 1 0 3 0 0
2 1 0 0 0 1 0 1
6 2 1 2 1 7 10 0
6 1 0 2 0 7 0 1
6 1 0 2 0 6 0 1
5 2 1 2 0 6 1 0
4 2 1 1 1 4 2 0
2 1 0 0 0 1 0 1
11 2 2 2 1 13 5 0
12 2 0 2 0 15 0 0
####
1 0 0 14 0 24 7 0 15 0
2 0 0 14 0 24 7 0 24 0
2 1 0 14 0 24 7 0 13 0
3 0 0 14 0 24 7 0 21 0
3 1 0 14 0 24 7 0 10 0
3 2 0 14 0 24 7 0 19 0
4 0 0 5 0 11 10 0 6 0
4 2 0 5 0 11 10 0 3 0
6 0 0 14 0 24 7 0 23 0
6 1 0 14 0 24 7 0 12 0
6 2 0 14 0 24 7 0 21 0
6 3 0 14 0 24 7 0 18 0
28 22 1 0 0 0 10 0 0 0
21 16 3 0 5 0 9 4 0 0
27 16 3 0 5 0 9 4 0 0
27 21 3 0 5 0 9 4 0 0
17 8 4 0 8 0 9 6 0 0
26 17 4 0 8 0 9 6 0 0
26 8 4 0 8 0 9 6 0 0
23 18 5 0 11 0 10 8 0 0
24 18 5 0 11 0 10 8 0 0
24 23 5 0 11 0 10 8 0 0
25 18 5 0 11 0 10 8 0 0
25 23 5 0 11 0 10 8 0 0
25 24 5 0 11 0 10 8 0 0
30 12 11 0 20 0 8 20 0 0
####
26 24 0 7 1 6 1
4 27 5 9 3 0 5
10 21 0 4 1 2 20
6 17 8 9 4 0 13
3 14 0 10 1 0 12
5 8 4 7 3 1 21
16 17 0 6 1 4 15
0 21 5 9 3 0 22
6 29 19 7 10 0 13
19 7 0 2 1 16 2
2 23 11 10 5 0 16
29 12 0 3 1 13 5
9 11 0 2 1 9 9
10 27 0 4 1 2 20
1 28 0 10 1 0 6
17 23 0 7 1 6 12
6 15 18 7 9 0 13
8 25 0 7 1 5 1
2 16 5 9 3 0 16
29 30 0 3 1 13 5
0 12 20 8 11 0 22
3 9 15 7 6 0 12
0 5 0 10 1 0 22
15 29 0 2 1 12 6
1 19 22 7 12 0 6
16 26 0 6 1 4 15
17 18 0 7 1 6 12
1 22 0 10 1 0 6
5 10 0 5 1 1 21
10 16 0 4 1 2 20
7 13 0 2 1 17 1
5 7 19 5 12 1 21
12 19 0 3 1 14 3
23 9 0 5 1 7 10
6 20 17 7 8 0 13
3 18 11 10 5 0 12
4 26 8 9 4 0 5
11 20 0 2 1 10 8
27 8 0 6 1 4 2
20 15 0 2 1 11 7
1 30 20 8 11 0 6
