1 0 2 0 4 0 18 0
1 0 4 0 3 0 8 0
1 0 4 0 4 0 11 0
1 0 4 0 3 0 13 0
1 0 3 0 3 0 12 0
1 0 1 0 1 0 2 0
1 0 3 0 5 0 22 0
7 2 1 2 1 8 2 0
4 2 1 2 2 4 8 0
1 0 4 0 3 0 8 0
4 2 1 2 0 5 1 0
7 2 1 2 0 12 1 0
4 2 1 2 1 5 4 0
4 2 1 2 1 5 3 0
2 1 0 0 0 1 0 1
5 2 1 2 0 6 1 0
7 2 1 2 0 11 1 0
2 1 3 0 5 1 21 0
2 1 3 0 3 1 14 0
2 1 0 0 0 1 0 1
3 2 1 1 1 3 3 0
5 1 2 2 2 5 7 0
5 2 1 2 1 6 2 0
8 2 1 4 0 16 1 0
5 2 1 2 1 7 3 0
3 2 1 1 0 2 1 0
5 2 1 2 1 7 3 0
3 2 2 1 2 3 7 0
5 1 0 2 0 6 0 1
9 2 0 2 0 17 0 0
8 2 0 2 0 13 0 0
6 2 1 3 1 10 2 0
3 2 2 1 2 3 11 0
6 2 1 1 1 6 3 0
3 2 1 1 1 3 4 0
6 1 0 2 0 7 0 1
8 2 0 4 0 13 0 0
6 2 1 2 1 9 2 0
4 2 1 2 1 5 4 0
4 2 1 2 1 4 2 0
####
1 0 0 5 0 21 12 0 5 0
2 0 0 8 0 31 9 0 9 0
2 1 0 7 0 28 11 0 4 0
3 0 0 8 0 31 9 0 7 0
3 1 0 7 0 28 11 0 7 0
3 2 0 8 0 31 9 0 6 0
4 0 0 8 0 31 9 0 11 0
4 1 0 7 0 28 11 0 10 0
4 2 0 8 0 31 9 0 10 0
4 3 0 8 0 31 9 0 8 0
5 0 0 7 0 28 11 0 7 0
5 3 0 7 0 28 11 0 4 0
6 0 0 8 0 31 9 0 12 0
6 1 0 7 0 28 11 0 11 0
6 2 0 8 0 31 9 0 11 0
6 3 0 8 0 31 9 0 9 0
6 4 0 8 0 31 9 0 13 0
6 5 0 7 0 28 11 0 8 0
9 0 0 8 0 31 9 0 8 0
9 2 0 8 0 31 9 0 7 0
9 3 0 8 0 31 9 0 5 0
9 4 0 8 0 31 9 0 9 0
9 5 0 7 0 28 11 0 3 0
9 6 0 8 0 31 9 0 10 0
18 17 0 7 0 27 5 0 10 0
27 20 2 0 4 0 13 1 0 0
27 25 2 5 4 19 16 2 4 1
32 25 2 0 4 0 13 2 0 0
32 27 2 0 4 0 13 2 0 0
34 20 2 0 4 0 13 2 0 0
34 27 2 0 4 0 13 1 0 0
34 32 0 6 0 22 6 0 8 0
10 8 3 0 9 0 14 4 0 0
12 10 3 0 9 0 14 4 0 0
12 8 3 4 9 13 17 2 6 1
13 10 3 0 9 0 14 3 0 0
13 8 0 5 0 16 7 0 6 0
38 10 3 0 9 0 14 3 0 0
38 8 3 0 9 0 14 4 0 0
38 12 3 0 9 0 14 4 0 0
38 13 3 0 9 0 14 4 0 0
39 10 3 0 9 0 14 3 0 0
39 13 3 0 9 0 14 4 0 0
39 38 3 0 9 0 14 4 0 0
28 21 4 0 15 0 14 6 0 0
28 26 4 0 15 0 14 1 0 0
28 22 4 0 15 0 14 5 0 0
28 24 4 0 15 0 14 5 0 0
28 15 4 0 15 0 14 5 0 0
26 21 4 3 15 7 17 4 4 1
26 24 4 0 15 0 14 1 0 0
26 15 4 0 15 0 14 0 0 0
22 21 0 4 0 10 7 0 4 0
22 15 4 0 15 0 14 6 0 0
24 21 4 0 15 0 14 6 0 0
24 22 4 0 15 0 14 6 0 0
24 15 4 0 15 0 14 6 0 0
33 31 5 0 21 0 12 8 0 0
37 31 5 0 21 0 12 3 0 0
37 33 5 0 21 0 12 8 0 0
37 35 5 0 21 0 12 8 0 0
35 31 5 0 21 0 12 2 0 0
11 7 6 0 25 0 11 3 0 0
16 11 6 0 25 0 11 5 0 0
16 7 6 0 25 0 11 2 0 0
30 23 7 0 28 0 11 4 0 0
36 30 7 0 28 0 11 7 0 0
36 23 7 0 28 0 11 10 0 0
####
13 22 0 12 1 5 3
0 27 4 13 2 0 18
22 23 7 9 3 6 2
25 36 19 8 5 2 1
37 16 0 7 1 9 2
1 26 15 14 4 0 8
24 37 0 10 1 7 3
9 22 15 14 4 0 8
1 15 15 14 4 0 8
17 25 0 9 1 1 21
2 34 4 13 2 0 11
33 7 0 7 1 6 3
3 7 25 11 6 0 13
9 37 21 12 5 0 8
6 17 0 12 1 0 22
4 33 21 12 5 0 12
3 24 15 14 4 0 13
16 36 0 6 1 11 1
18 34 0 9 1 1 14
15 35 0 10 1 6 1
20 39 0 11 1 3 3
18 38 5 10 2 1 14
27 10 0 11 1 3 7
38 24 0 12 1 5 4
6 25 4 13 2 0 22
21 31 0 10 1 5 7
1 10 9 14 3 0 8
7 23 0 6 1 8 2
18 20 0 9 1 1 14
2 39 9 14 3 0 11
31 11 0 7 1 10 2
9 14 0 12 1 0 8
39 15 0 12 1 4 2
11 30 0 6 1 12 1
21 33 0 10 1 5 7
17 32 0 9 1 1 21
23 29 0 4 1 16 1
8 21 0 12 1 4 8
2 20 4 13 2 0 11
0 18 0 12 1 0 18
34 13 0 11 1 3 4
3 19 0 12 1 0 13
17 27 0 9 1 1 21
10 28 0 12 1 5 1
4 29 31 9 8 0 12
9 13 9 14 3 0 8
3 12 9 14 3 0 13
6 8 9 14 3 0 22
5 16 25 11 6 0 2
12 26 0 12 1 5 4
2 11 25 11 6 0 11
27 38 0 11 1 3 7
32 12 0 11 1 3 11
26 31 0 10 1 7 3
32 8 0 11 1 3 11
1 30 28 11 7 0 8
4 32 4 13 2 0 12
