1 0 4 0 7 0 19 0
1 0 3 0 3 0 12 0
1 0 4 0 4 0 7 0
2 1 3 0 1 1 7 0
1 0 3 0 4 0 10 0
1 0 2 0 2 0 4 0
1 0 2 0 1 0 9 0
4 2 1 2 0 4 1 0
6 2 1 2 0 9 1 0
2 1 2 0 2 1 4 0
5 2 1 2 1 6 2 0
2 1 3 0 3 1 15 0
6 2 1 2 1 9 2 0
3 1 0 1 0 2 0 1
2 1 0 0 0 1 0 1
7 2 1 2 0 10 1 0
5 1 0 2 0 5 0 1
4 2 0 3 0 6 0 0
3 2 1 1 1 3 7 0
3 2 1 1 1 3 4 0
4 2 0 2 0 4 0 0
3 2 2 1 0 3 2 0
8 2 0 4 0 16 0 0
7 1 0 2 0 10 0 1
3 1 0 1 0 2 0 1
4 2 1 2 2 5 6 0
4 2 1 2 1 4 3 0
2 1 0 0 0 1 0 1
6 2 1 2 0 8 1 0
3 2 1 1 1 3 2 0
5 2 2 2 2 7 5 0
####
1 0 0 7 0 24 7 0 15 0
2 0 0 7 0 24 7 0 15 0
2 1 0 7 0 24 7 0 8 0
4 0 0 7 0 24 7 0 15 0
4 1 0 7 0 24 7 0 8 0
4 2 0 7 0 24 7 0 8 0
5 0 0 3 0 11 11 0 2 0
5 1 0 3 0 11 11 0 3 0
6 0 0 7 0 24 7 0 16 0
6 1 0 7 0 24 7 0 9 0
6 2 0 7 0 24 7 0 9 0
6 4 0 7 0 24 7 0 9 0
9 3 0 2 0 6 10 0 1 0
11 3 1 6 0 19 12 0 13 1
18 13 2 0 5 0 12 2 0 0
19 13 2 0 5 0 12 3 0 0
19 18 2 5 5 13 13 3 7 1
24 21 2 0 5 0 12 2 0 0
29 13 2 0 5 0 12 2 0 0
29 18 2 0 5 0 12 2 0 0
29 19 2 0 5 0 12 3 0 0
17 7 3 0 11 0 11 3 0 0
20 17 3 0 11 0 11 4 0 0
25 17 3 0 11 0 11 3 0 0
25 20 3 0 11 0 11 2 0 0
25 7 3 0 11 0 11 4 0 0
26 17 3 0 11 0 11 4 0 0
26 25 3 4 11 8 12 5 5 1
26 7 3 0 11 0 11 5 0 0
16 10 4 0 16 0 9 7 0 0
30 10 4 3 16 5 10 7 3 1
30 16 4 0 16 0 9 6 0 0
28 8 5 0 19 0 9 9 0 0
28 12 5 2 19 2 10 9 1 1
12 8 5 0 19 0 9 8 0 0
23 15 6 0 22 0 8 10 0 0
####
30 12 0 6 1 7 5
8 23 0 5 1 9 1
2 8 19 9 5 0 7
19 26 0 11 1 3 4
30 8 0 6 1 7 5
28 22 2 4 2 8 1
0 7 11 11 3 0 19
7 16 0 8 1 4 1
2 12 19 9 5 0 7
0 3 0 11 1 0 19
3 17 6 10 2 1 7
11 19 0 11 1 1 15
1 20 11 11 3 0 12
6 14 0 11 1 0 9
21 20 0 11 1 3 2
25 30 0 8 1 5 6
1 25 11 11 3 0 12
9 21 0 11 1 1 4
0 11 0 11 1 0 19
11 18 0 11 1 1 15
9 24 0 11 1 1 4
15 22 0 3 1 10 1
29 7 0 11 1 3 2
6 18 5 12 2 0 9
4 28 19 9 5 0 10
3 13 0 11 1 1 7
2 10 16 9 4 0 7
5 21 5 12 2 0 4
1 9 0 11 1 0 12
3 19 0 11 1 1 7
10 28 0 6 1 6 2
4 29 5 12 2 0 10
12 15 0 5 1 9 2
0 26 11 11 3 0 19
18 25 0 11 1 3 7
5 27 0 11 1 0 4
11 29 0 11 1 1 15
26 10 0 8 1 4 3
2 15 22 8 6 0 7
21 17 0 11 1 3 2
4 30 16 9 4 0 10
