1 0 4 0 6 0 23 0
1 0 3 0 1 0 10 0
5 2 1 2 2 6 7 0
10 1 0 2 0 18 0 1
1 0 3 0 3 0 18 0
4 2 1 2 1 5 8 0
6 2 2 4 2 13 9 0
7 2 1 4 2 15 6 0
1 0 4 0 4 0 14 0
1 0 3 0 4 0 24 0
1 0 3 0 5 0 22 0
2 1 2 0 3 1 19 0
8 2 2 3 3 16 5 0
3 2 1 1 2 3 18 0
5 1 1 2 2 6 7 0
10 1 0 2 0 18 0 1
2 1 3 0 3 1 22 0
4 2 1 2 2 5 12 0
6 2 2 3 2 13 6 0
2 1 0 0 0 1 0 1
7 2 1 2 1 14 2 0
7 2 1 2 1 14 2 0
2 1 0 0 0 1 0 1
8 2 1 2 0 15 1 0
4 2 2 2 2 4 17 0
9 2 2 2 0 17 2 0
8 2 1 4 0 21 1 0
10 2 0 2 0 19 0 0
9 2 1 2 0 17 1 0
6 1 0 2 0 7 0 1
9 2 0 3 0 16 0 0
3 2 1 1 1 3 13 0
3 2 2 1 2 3 16 0
5 2 2 2 2 6 11 0
5 2 1 2 2 6 10 0
9 2 0 2 0 22 0 0
####
1 0 0 9 0 27 9 0 10 0
4 0 0 9 0 27 9 0 15 0
4 1 0 9 0 27 9 0 5 0
8 0 0 9 0 27 9 0 17 0
8 1 0 9 0 27 9 0 7 0
8 4 0 9 0 27 9 0 12 0
9 0 0 9 0 27 9 0 19 0
9 1 0 9 0 27 9 0 9 0
9 4 0 9 0 27 9 0 14 0
9 8 0 9 0 27 9 0 16 0
10 0 0 9 0 27 9 0 18 0
10 1 0 9 0 27 9 0 8 0
10 4 0 9 0 27 9 0 13 0
10 8 0 9 0 27 9 0 15 0
10 9 0 9 0 27 9 0 17 0
16 11 0 8 0 23 7 0 15 0
22 16 1 0 0 0 10 0 0 0
31 13 0 7 0 20 6 0 12 0
32 13 2 7 4 20 12 0 9 1
32 31 2 7 4 20 12 2 9 1
24 17 3 6 7 17 12 2 10 1
24 5 3 5 7 13 13 2 8 1
17 5 3 5 7 13 13 4 7 1
14 2 4 4 10 9 14 4 6 1
33 2 4 4 10 9 14 4 5 1
33 14 4 4 10 9 14 6 5 1
34 2 4 4 10 9 14 6 5 1
34 14 4 4 10 9 14 1 5 1
34 33 4 5 10 13 13 4 8 1
18 6 5 3 14 6 13 10 3 1
29 18 5 0 14 0 9 6 0 0
29 6 5 0 14 0 9 8 0 0
20 7 6 0 17 0 9 12 0 0
21 20 6 0 17 0 9 10 0 0
21 7 6 0 17 0 9 12 0 0
23 12 7 0 20 0 9 14 0 0
26 23 7 0 20 0 9 16 0 0
26 12 7 0 20 0 9 18 0 0
30 25 8 0 23 0 10 16 0 0
30 28 8 0 23 0 10 16 0 0
28 25 8 0 23 0 10 18 0 0
35 30 8 0 23 0 10 18 0 0
35 25 8 0 23 0 10 20 0 0
35 28 8 0 23 0 10 20 0 0
15 3 9 0 27 0 9 20 0 0
27 3 9 0 27 0 9 20 0 0
27 15 9 0 27 0 9 20 0 0
####
8 35 23 10 8 0 14
2 18 0 7 1 6 7
7 12 0 6 1 15 6
9 22 0 10 1 0 24
26 35 0 7 1 21 1
8 28 23 10 8 0 14
1 2 10 10 4 0 10
20 26 0 6 1 14 2
23 30 0 7 1 15 1
6 7 0 6 1 13 9
9 21 17 9 6 0 24
14 18 0 7 1 6 7
17 33 0 7 1 5 12
32 7 10 6 4 3 16
0 17 7 9 3 0 23
0 11 0 10 1 0 23
16 32 0 7 1 1 22
33 6 0 7 1 6 11
24 34 0 7 1 4 17
28 27 0 7 1 17 1
25 15 0 7 1 17 2
4 34 10 10 4 0 18
33 29 0 7 1 6 11
12 28 0 7 1 16 5
18 20 0 6 1 13 6
11 13 0 7 1 1 19
8 25 23 10 8 0 14
0 33 10 10 4 0 23
13 24 0 6 1 3 18
4 5 7 9 3 0 18
16 30 19 8 7 1 22
10 13 4 9 2 0 22
21 23 0 6 1 14 2
12 25 0 7 1 16 5
31 17 0 6 1 3 13
10 24 7 9 3 0 22
9 16 0 10 1 0 24
1 19 0 10 1 0 10
24 2 0 7 1 4 17
10 32 4 9 2 0 22
18 21 0 6 1 13 6
6 26 3 6 2 13 9
11 12 16 7 6 1 19
25 3 0 7 1 17 2
0 23 20 9 7 0 23
4 20 17 9 6 0 18
34 6 0 7 1 6 10
16 31 0 7 1 1 22
1 27 27 9 9 0 10
8 31 4 9 2 0 14
5 14 0 7 1 5 8
32 5 0 6 1 3 16
