1 0 4 0 7 0 18 0
2 1 3 0 2 1 17 0
1 0 2 0 3 0 14 0
1 0 2 0 2 0 4 0
1 0 1 0 1 0 7 0
8 2 1 2 1 10 6 0
1 0 4 0 4 0 12 0
1 0 4 0 5 0 20 0
5 2 2 2 4 6 13 0
2 1 2 0 1 1 2 0
2 1 1 0 1 1 6 0
10 2 1 4 1 17 4 0
3 2 0 2 0 4 0 0
11 2 1 3 1 18 3 0
2 1 0 0 0 1 0 1
6 2 2 2 1 7 7 0
7 2 0 4 0 10 0 0
6 2 2 2 1 8 9 0
3 2 1 1 1 3 15 0
2 2 1 0 1 2 6 0
3 1 0 1 0 2 0 1
7 2 1 2 1 9 7 0
7 1 0 2 0 9 0 1
14 2 0 3 0 22 0 0
12 2 1 2 1 19 2 0
2 2 2 0 0 2 2 0
13 2 1 2 0 21 1 0
9 2 1 3 1 12 5 0
7 2 1 4 1 10 5 0
4 2 1 2 2 4 14 0
####
2 0 0 13 0 23 7 0 25 0
3 0 0 6 0 13 10 0 6 0
3 2 0 6 0 13 10 0 3 0
4 0 0 13 0 23 7 0 20 0
4 2 0 13 0 23 7 0 17 0
6 0 0 13 0 23 7 0 23 0
6 2 0 13 0 23 7 0 20 0
6 3 0 2 0 6 9 0 1 0
6 4 0 13 0 23 7 0 15 0
7 0 0 13 0 23 7 0 29 0
7 2 0 13 0 23 7 0 26 0
7 3 0 6 0 13 10 0 6 0
7 4 0 13 0 23 7 0 21 0
7 6 0 13 0 23 7 0 24 0
9 1 0 12 0 17 7 0 14 0
10 1 0 12 0 17 7 0 18 0
10 9 0 12 0 17 7 0 6 0
19 1 0 12 0 17 7 0 18 0
19 9 0 12 0 17 7 0 6 0
19 10 1 12 0 17 13 0 10 1
25 1 0 5 0 7 10 0 4 0
25 10 1 0 0 0 12 0 0 0
25 14 1 0 0 0 12 0 0 0
25 19 1 0 0 0 12 0 0 0
18 12 2 0 6 0 9 1 0 0
20 18 2 0 6 0 9 2 0 0
17 15 5 8 11 10 9 8 12 1
21 16 6 0 13 0 10 10 0 0
22 16 6 0 13 0 10 10 0 0
22 21 6 0 13 0 10 10 0 0
28 16 6 0 13 0 10 10 0 0
28 21 6 7 13 6 11 10 10 1
28 22 6 0 13 0 10 10 0 0
####
9 26 16 7 11 1 2
6 9 0 12 1 0 12
3 25 0 12 1 0 4
25 16 7 10 5 2 2
26 23 0 2 1 21 1
2 8 10 7 4 0 14
24 26 0 2 1 19 2
25 12 0 9 1 2 2
7 25 0 12 1 0 20
6 24 21 7 11 0 12
27 11 0 2 1 12 5
6 17 11 8 5 0 12
3 14 0 12 1 0 4
1 20 0 9 1 1 17
29 8 0 2 1 4 14
0 15 11 8 5 0 18
4 19 0 12 1 0 7
7 19 0 12 1 0 20
10 27 12 7 7 1 6
21 5 0 5 1 9 7
7 10 0 12 1 0 20
0 29 9 7 3 0 18
8 15 0 3 1 6 13
11 13 0 2 1 17 4
19 28 7 10 5 2 6
13 24 0 2 1 18 3
1 13 14 7 9 1 17
7 18 6 9 2 0 20
0 5 17 7 7 0 18
17 22 0 6 1 8 9
8 17 0 3 1 6 13
6 12 6 9 2 0 12
0 1 0 12 1 0 18
28 11 2 5 3 10 5
2 21 13 10 6 0 14
9 23 17 7 12 1 2
1 18 0 9 1 1 17
17 21 0 6 1 8 9
15 28 0 6 1 7 7
18 29 0 4 1 3 15
5 27 0 2 1 10 6
15 16 0 6 1 7 7
