1 0 3 0 1 0 3 0
1 0 2 0 3 0 13 0
1 0 4 0 5 0 14 0
2 1 3 0 4 1 12 0
1 0 2 0 2 0 12 0
1 0 2 0 3 0 5 0
1 0 2 0 1 0 10 0
7 2 1 2 1 11 4 0
1 0 2 0 2 0 5 0
2 1 0 0 0 1 0 1
1 0 3 0 1 0 5 0
3 1 3 1 2 2 10 0
4 2 1 2 2 5 8 0
2 1 2 0 2 1 12 0
4 2 1 1 1 4 4 0
1 0 3 0 2 0 10 0
2 1 2 0 2 1 4 0
5 2 2 2 1 7 7 0
6 2 0 4 0 11 0 0
3 2 1 1 0 2 1 0
2 1 0 0 0 1 0 1
4 1 0 1 0 3 0 1
6 2 1 2 1 6 2 0
3 2 1 1 0 3 1 0
7 2 1 2 0 7 1 0
8 2 1 2 1 13 3 0
9 2 1 3 1 14 2 0
6 2 1 2 1 9 5 0
5 2 1 2 1 5 3 0
4 1 0 2 0 4 0 1
8 1 0 2 0 8 0 1
3 2 1 1 1 3 9 0
3 2 1 1 1 3 2 0
10 2 1 2 0 16 1 0
4 1 0 2 0 3 0 1
2 2 0 0 0 2 0 0
2 1 0 0 0 1 0 1
11 2 0 2 0 17 0 0
4 2 1 2 0 4 1 0
2 1 0 0 0 1 0 1
####
1 0 0 10 0 30 10 0 10 0
2 0 0 10 0 30 10 0 8 0
2 1 0 10 0 30 10 0 16 0
4 0 0 10 0 30 10 0 9 0
4 1 0 10 0 30 10 0 17 0
4 2 0 10 0 30 10 0 15 0
5 4 0 3 0 13 15 0 3 0
6 0 0 10 0 30 10 0 8 0
6 1 0 10 0 30 10 0 16 0
6 2 0 10 0 30 10 0 14 0
6 4 0 10 0 30 10 0 15 0
8 2 0 7 0 26 11 0 10 0
10 1 0 5 0 21 12 0 8 0
10 4 0 5 0 21 12 0 5 0
10 6 0 5 0 21 12 0 4 0
15 0 0 10 0 30 10 0 7 0
15 1 0 10 0 30 10 0 15 0
15 2 0 10 0 30 10 0 13 0
15 4 0 10 0 30 10 0 14 0
15 6 0 10 0 30 10 0 13 0
15 10 0 5 0 21 12 0 3 0
13 3 0 9 0 22 9 0 13 0
35 20 1 0 0 0 17 0 0 0
36 35 1 0 0 0 17 0 0 0
23 19 2 0 8 0 14 2 0 0
31 11 0 8 0 17 6 0 10 0
31 23 2 0 8 0 14 0 0 0
32 31 2 3 8 8 17 2 3 1
21 14 3 0 13 0 15 4 0 0
29 12 3 0 13 0 15 2 0 0
34 29 3 0 13 0 15 4 0 0
38 12 3 2 13 2 18 4 1 1
27 22 5 0 21 0 12 4 0 0
27 18 5 0 21 0 12 10 0 0
24 7 6 0 24 0 11 7 0 0
30 25 7 0 26 0 11 10 0 0
####
24 30 0 4 1 7 1
6 9 0 17 1 0 10
3 11 0 13 1 1 12
28 22 0 5 1 5 3
7 25 0 4 1 11 4
5 19 8 14 2 0 5
11 14 0 11 1 2 10
15 36 0 17 1 0 10
3 7 16 10 5 1 12
4 31 8 14 2 0 12
13 32 0 13 1 1 12
8 14 13 15 3 0 5
15 35 0 17 1 0 10
31 12 0 11 1 3 9
32 38 0 11 1 3 2
4 23 8 14 2 0 12
25 26 0 3 1 13 3
12 17 0 8 1 5 8
0 37 30 10 10 0 3
10 35 0 17 1 0 5
2 27 21 12 5 0 14
11 25 13 7 5 2 10
0 33 29 10 9 0 3
14 28 0 8 1 4 4
22 24 0 5 1 6 2
26 33 0 2 1 14 2
1 13 0 17 1 0 13
23 29 0 11 1 3 1
16 23 0 13 1 1 4
2 3 0 17 1 0 14
11 21 0 11 1 2 10
2 24 24 11 6 0 14
16 19 0 13 1 1 4
3 26 20 9 7 1 12
10 32 8 14 2 0 5
17 27 0 5 1 7 7
6 12 13 15 3 0 10
15 17 19 11 4 0 10
17 18 0 5 1 7 7
38 18 2 9 2 4 1
2 28 19 11 4 0 14
5 16 0 17 1 0 5
8 22 21 12 5 0 5
0 39 0 17 1 0 3
33 37 0 2 1 16 1
27 7 0 5 1 9 5
19 34 0 11 1 2 1
1 38 13 15 3 0 13
10 20 0 17 1 0 5
13 31 0 13 1 1 12
