1 0 3 0 3 0 7 0
1 0 2 0 0 0 2 0
1 0 3 0 4 0 9 0
1 0 3 0 2 0 6 0
1 0 3 0 4 0 13 0
1 0 1 0 0 0 1 0
1 0 1 0 1 0 6 0
5 2 1 2 1 7 2 0
2 1 2 0 1 1 4 0
5 2 1 2 0 6 1 0
3 2 1 1 1 3 2 0
6 2 1 4 0 11 1 0
2 1 2 0 2 1 6 0
3 2 1 1 0 3 1 0
3 2 1 1 1 3 3 0
2 2 1 0 1 2 5 0
6 2 0 2 0 8 0 0
2 1 0 0 0 1 0 1
4 1 0 2 0 4 0 1
3 2 1 2 1 3 4 0
3 2 0 1 0 3 0 0
7 1 0 2 0 12 0 1
4 2 1 2 1 5 3 0
4 2 1 2 1 4 2 0
2 1 0 0 0 1 0 1
####
1 0 0 5 0 15 9 0 3 0
2 0 0 6 0 17 8 0 7 0
2 1 0 5 0 15 9 0 1 0
3 0 0 6 0 17 8 0 4 0
3 2 0 6 0 17 8 0 7 0
4 0 0 6 0 17 8 0 7 0
4 1 0 5 0 15 9 0 4 0
4 2 0 6 0 17 8 0 10 0
4 3 0 6 0 17 8 0 7 0
5 2 0 2 0 5 12 0 1 0
6 0 0 6 0 17 8 0 7 0
6 2 0 6 0 17 8 0 10 0
6 3 0 6 0 17 8 0 7 0
6 4 0 6 0 17 8 0 10 0
15 8 0 5 0 12 6 0 6 0
15 12 1 0 0 0 12 0 0 0
14 10 2 0 5 0 12 0 0 0
14 13 2 0 5 0 12 2 0 0
19 10 0 4 0 7 6 0 4 0
19 13 2 0 5 0 12 2 0 0
19 14 2 0 5 0 12 2 0 0
20 10 2 0 5 0 12 2 0 0
22 18 3 0 10 0 10 4 0 0
23 18 3 0 10 0 10 4 0 0
23 22 3 0 10 0 10 4 0 0
9 7 4 0 13 0 9 1 0 0
16 11 5 0 15 0 9 4 0 0
####
10 11 5 7 3 3 2
0 14 5 12 2 0 7
2 8 0 12 1 0 9
4 12 0 12 1 0 13
2 22 10 10 3 0 9
0 10 5 12 2 0 7
19 22 0 8 1 3 4
15 19 0 10 1 2 5
7 11 0 4 1 7 2
3 7 13 9 4 0 6
3 17 0 12 1 0 6
2 9 13 9 4 0 9
4 19 5 12 2 0 13
12 13 0 10 1 1 6
1 16 15 9 5 0 2
8 10 0 10 1 1 4
8 20 0 10 1 1 4
22 7 0 5 1 5 3
6 15 0 12 1 0 6
14 23 0 8 1 3 3
1 24 0 12 1 0 2
12 14 0 10 1 1 6
3 13 5 12 2 0 6
9 16 0 4 1 6 1
11 21 0 3 1 11 1
0 23 10 10 3 0 7
4 15 0 12 1 0 13
23 9 0 5 1 4 2
5 20 5 12 2 0 1
13 18 0 8 1 3 1
