1 0 3 0 4 0 22 0
1 0 3 0 6 0 25 0
1 0 2 0 1 0 10 0
5 1 0 2 0 6 0 1
1 0 4 0 5 0 18 0
2 1 1 0 1 1 8 0
1 0 1 0 2 0 10 0
1 0 4 0 5 0 11 0
7 2 1 2 2 10 5 0
2 1 3 0 5 1 23 0
11 2 1 2 0 23 1 0
8 1 2 2 1 11 4 0
6 2 1 3 1 9 7 0
3 2 1 1 1 3 10 0
3 2 2 1 3 3 14 0
6 2 1 2 0 8 1 0
4 2 2 2 2 5 11 0
3 2 2 1 1 2 4 0
4 2 1 2 1 5 9 0
7 2 0 2 0 10 0 0
7 2 1 2 2 11 6 0
9 2 0 4 0 14 0 0
4 2 1 2 0 5 1 0
5 2 2 2 2 7 9 0
8 2 2 2 1 12 5 0
5 1 0 2 0 6 0 1
12 2 0 3 0 24 0 0
9 2 1 3 1 20 3 0
5 2 1 2 1 7 8 0
10 2 1 4 1 22 2 0
6 2 1 2 1 8 6 0
####
1 0 0 11 0 24 7 0 33 0
2 0 0 11 0 24 7 0 22 0
2 1 0 11 0 24 7 0 25 0
4 0 0 11 0 24 7 0 28 0
4 1 0 11 0 24 7 0 31 0
4 2 0 11 0 24 7 0 20 0
6 0 0 11 0 24 7 0 22 0
6 1 0 11 0 24 7 0 25 0
6 2 0 11 0 24 7 0 14 0
6 4 0 11 0 24 7 0 20 0
7 0 0 11 0 24 7 0 22 0
7 1 0 11 0 24 7 0 25 0
7 2 0 11 0 24 7 0 14 0
7 4 0 11 0 24 7 0 20 0
7 6 0 11 0 24 7 0 14 0
9 5 1 10 0 22 9 0 22 1
14 13 2 9 2 19 10 0 16 1
17 13 2 9 2 19 10 2 10 1
17 14 2 9 2 19 10 2 10 1
18 16 3 8 5 16 10 2 14 1
22 16 3 0 5 0 9 2 0 0
22 18 3 0 5 0 9 2 0 0
23 3 4 0 8 0 10 4 0 0
25 3 4 0 8 0 10 4 0 0
25 23 4 0 8 0 10 4 0 0
28 3 4 0 8 0 10 4 0 0
28 23 4 7 8 12 11 4 12 1
28 25 4 0 8 0 10 4 0 0
15 12 5 0 12 0 9 6 0 0
30 15 5 0 12 0 9 6 0 0
30 12 5 6 12 9 10 6 10 1
19 8 6 0 15 0 9 8 0 0
20 19 6 0 15 0 9 8 0 0
20 8 6 5 15 6 10 8 8 1
24 11 7 4 18 4 9 10 6 1
27 21 8 0 20 0 8 18 0 0
####
0 14 2 9 2 0 22
4 18 5 9 3 0 18
17 29 17 4 7 2 4
30 8 0 6 1 8 6
1 17 2 9 2 0 25
10 26 0 2 1 23 1
15 19 0 6 1 8 1
28 12 0 7 1 7 8
14 22 0 6 1 3 14
7 20 15 9 6 0 11
27 29 0 3 1 20 3
23 30 0 7 1 7 9
12 20 0 6 1 9 7
2 19 15 9 6 0 10
24 27 0 4 1 12 5
5 12 10 5 4 1 8
7 24 18 8 7 0 11
1 5 0 8 1 0 25
9 17 0 5 1 1 23
11 27 0 4 1 11 4
23 15 0 7 1 7 9
16 25 0 7 1 5 11
22 3 0 7 1 5 1
4 10 23 7 10 0 18
9 14 0 5 1 1 23
8 11 0 5 1 10 5
16 23 0 7 1 5 11
4 16 5 9 3 0 18
11 26 4 3 4 11 4
6 23 8 10 4 0 10
18 28 0 7 1 5 9
1 9 0 8 1 0 25
0 30 12 9 5 0 22
7 22 5 9 3 0 11
7 8 15 9 6 0 11
9 13 0 5 1 1 23
2 28 8 10 4 0 10
14 16 0 6 1 3 14
20 24 0 5 1 11 6
4 15 12 9 5 0 18
0 13 2 9 2 0 22
29 10 0 2 1 22 2
17 21 15 5 6 2 4
13 18 0 6 1 3 10
24 21 0 4 1 12 5
