1 0 4 0 5 0 13 0
5 1 1 2 1 8 5 0
1 0 2 0 4 0 16 0
1 0 4 0 4 0 13 0
2 1 2 0 1 1 9 0
1 0 2 0 2 0 14 0
6 2 1 3 2 14 4 0
3 1 0 1 0 2 0 1
1 0 4 0 4 0 11 0
1 0 3 0 3 0 12 0
2 2 1 0 0 2 1 0
3 2 1 1 1 3 7 0
4 2 1 2 2 5 4 0
2 1 1 0 2 1 7 0
3 2 1 2 1 4 6 0
7 2 2 2 1 15 3 0
4 2 1 2 1 5 5 0
2 2 2 0 1 2 8 0
4 2 1 4 1 7 6 0
5 2 2 2 1 7 3 0
3 2 0 2 0 3 0 0
8 2 1 2 0 16 1 0
8 2 0 3 0 21 0 0
2 2 1 0 1 2 7 0
3 2 2 1 1 3 6 0
6 2 1 2 0 9 1 0
3 1 0 2 0 3 0 1
4 1 0 2 0 4 0 1
9 2 0 2 0 17 0 0
6 1 0 2 0 8 0 1
####
2 0 0 8 0 23 7 0 13 0
3 0 0 8 0 23 7 0 12 0
3 2 0 8 0 23 7 0 13 0
5 0 0 8 0 23 7 0 11 0
5 2 0 8 0 23 7 0 12 0
5 3 0 8 0 23 7 0 11 0
8 0 0 8 0 23 7 0 12 0
8 2 0 8 0 23 7 0 13 0
8 3 0 8 0 23 7 0 12 0
8 5 0 8 0 23 7 0 11 0
9 0 0 8 0 23 7 0 15 0
9 2 0 8 0 23 7 0 16 0
9 3 0 8 0 23 7 0 15 0
9 5 0 8 0 23 7 0 14 0
9 8 0 8 0 23 7 0 15 0
13 4 0 6 0 16 7 0 9 0
17 4 0 7 0 18 6 0 11 0
17 13 0 6 0 16 7 0 8 0
23 4 0 7 0 18 6 0 11 0
23 10 1 0 0 0 11 0 0 0
23 13 0 6 0 16 7 0 8 0
23 17 1 7 0 18 12 0 10 1
11 7 2 0 5 0 12 2 0 0
20 14 2 0 5 0 12 2 0 0
14 11 0 6 0 12 7 0 9 0
24 7 2 0 5 0 12 1 0 0
24 11 2 5 5 10 14 1 7 1
24 14 2 5 5 10 14 1 6 1
26 11 2 0 5 0 12 1 0 0
26 14 2 0 5 0 12 2 0 0
18 16 3 5 11 8 11 3 7 1
18 12 3 4 11 6 12 3 5 1
16 12 3 4 11 6 12 3 4 1
27 18 3 0 11 0 10 3 0 0
27 16 3 0 11 0 10 3 0 0
27 12 3 0 11 0 10 2 0 0
19 1 4 3 15 4 10 5 3 1
25 6 5 2 17 1 11 4 1 1
29 6 5 0 17 0 9 4 0 0
29 25 5 0 17 0 9 2 0 0
22 21 7 0 21 0 8 12 0 0
####
16 6 2 7 2 5 5
4 7 0 11 1 1 9
21 28 0 3 1 16 1
5 13 0 11 1 0 14
17 20 0 11 1 2 8
3 21 21 8 7 0 13
0 16 11 10 3 0 13
1 6 0 5 1 8 5
0 10 0 11 1 0 13
3 28 23 7 8 0 13
10 26 0 11 1 2 1
3 17 0 11 1 0 13
18 1 0 6 1 7 6
19 29 0 5 1 7 3
24 27 0 10 1 3 6
8 10 0 11 1 0 11
19 25 0 5 1 7 3
9 17 0 11 1 0 12
11 18 0 10 1 3 7
25 22 1 5 2 9 1
6 15 0 4 1 14 4
8 15 20 7 6 0 11
8 25 17 9 5 0 11
15 22 0 3 1 15 3
9 20 5 12 2 0 12
13 24 0 11 1 1 7
8 11 5 12 2 0 11
23 14 0 11 1 2 7
2 24 5 12 2 0 16
4 11 0 11 1 1 9
0 23 0 11 1 0 13
17 18 6 9 2 2 8
3 12 11 10 3 0 13
14 16 0 10 1 4 6
0 19 15 8 4 0 13
15 21 0 3 1 15 3
12 19 0 6 1 5 4
9 23 0 11 1 0 12
5 14 5 12 2 0 14
24 12 0 10 1 3 6
2 4 0 11 1 0 16
