1 0 3 0 4 0 17 0
1 0 3 0 5 0 18 0
1 0 4 0 4 0 13 0
1 0 2 0 3 0 7 0
1 0 2 0 2 0 14 0
2 1 1 0 2 1 5 0
5 2 1 2 1 6 9 0
3 2 2 1 1 3 4 0
5 2 0 3 0 9 0 0
2 1 3 0 3 1 17 0
7 2 1 2 2 9 7 0
10 2 1 2 1 15 2 0
12 2 0 3 0 21 0 0
3 2 1 1 1 3 11 0
3 2 2 1 3 3 8 0
8 2 2 2 2 11 6 0
9 2 1 2 0 12 1 0
11 2 1 4 0 20 1 0
4 2 1 2 1 4 4 0
4 2 2 2 1 5 4 0
9 2 1 4 1 14 3 0
4 2 1 2 1 4 10 0
10 1 0 2 0 13 0 1
6 2 1 2 1 8 8 0
5 2 1 3 1 9 2 0
####
1 0 0 11 0 19 6 0 27 0
2 0 0 11 0 19 6 0 22 0
2 1 0 11 0 19 6 0 23 0
3 0 0 11 0 19 6 0 17 0
3 1 0 11 0 19 6 0 18 0
3 2 0 11 0 19 6 0 13 0
4 0 0 11 0 19 6 0 23 0
4 1 0 11 0 19 6 0 24 0
4 2 0 11 0 19 6 0 19 0
4 3 0 11 0 19 6 0 14 0
9 5 0 10 0 17 3 0 16 0
13 7 0 9 0 14 4 0 10 0
14 7 0 9 0 14 4 0 8 0
14 13 2 9 2 14 9 0 14 1
19 18 3 8 5 11 9 2 5 1
21 18 3 8 5 11 9 2 10 1
21 19 3 8 5 11 9 2 9 1
8 6 4 0 8 0 8 4 0 0
24 8 4 0 8 0 8 4 0 0
24 6 4 7 8 8 9 4 7 1
20 16 8 0 14 0 7 14 0 0
22 11 9 0 16 0 7 16 0 0
####
19 8 0 6 1 5 4
3 15 13 6 7 0 7
15 20 0 3 1 11 6
0 14 2 8 2 0 17
24 17 7 4 6 9 2
3 11 16 7 9 0 7
10 15 0 2 1 9 7
15 16 0 3 1 11 6
21 6 0 6 1 4 10
13 21 0 6 1 3 11
2 19 5 8 3 0 13
0 21 5 8 3 0 17
1 16 14 7 8 0 18
14 18 0 6 1 3 8
7 24 3 6 2 3 4
2 23 11 6 5 0 13
16 22 0 4 1 12 1
18 20 6 5 5 4 4
9 14 0 5 1 1 17
23 10 0 2 1 8 8
4 5 0 7 1 0 14
14 19 0 6 1 3 8
2 10 12 6 6 0 13
19 24 0 6 1 5 4
6 23 0 4 1 6 9
1 9 0 7 1 0 18
2 7 2 8 2 0 13
9 13 0 5 1 1 17
11 17 0 3 1 15 2
4 6 8 8 4 0 14
5 7 0 5 1 1 5
0 13 2 8 2 0 17
20 11 0 4 1 14 3
1 18 5 8 3 0 18
17 12 0 2 1 20 1
7 8 3 6 2 3 4
9 12 17 3 10 1 17
