1 0 4 0 3 0 11 0
1 0 3 0 3 0 8 0
1 0 3 0 5 0 19 0
1 0 2 0 2 0 6 0
1 0 4 0 5 0 20 0
1 0 1 0 2 0 9 0
9 2 1 2 1 13 3 0
6 2 1 2 0 7 1 0
2 1 2 0 2 1 7 0
3 2 2 1 1 3 5 0
4 2 1 2 2 5 9 0
2 1 2 0 2 1 12 0
6 2 1 2 1 8 6 0
10 2 1 2 1 14 2 0
4 2 1 2 1 4 3 0
4 1 0 2 0 4 0 1
11 2 1 2 0 15 1 0
7 2 1 2 1 10 5 0
3 2 1 1 0 3 1 0
5 2 1 2 1 6 2 0
7 2 0 2 0 9 0 0
12 2 0 4 0 17 0 0
3 2 1 1 1 3 10 0
5 2 2 2 1 7 8 0
8 2 1 2 1 12 4 0
3 1 0 1 0 2 0 1
6 1 0 2 0 8 0 1
####
1 0 0 11 0 20 7 0 12 0
2 0 0 11 0 20 7 0 19 0
2 1 0 11 0 20 7 0 15 0
3 0 0 11 0 20 7 0 13 0
3 1 0 11 0 20 7 0 9 0
3 2 0 11 0 20 7 0 16 0
4 0 0 11 0 20 7 0 18 0
4 1 0 11 0 20 7 0 14 0
4 2 0 11 0 20 7 0 21 0
4 3 0 11 0 20 7 0 15 0
5 0 0 11 0 20 7 0 15 0
5 1 0 11 0 20 7 0 11 0
5 2 0 11 0 20 7 0 18 0
5 3 0 11 0 20 7 0 12 0
5 4 0 11 0 20 7 0 17 0
18 9 2 0 2 0 10 1 0 0
22 9 2 0 2 0 10 1 0 0
22 18 2 9 2 14 11 2 8 1
25 9 2 0 2 0 10 2 0 0
25 18 2 0 2 0 10 1 0 0
25 22 2 0 2 0 10 1 0 0
14 10 3 0 6 0 9 3 0 0
15 14 3 0 6 0 9 2 0 0
15 10 3 0 6 0 9 3 0 0
23 19 4 0 9 0 8 5 0 0
12 7 5 0 11 0 9 7 0 0
26 7 5 0 11 0 9 7 0 0
26 12 5 0 11 0 9 4 0 0
20 17 6 0 14 0 8 3 0 0
####
4 8 0 8 1 0 20
0 20 14 8 6 0 11
4 18 2 10 2 0 20
8 9 0 6 1 1 7
0 16 19 7 10 0 11
16 21 0 2 1 15 1
0 10 6 9 3 0 11
4 22 2 10 2 0 20
23 26 0 5 1 7 8
23 12 0 5 1 7 8
2 12 11 9 5 0 19
3 17 14 8 6 0 6
5 23 9 8 4 0 9
7 20 0 5 1 7 1
2 9 2 10 2 0 19
9 15 0 7 1 3 5
19 7 0 5 1 6 2
13 16 0 2 1 14 2
11 22 0 6 1 1 12
17 24 0 3 1 10 5
12 17 0 5 1 8 6
11 18 0 6 1 1 12
22 10 0 7 1 3 10
8 25 0 6 1 1 7
1 24 16 7 7 0 8
9 14 0 7 1 3 5
3 13 18 7 9 0 6
14 19 0 5 1 4 3
24 6 0 2 1 12 4
4 14 6 9 3 0 20
1 19 9 8 4 0 8
10 23 0 5 1 5 9
18 21 14 5 9 3 1
2 11 0 8 1 0 19
0 6 17 7 8 0 11
6 13 0 2 1 13 3
1 7 11 9 5 0 8
