1 0 3 0 3 0 10 0
1 0 3 0 5 0 25 0
15 2 1 2 1 17 4 0
1 0 3 0 3 0 8 0
1 0 4 0 4 0 17 0
1 0 1 0 1 0 2 0
2 1 3 0 7 1 24 0
10 2 1 2 1 12 9 0
1 0 3 0 4 0 13 0
3 1 3 1 4 2 23 0
13 2 1 2 1 15 6 0
11 1 1 2 1 13 8 0
4 2 2 1 2 4 5 0
4 2 1 1 1 4 2 0
7 2 1 2 2 8 12 0
5 2 1 2 1 5 14 0
8 2 2 3 2 9 11 0
16 2 1 4 2 18 3 0
6 2 0 4 0 8 0 0
5 2 2 3 1 5 3 0
6 2 1 2 0 7 1 0
9 2 1 2 1 10 10 0
12 2 1 1 1 14 7 0
17 2 2 2 0 19 2 0
18 1 0 2 0 20 0 1
6 2 1 2 1 6 13 0
4 2 1 1 1 3 15 0
5 2 1 2 0 6 1 0
18 2 0 4 0 23 0 0
14 2 1 2 1 16 5 0
7 2 0 2 0 8 0 0
####
1 0 0 17 0 23 8 0 26 0
3 0 0 17 0 23 8 0 10 0
3 1 0 17 0 23 8 0 20 0
4 0 0 17 0 23 8 0 21 0
4 1 0 17 0 23 8 0 31 0
4 3 0 17 0 23 8 0 15 0
5 1 0 5 0 8 9 0 6 0
5 3 0 5 0 8 9 0 4 0
8 0 0 17 0 23 8 0 19 0
8 1 0 17 0 23 8 0 29 0
8 3 0 17 0 23 8 0 13 0
8 4 0 17 0 23 8 0 24 0
13 12 3 2 2 3 12 0 1 1
26 12 3 14 2 18 11 4 14 1
26 13 3 0 2 0 9 4 0 0
19 15 4 13 5 15 11 6 12 1
27 19 4 0 5 0 9 6 0 0
27 15 4 0 5 0 9 6 0 0
20 18 5 0 8 0 9 9 0 0
25 20 5 0 8 0 9 8 0 0
25 18 5 0 8 0 9 9 0 0
30 14 6 0 11 0 8 10 0 0
28 24 17 0 23 0 8 16 0 0
####
9 26 0 4 1 2 23
6 9 0 2 1 1 24
8 23 22 7 16 0 13
1 26 2 9 3 0 25
0 2 20 7 14 0 10
0 7 15 7 9 0 10
16 21 0 2 1 9 11
1 6 0 7 1 0 25
7 11 0 2 1 12 9
26 15 0 6 1 3 15
8 14 11 8 6 0 13
16 17 7 2 8 9 11
20 30 0 5 1 7 1
11 22 0 2 1 13 8
17 23 0 2 1 18 3
22 10 0 2 1 14 7
0 29 19 7 13 0 10
4 10 18 7 12 0 17
19 28 15 5 13 5 3
3 13 2 9 3 0 8
15 25 0 6 1 5 14
8 21 14 7 8 0 13
3 30 11 8 6 0 8
12 18 3 6 2 4 5
29 2 0 2 1 16 5
4 25 8 9 5 0 17
25 14 0 5 1 6 13
4 20 8 9 5 0 17
19 20 0 6 1 5 3
23 24 0 3 1 19 2
2 17 0 2 1 17 4
6 19 4 4 3 1 24
9 13 0 4 1 2 23
3 12 2 9 3 0 8
1 22 17 7 11 0 25
14 16 0 3 1 8 12
23 28 0 3 1 19 2
27 18 0 6 1 6 1
4 15 5 9 4 0 17
12 19 0 6 1 4 5
13 27 0 6 1 4 2
5 27 5 9 4 0 2
10 29 0 2 1 15 6
21 7 0 2 1 10 10
6 16 12 2 6 1 24
9 12 0 4 1 2 23
