1 0 4 0 6 0 18 0
1 0 3 0 1 0 12 0
1 0 3 0 3 0 17 0
6 1 1 2 1 8 6 0
1 0 3 0 4 0 10 0
4 2 0 2 0 5 0 0
6 2 1 2 1 9 3 0
1 0 3 0 3 0 19 0
9 2 1 4 1 17 3 0
4 2 1 2 2 5 9 0
8 2 1 2 0 14 1 0
1 0 4 0 5 0 22 0
4 2 1 2 1 5 5 0
2 1 2 0 2 1 16 0
2 2 1 0 2 2 9 0
9 1 0 2 0 15 0 1
10 1 1 2 1 18 2 0
2 2 2 0 3 2 14 0
3 2 2 2 2 4 8 0
7 2 1 3 1 11 5 0
3 2 2 2 1 3 7 0
2 2 0 0 0 2 0 0
3 2 1 1 1 3 10 0
12 1 0 2 0 20 0 1
8 2 1 2 1 13 4 0
11 2 1 1 0 19 1 0
5 2 2 2 1 7 8 0
2 1 0 0 0 1 0 1
7 2 1 4 1 13 2 0
5 2 1 3 1 8 4 0
6 1 0 2 0 8 0 1
4 2 1 2 1 6 4 0
####
1 0 0 11 0 25 7 0 17 0
2 0 0 11 0 25 7 0 18 0
2 1 0 11 0 25 7 0 17 0
4 0 0 11 0 25 7 0 15 0
4 1 0 11 0 25 7 0 14 0
4 2 0 11 0 25 7 0 15 0
7 0 0 11 0 25 7 0 20 0
7 1 0 11 0 25 7 0 19 0
7 2 0 11 0 25 7 0 20 0
7 4 0 11 0 25 7 0 17 0
11 0 0 11 0 25 7 0 20 0
11 1 0 11 0 25 7 0 19 0
11 2 0 11 0 25 7 0 20 0
11 4 0 11 0 25 7 0 17 0
11 7 0 11 0 25 7 0 22 0
14 13 0 10 0 20 6 0 14 0
17 13 0 10 0 20 6 0 14 0
17 14 1 10 0 20 12 0 10 1
21 14 1 0 0 0 11 0 0 0
21 17 1 0 0 0 11 0 0 0
27 13 1 0 0 0 11 0 0 0
20 18 2 6 5 13 11 2 7 1
22 18 0 9 0 17 4 0 12 0
12 5 3 0 8 0 10 4 0 0
12 9 3 0 8 0 10 1 0 0
9 5 3 0 8 0 10 0 0 0
31 5 3 0 8 0 10 4 0 0
31 12 3 0 8 0 10 4 0 0
31 9 3 8 8 13 11 2 10 1
29 26 4 0 12 0 8 3 0 0
6 3 5 0 14 0 9 5 0 0
30 3 5 0 14 0 9 4 0 0
30 6 5 0 14 0 9 5 0 0
28 19 6 0 17 0 8 8 0 0
24 10 7 0 19 0 8 10 0 0
15 8 8 0 21 0 8 15 0 0
####
9 26 0 6 1 5 9
1 21 0 11 1 0 12
13 22 0 8 1 1 16
24 8 0 4 1 13 4
0 20 5 9 2 0 18
0 14 0 11 1 0 18
4 18 5 9 2 0 10
6 28 0 5 1 9 3
17 20 0 8 1 2 14
10 15 0 4 1 14 1
22 9 0 7 1 3 10
2 22 5 9 2 0 17
2 12 8 10 3 0 17
11 14 0 11 1 0 22
25 23 0 2 1 19 1
20 12 0 7 1 3 7
31 8 9 6 5 6 4
14 18 0 8 1 2 9
26 3 0 5 1 7 8
0 17 0 11 1 0 18
1 5 8 10 3 0 12
13 29 7 7 3 1 16
4 24 19 8 7 0 10
18 31 0 7 1 4 8
16 25 0 2 1 18 2
8 16 0 3 1 17 3
4 10 19 8 7 0 10
2 6 14 9 5 0 17
17 19 12 7 5 2 14
0 25 24 7 10 0 18
7 27 0 11 1 0 19
28 10 0 4 1 13 2
19 24 0 4 1 11 5
11 26 12 8 4 0 22
26 30 0 5 1 7 8
18 28 9 5 4 4 8
7 31 8 10 3 0 19
1 9 8 10 3 0 12
12 29 0 6 1 5 5
20 5 0 7 1 3 7
3 19 0 5 1 8 6
11 21 0 11 1 0 22
29 6 0 5 1 8 4
11 17 0 11 1 0 22
7 13 0 11 1 0 19
