1 0 3 0 2 0 10 0
1 0 3 0 4 0 18 0
10 2 1 2 1 14 4 0
1 0 4 0 6 0 19 0
1 0 3 0 4 0 13 0
2 1 2 0 3 1 17 0
1 0 1 0 1 0 10 0
2 1 2 0 3 1 18 0
3 2 1 1 1 3 2 0
3 2 2 2 1 4 14 0
4 1 0 2 0 5 0 1
11 2 1 4 1 15 3 0
7 2 1 2 2 10 9 0
8 2 2 2 2 11 8 0
4 2 1 2 2 6 12 0
5 2 2 2 3 7 11 0
9 2 1 2 0 12 1 0
10 2 0 2 0 14 0 0
14 1 0 2 0 18 0 1
5 2 0 2 0 7 0 0
12 2 1 2 1 16 2 0
9 2 1 2 1 13 5 0
4 2 1 3 0 6 1 0
13 2 1 4 0 17 1 0
6 2 2 2 2 8 10 0
####
1 0 0 13 0 19 6 0 17 0
3 0 0 13 0 19 6 0 17 0
3 1 0 13 0 19 6 0 24 0
4 0 0 13 0 19 6 0 15 0
4 1 0 13 0 19 6 0 22 0
4 3 0 13 0 19 6 0 22 0
6 0 0 13 0 19 6 0 12 0
6 1 0 13 0 19 6 0 19 0
6 3 0 13 0 19 6 0 19 0
6 4 0 13 0 19 6 0 17 0
7 5 0 12 0 17 3 0 22 0
9 8 2 0 2 0 7 2 0 0
14 10 3 0 4 0 8 4 0 0
22 10 3 0 4 0 8 3 0 0
22 14 3 0 4 0 8 3 0 0
19 15 4 0 7 0 7 5 0 0
21 16 8 0 12 0 7 14 0 0
17 2 9 0 14 0 7 1 0 0
####
5 9 0 4 1 1 17
3 15 7 7 4 0 19
21 2 0 4 1 13 5
22 19 0 5 1 6 1
3 7 0 7 1 0 19
13 21 0 3 1 11 8
1 20 17 6 11 0 18
1 2 14 7 9 0 18
3 24 9 6 5 0 19
16 17 0 4 1 12 1
0 21 12 7 8 0 10
15 23 9 3 8 7 11
12 13 0 2 1 10 9
13 16 0 3 1 11 8
4 13 11 6 7 0 13
1 5 0 7 1 0 18
0 17 14 7 9 0 10
5 22 2 5 2 1 17
9 14 0 5 1 4 14
4 14 4 8 3 0 13
4 16 12 7 8 0 13
9 10 0 5 1 4 14
14 15 0 5 1 6 12
3 19 7 7 4 0 19
6 12 10 6 6 0 10
24 11 6 2 5 8 10
0 8 2 7 2 0 10
7 9 0 4 1 1 18
20 23 0 2 1 16 2
15 24 0 3 1 7 11
8 22 0 5 1 3 2
2 11 0 3 1 14 4
11 20 0 2 1 15 3
24 12 0 2 1 8 10
7 8 0 4 1 1 18
23 18 0 2 1 17 1
