1 0 4 0 4 0 17 0
1 0 3 0 3 0 7 0
1 0 1 0 2 0 8 0
1 0 3 0 2 0 6 0
1 0 2 0 2 0 10 0
1 0 3 0 4 0 15 0
6 2 0 2 0 8 0 0
5 2 1 2 2 6 8 0
9 2 1 2 1 11 2 0
6 2 2 2 2 8 7 0
4 2 0 2 0 5 0 0
2 1 2 0 3 1 15 0
2 1 1 0 1 1 2 0
11 1 0 2 0 14 0 1
3 2 2 1 3 3 14 0
4 2 2 2 1 5 3 0
8 1 0 2 0 10 0 1
7 2 1 2 0 9 1 0
3 2 1 1 0 3 1 0
4 2 1 2 1 5 9 0
7 2 1 2 1 9 4 0
8 2 1 3 1 10 3 0
5 2 1 2 0 6 1 0
2 1 0 0 0 1 0 1
5 1 0 2 0 6 0 1
10 2 1 2 0 13 1 0
####
1 0 0 5 0 11 8 0 6 0
2 0 0 10 0 19 7 0 14 0
3 0 0 10 0 19 7 0 10 0
3 1 0 5 0 11 8 0 2 0
3 2 0 10 0 19 7 0 6 0
4 0 0 10 0 19 7 0 16 0
4 2 0 10 0 19 7 0 12 0
4 3 0 10 0 19 7 0 8 0
5 0 0 10 0 19 7 0 17 0
5 1 0 5 0 11 8 0 5 0
5 2 0 10 0 19 7 0 13 0
5 3 0 10 0 19 7 0 9 0
5 4 0 10 0 19 7 0 15 0
15 10 3 0 5 0 9 2 0 0
19 15 3 0 5 0 9 4 0 0
19 10 3 0 5 0 9 2 0 0
22 7 4 0 8 0 9 6 0 0
24 7 4 0 8 0 9 6 0 0
24 22 4 0 8 0 9 6 0 0
9 6 5 0 11 0 8 8 0 0
20 17 6 0 13 0 8 10 0 0
21 16 7 0 15 0 8 12 0 0
####
3 25 18 7 9 0 6
4 8 17 7 8 0 10
0 7 8 9 4 0 17
1 15 5 9 3 0 7
0 10 5 9 3 0 17
11 14 0 5 1 1 15
22 6 0 5 1 6 1
17 16 0 4 1 9 1
2 9 11 8 5 0 8
4 19 5 9 3 0 10
20 21 0 4 1 9 4
19 7 0 6 1 5 9
21 8 0 3 1 10 3
0 11 0 9 1 0 17
9 17 0 4 1 8 7
3 6 11 8 5 0 6
8 25 0 2 1 11 2
0 22 8 9 4 0 17
15 22 0 6 1 5 3
9 20 0 4 1 8 7
1 23 0 9 1 0 7
14 19 0 5 1 3 14
5 17 13 8 6 0 15
12 18 0 5 1 1 2
14 15 0 5 1 3 14
11 21 12 5 6 1 15
7 9 0 5 1 6 8
18 10 0 5 1 3 1
3 12 0 9 1 0 6
15 24 0 6 1 5 3
1 18 3 8 2 0 7
25 13 0 2 1 13 1
5 20 13 8 6 0 15
5 14 3 8 2 0 15
