1 0 4 0 3 0 11 0
6 2 1 2 1 7 3 0
1 0 4 0 4 0 8 0
2 1 2 0 2 1 9 0
1 0 2 0 2 0 7 0
7 2 1 2 1 8 2 0
3 2 1 1 1 3 6 0
8 2 1 2 0 9 1 0
4 2 1 2 1 5 5 0
3 2 1 1 0 3 1 0
9 1 0 2 0 10 0 1
2 1 0 0 0 1 0 1
5 2 1 2 1 6 4 0
4 2 0 2 0 4 0 0
####
2 0 0 8 0 10 4 0 12 0
4 0 0 8 0 10 4 0 13 0
4 2 0 8 0 10 4 0 11 0
11 3 1 0 0 0 5 0 0 0
9 6 2 0 2 0 5 2 0 0
13 8 3 0 4 0 5 4 0 0
####
0 1 7 4 5 0 11
2 7 9 4 7 0 8
9 13 0 4 1 3 1
12 1 0 2 1 6 4
4 6 2 5 2 0 7
2 9 2 5 2 0 8
8 12 0 3 1 5 5
4 5 8 4 6 0 7
2 8 4 5 3 0 8
6 8 0 4 1 3 6
5 7 0 2 1 8 2
0 13 4 5 3 0 11
1 5 0 2 1 7 3
0 11 0 5 1 0 11
3 9 0 4 1 1 9
2 12 6 4 4 0 8
3 6 0 4 1 1 9
7 10 0 2 1 9 1
0 3 0 5 1 0 11
