1 0 4 0 2 0 6 0
1 0 4 0 6 0 9 0
2 1 3 0 2 1 8 0
4 2 1 2 1 4 3 0
3 2 1 1 1 2 3 0
4 2 1 2 1 4 2 0
2 1 0 0 0 1 0 1
6 2 1 4 0 8 1 0
7 2 0 2 0 9 0 0
5 2 1 2 1 5 2 0
3 2 1 1 1 2 4 0
3 1 0 1 0 2 0 1
####
1 0 0 6 0 9 3 0 11 0
10 4 2 4 2 4 6 2 5 1
11 4 2 0 2 0 5 2 0 0
11 10 2 0 2 0 5 2 0 0
5 3 3 3 5 2 5 0 3 1
####
7 8 0 2 1 8 1
1 2 0 4 1 0 9
4 5 0 5 1 2 3
5 7 1 3 2 4 2
2 11 0 5 1 1 8
1 4 2 5 2 0 9
2 10 0 5 1 1 8
0 6 0 4 1 0 6
3 9 0 3 1 4 3
0 5 5 4 3 0 6
1 9 7 3 4 0 9
1 10 2 5 2 0 9
0 3 5 4 3 0 6
0 8 9 3 6 0 6
10 3 0 5 1 2 4
2 4 0 5 1 1 8
9 7 0 2 1 5 2
