1 0 3 0 3 0 7 0
1 0 3 0 3 0 7 0
1 0 3 0 3 0 10 0
6 2 1 2 1 7 2 0
1 0 1 0 1 0 2 0
2 1 2 0 3 1 8 0
2 1 0 0 0 1 0 1
3 2 1 1 1 3 2 0
3 2 2 1 1 3 6 0
2 2 1 0 0 2 1 0
4 2 1 2 1 4 4 0
7 2 1 4 0 9 1 0
5 2 1 2 1 6 3 0
8 2 0 2 0 10 0 0
3 1 0 2 0 3 0 1
4 1 0 2 0 4 0 1
####
1 0 0 7 0 11 5 0 9 0
2 0 0 7 0 11 5 0 11 0
2 1 0 7 0 11 5 0 12 0
4 0 0 2 0 3 7 0 2 0
6 5 1 0 0 0 7 0 0 0
8 7 2 5 3 5 8 2 5 1
14 7 2 0 3 0 7 1 0 0
15 10 3 0 6 0 6 2 0 0
####
2 6 0 7 1 0 10
4 9 0 7 1 0 2
9 14 0 6 1 2 1
1 3 9 5 5 0 7
8 15 0 5 1 3 6
1 13 11 5 7 0 7
5 7 0 6 1 1 8
8 10 0 5 1 3 6
0 7 3 7 2 0 7
0 12 8 5 4 0 7
12 3 0 2 1 6 3
2 10 6 6 3 0 10
1 8 3 7 2 0 7
3 11 0 2 1 7 2
10 12 0 3 1 4 4
0 9 0 7 1 0 7
7 11 4 4 4 3 2
2 5 0 7 1 0 10
5 8 0 6 1 1 8
11 13 0 2 1 9 1
