1 0 2 0 3 0 6 0
1 0 3 0 3 0 6 0
1 0 2 0 1 0 3 0
1 0 1 0 1 0 3 0
2 1 2 0 2 1 5 0
2 2 1 0 1 2 2 0
3 2 1 1 1 3 2 0
3 2 1 2 0 4 1 0
4 2 1 2 0 4 1 0
3 2 1 1 0 2 1 0
4 1 0 2 0 5 0 1
5 1 0 2 0 5 0 1
4 2 0 2 0 4 0 0
####
1 0 0 4 0 8 5 0 5 0
2 0 0 3 0 5 7 0 2 0
2 1 0 3 0 5 7 0 3 0
3 1 0 3 0 5 7 0 4 0
3 2 0 3 0 5 7 0 3 0
7 6 2 0 2 0 7 1 0 0
9 6 2 0 2 0 7 2 0 0
10 8 3 0 5 0 7 3 0 0
12 8 3 0 5 0 7 4 0 0
12 10 3 0 5 0 7 1 0 0
####
2 7 2 7 2 0 3
4 9 0 5 1 1 5
4 6 0 5 1 1 5
6 8 0 6 1 3 2
8 11 0 4 1 4 1
5 7 0 5 1 2 2
1 5 0 6 1 0 6
1 8 5 7 3 0 6
1 6 2 7 2 0 6
2 12 5 7 3 0 3
7 10 0 6 1 4 1
0 4 0 6 1 0 6
0 9 2 7 2 0 6
9 12 0 6 1 2 1
3 5 0 6 1 0 3
