1 0 4 0 4 0 10 0
1 0 3 0 2 0 8 0
5 1 1 2 0 8 1 0
1 0 4 0 4 0 12 0
3 2 1 2 1 4 3 0
2 2 1 0 2 2 5 0
6 1 0 1 0 9 0 1
2 2 1 0 0 2 1 0
3 2 2 2 1 4 4 0
2 2 1 0 0 2 1 0
3 1 0 2 0 3 0 1
2 2 1 0 1 2 4 0
4 2 0 2 0 5 0 0
3 1 0 2 0 3 0 1
4 2 1 3 1 7 2 0
####
1 0 0 5 0 11 4 0 10 0
3 0 0 5 0 11 4 0 10 0
3 1 0 5 0 11 4 0 12 0
7 5 1 0 0 0 7 0 0 0
9 5 1 0 0 0 7 0 0 0
9 7 1 0 0 0 7 0 0 0
11 5 1 4 0 7 8 0 6 1
11 7 1 0 0 0 7 0 0 0
11 9 1 0 0 0 7 0 0 0
8 4 2 3 4 3 8 0 4 1
10 8 2 0 4 0 7 1 0 0
10 4 2 0 4 0 7 1 0 0
13 8 2 0 4 0 7 1 0 0
13 10 2 0 4 0 7 2 0 0
13 4 2 0 4 0 7 1 0 0
14 12 3 0 8 0 5 3 0 0
####
8 14 0 6 1 4 4
2 6 0 2 1 8 1
11 4 0 8 1 2 4
0 9 0 7 1 0 10
1 12 8 5 3 0 8
8 12 0 6 1 4 4
7 13 0 8 1 2 1
3 11 0 7 1 0 12
0 7 0 7 1 0 10
0 8 4 7 2 0 10
9 10 0 8 1 2 1
1 5 0 7 1 0 8
4 14 0 6 1 4 3
3 9 0 7 1 0 12
0 4 4 7 2 0 10
1 11 0 7 1 0 8
3 7 0 7 1 0 12
14 2 0 3 1 7 2
5 8 0 8 1 2 5
3 5 0 7 1 0 12
