1 0 2 0 3 0 8 0
1 0 3 0 3 0 5 0
1 0 2 0 2 0 7 0
2 1 2 0 2 1 7 0
3 2 1 1 1 3 2 0
4 2 1 2 0 5 1 0
3 2 1 1 1 3 4 0
5 2 1 2 1 6 2 0
6 2 1 2 0 7 1 0
7 2 0 4 0 10 0 0
4 2 1 2 1 5 3 0
####
1 0 0 6 0 7 4 0 11 0
2 0 0 6 0 7 4 0 13 0
2 1 0 6 0 7 4 0 10 0
6 4 2 4 1 4 6 2 4 1
10 5 3 3 3 2 6 4 2 1
####
7 8 0 2 1 6 2
5 9 2 3 3 5 1
2 6 1 5 2 0 7
4 5 0 4 1 3 2
10 7 0 3 1 5 3
6 10 0 4 1 3 4
8 9 0 2 1 7 1
1 5 3 5 3 0 5
3 6 0 3 1 1 7
1 7 5 4 4 0 5
1 10 3 5 3 0 5
0 3 0 4 1 0 8
0 8 6 4 5 0 8
3 4 0 3 1 1 7
2 4 1 5 2 0 7
