1 0 2 0 1 0 3 0
1 0 2 0 3 0 6 0
2 1 2 0 2 1 5 0
1 0 3 0 3 0 7 0
3 2 1 1 1 3 2 0
4 2 1 2 0 4 1 0
5 2 0 2 0 6 0 0
3 2 1 1 0 3 1 0
2 2 1 0 0 2 1 0
4 1 0 2 0 4 0 1
3 1 0 2 0 3 0 1
####
1 0 0 4 0 7 4 0 3 0
3 0 0 4 0 7 4 0 2 0
3 1 0 4 0 7 4 0 5 0
7 4 2 0 2 0 6 2 0 0
10 4 2 0 2 0 6 1 0 0
10 7 2 0 2 0 6 1 0 0
9 5 3 0 5 0 5 4 0 0
####
2 7 0 5 1 1 5
1 2 0 5 1 0 6
5 6 0 3 1 4 1
4 5 0 5 1 3 2
8 10 0 5 1 2 1
3 8 0 5 1 0 7
1 5 5 5 3 0 6
0 6 7 4 4 0 3
3 7 2 6 2 0 7
0 8 0 5 1 0 3
3 4 2 6 2 0 7
2 4 0 5 1 1 5
7 9 0 5 1 3 1
