1 0 3 0 3 0 6 0
1 0 3 0 2 0 6 0
1 0 2 0 2 0 8 0
2 1 2 0 1 1 3 0
3 2 1 2 1 3 4 0
5 2 1 2 1 6 2 0
4 2 1 2 1 4 3 0
6 2 1 2 0 8 1 0
2 2 1 0 0 2 1 0
3 2 0 2 0 4 0 0
2 2 1 0 1 2 5 0
7 1 0 2 0 9 0 1
####
1 0 0 6 0 8 4 0 8 0
2 0 0 6 0 8 4 0 10 0
2 1 0 6 0 8 4 0 8 0
8 3 1 1 0 0 8 0 0 1
10 3 0 5 0 5 4 0 5 0
10 8 1 0 0 0 6 0 0 0
9 4 2 0 3 0 5 2 0 0
####
1 3 0 6 1 0 6
10 4 0 5 1 2 5
4 6 0 3 1 3 4
2 8 0 6 1 0 8
5 7 0 2 1 6 2
2 10 0 6 1 0 8
8 9 0 5 1 2 1
1 5 6 4 4 0 6
1 8 0 6 1 0 6
3 9 0 5 1 1 3
0 6 5 4 3 0 6
0 10 0 6 1 0 6
7 11 0 2 1 8 1
0 4 3 5 2 0 6
3 7 4 4 4 1 3
6 5 0 2 1 4 3
