1 0 2 0 1 0 4 0
1 0 3 0 3 0 6 0
2 1 2 0 1 1 4 0
1 0 2 0 2 0 6 0
3 2 1 1 1 3 2 0
2 2 1 0 1 2 2 0
2 1 0 0 0 1 0 1
3 2 1 2 0 4 1 0
4 2 1 2 0 4 1 0
5 1 0 2 0 5 0 1
4 2 0 2 0 6 0 0
####
1 0 0 3 0 5 5 0 4 0
3 0 0 3 0 5 5 0 4 0
3 1 0 4 0 7 4 0 5 0
5 2 0 2 0 2 5 0 1 0
6 5 1 0 0 0 6 0 0 0
7 4 2 0 3 0 5 1 0 0
10 8 3 0 5 0 5 4 0 0
####
1 2 0 6 1 0 6
4 8 0 4 1 3 2
5 7 0 5 1 2 2
2 10 2 5 2 1 4
8 9 0 3 1 4 1
0 6 0 6 1 0 4
1 8 5 5 3 0 6
0 5 0 6 1 0 4
7 10 0 4 1 4 1
1 7 3 5 2 0 6
3 4 3 5 2 0 6
2 4 0 5 1 1 4
3 5 0 6 1 0 6
