1 0 3 0 3 0 9 0
1 0 2 0 2 0 6 0
1 0 3 0 3 0 8 0
2 1 1 0 1 1 8 0
7 2 1 2 2 8 3 0
3 2 1 1 1 3 7 0
4 2 1 2 1 4 6 0
8 2 2 2 0 9 2 0
5 2 1 2 1 6 5 0
9 1 0 2 0 10 0 1
6 2 1 2 1 7 4 0
9 2 0 2 0 10 0 0
####
1 0 0 8 0 7 5 0 11 0
2 0 0 8 0 7 5 0 13 0
2 1 0 8 0 7 5 0 10 0
11 9 8 0 7 0 5 14 0 0
####
2 7 6 4 7 0 8
4 7 0 2 1 8 3
10 4 0 2 1 7 4
6 8 0 2 1 4 6
5 6 0 2 1 3 7
7 9 0 3 1 9 2
2 11 7 5 8 0 8
8 10 0 2 1 6 5
0 6 2 4 3 0 9
1 8 3 4 4 0 6
2 5 1 4 2 0 8
0 4 5 4 6 0 9
1 10 4 4 5 0 6
7 11 0 3 1 9 2
0 3 0 4 1 0 9
3 5 0 2 1 1 8
