1 0 3 0 3 0 6 0
1 0 3 0 2 0 6 0
1 0 2 0 1 0 5 0
2 1 1 0 1 1 3 0
2 1 0 0 0 1 0 1
1 0 3 0 3 0 9 0
3 2 1 1 1 3 2 0
2 2 1 0 1 2 3 0
2 2 1 0 0 2 1 0
3 2 1 2 1 4 2 0
4 2 1 2 0 5 1 0
4 2 1 2 0 5 1 0
5 1 0 2 0 6 0 1
5 2 0 2 0 7 0 0
3 1 0 2 0 3 0 1
####
1 0 0 4 0 9 6 0 5 0
2 0 0 4 0 9 6 0 3 0
2 1 0 4 0 9 6 0 2 0
5 0 0 4 0 9 6 0 6 0
5 1 0 4 0 9 6 0 5 0
5 2 0 4 0 9 6 0 3 0
8 4 1 0 0 0 8 0 0 0
8 7 1 0 0 0 8 0 0 0
9 6 2 0 4 0 7 1 0 0
14 6 2 0 4 0 7 1 0 0
14 9 2 0 4 0 7 1 0 0
11 10 3 0 7 0 6 2 0 0
13 12 4 0 9 0 6 4 0 0
####
8 14 0 7 1 2 1
5 6 4 7 2 0 9
7 9 0 7 1 2 3
5 7 0 8 1 0 9
6 10 0 5 1 3 2
10 12 0 4 1 5 1
0 7 0 8 1 0 6
1 4 0 8 1 0 6
1 8 0 8 1 0 6
0 11 7 6 3 0 6
9 11 0 5 1 4 2
1 9 4 7 2 0 6
3 6 0 7 1 1 3
0 10 7 6 3 0 6
2 3 0 8 1 0 5
2 13 9 6 4 0 5
5 8 0 8 1 0 9
11 13 0 4 1 5 1
