1 0 3 0 4 0 8 0
1 0 3 0 3 0 9 0
5 2 2 4 0 7 2 0
2 1 2 0 3 1 8 0
3 2 1 1 1 3 4 0
6 1 0 2 0 8 0 1
4 2 1 2 2 4 3 0
3 2 2 1 1 3 5 0
6 1 0 2 0 8 0 1
4 2 1 2 2 4 3 0
4 2 0 2 0 4 0 0
####
1 0 0 5 0 7 4 0 11 0
7 4 2 3 1 4 6 0 4 1
9 6 3 2 3 1 7 2 2 1
10 6 3 0 3 0 5 2 0 0
10 9 3 0 3 0 5 2 0 0
8 5 5 0 7 0 4 10 0 0
####
1 3 0 3 1 0 9
4 6 0 5 1 3 4
9 2 0 4 1 4 3
2 8 0 3 1 7 2
0 7 1 4 2 0 8
0 6 3 5 3 0 8
6 2 0 4 1 4 3
1 9 3 5 3 0 9
7 10 0 5 1 3 5
0 4 1 4 2 0 8
1 10 3 5 3 0 9
3 7 0 3 1 1 8
2 5 0 3 1 7 2
3 4 0 3 1 1 8
7 9 0 5 1 3 5
