1 0 2 0 3 0 8 0
1 0 3 0 3 0 9 0
1 0 2 0 2 0 3 0
1 0 3 0 3 0 7 0
1 0 2 0 1 0 3 0
1 0 2 0 2 0 7 0
2 2 1 0 1 2 2 0
2 2 1 0 1 2 3 0
3 2 1 2 0 4 1 0
2 1 2 0 2 1 6 0
3 2 1 1 1 3 2 0
3 2 1 1 1 3 2 0
3 2 1 2 1 4 2 0
4 2 1 2 0 5 1 0
2 1 1 0 1 1 2 0
4 2 1 2 0 5 1 0
4 2 1 2 0 6 1 0
3 2 1 1 0 2 1 0
4 1 0 2 0 3 0 1
5 2 0 4 0 10 0 0
5 2 0 3 0 10 0 0
####
1 0 0 4 0 13 8 0 5 0
3 0 0 4 0 13 8 0 5 0
3 1 0 4 0 13 8 0 4 0
4 0 0 4 0 13 8 0 5 0
4 1 0 4 0 13 8 0 4 0
4 3 0 4 0 13 8 0 4 0
5 0 0 4 0 13 8 0 5 0
5 1 0 4 0 13 8 0 4 0
5 3 0 4 0 13 8 0 4 0
5 4 0 4 0 13 8 0 4 0
7 6 1 0 0 0 10 0 0 0
9 6 0 3 0 9 6 0 3 0
9 7 0 3 0 9 6 0 4 0
10 8 2 0 4 0 11 1 0 0
11 8 0 2 0 4 7 0 1 0
11 10 2 0 4 0 11 2 0 0
12 8 2 0 4 0 11 2 0 0
12 10 2 2 4 4 13 1 2 1
12 11 2 0 4 0 11 0 0 0
15 13 3 0 9 0 10 4 0 0
16 13 3 1 9 0 12 2 0 1
16 15 3 0 9 0 10 2 0 0
20 19 4 0 13 0 8 7 0 0
####
14 17 0 9 1 1 2
4 8 4 11 2 0 3
7 12 0 9 1 2 3
15 20 0 6 1 5 1
5 6 0 10 1 0 7
3 11 4 11 2 0 7
0 16 9 10 3 0 8
1 6 0 10 1 0 9
12 16 0 9 1 4 2
8 20 4 7 2 4 1
9 11 0 9 1 1 6
1 10 4 11 2 0 9
3 13 9 10 3 0 7
10 13 0 9 1 3 2
9 10 0 9 1 1 6
13 19 0 6 1 5 1
16 19 0 6 1 6 1
2 14 0 10 1 0 3
2 17 4 11 2 0 3
17 18 0 9 1 2 1
3 12 4 11 2 0 7
6 8 0 9 1 2 2
4 15 9 10 3 0 3
5 7 0 10 1 0 7
1 7 0 10 1 0 9
0 9 0 10 1 0 8
11 15 0 9 1 3 2
