1 0 3 0 5 0 12 0
1 0 3 0 3 0 7 0
1 0 3 0 3 0 11 0
3 1 2 2 1 3 8 0
1 0 3 0 3 0 14 0
2 2 2 0 1 2 9 0
2 1 0 0 0 1 0 1
6 2 2 2 2 9 4 0
7 2 1 2 0 11 1 0
2 1 1 0 1 1 2 0
3 2 1 2 1 4 7 0
3 2 1 1 0 3 1 0
3 1 0 2 0 3 0 1
4 2 1 3 1 7 6 0
8 1 0 2 0 12 0 1
7 2 1 2 0 11 1 0
5 2 1 2 2 8 5 0
4 2 0 3 0 8 0 0
8 1 0 2 0 12 0 1
2 2 1 0 2 2 9 0
####
1 0 0 7 0 14 6 0 7 0
2 0 0 7 0 14 6 0 13 0
2 1 0 7 0 14 6 0 8 0
4 0 0 7 0 14 6 0 14 0
4 1 0 7 0 14 6 0 9 0
4 2 0 7 0 14 6 0 15 0
6 5 1 0 0 0 8 0 0 0
19 5 1 6 0 10 10 0 10 1
19 6 1 0 0 0 8 0 0 0
19 9 0 2 0 4 6 0 2 0
10 3 2 5 4 6 10 1 8 1
11 10 2 0 4 0 8 1 0 0
11 3 0 1 0 0 6 0 0 0
12 10 2 0 4 0 8 2 0 0
12 11 2 0 4 0 8 1 0 0
12 3 2 0 4 0 8 2 0 0
17 13 3 0 8 0 6 3 0 0
15 8 6 0 12 0 6 10 0 0
18 14 7 0 14 0 6 12 0 0
####
0 7 11 5 5 0 12
1 15 12 6 6 0 7
3 17 0 6 1 3 8
16 7 0 2 1 8 5
8 14 0 4 1 11 1
2 19 0 8 1 0 11
7 15 0 3 1 9 4
4 19 0 8 1 0 14
5 12 0 8 1 2 9
13 16 0 3 1 7 6
0 11 4 8 2 0 12
9 11 0 8 1 1 2
19 3 0 8 1 2 9
15 18 0 4 1 11 1
2 16 10 5 4 0 11
3 13 0 6 1 3 8
4 5 0 8 1 0 14
10 13 0 6 1 4 7
2 10 4 8 2 0 11
0 5 0 8 1 0 12
1 9 0 8 1 0 7
11 17 0 6 1 3 1
5 10 0 8 1 2 9
4 6 0 8 1 0 14
1 8 12 6 6 0 7
7 8 0 3 1 9 4
