1 0 4 0 3 0 7 0
1 0 3 0 3 0 7 0
1 0 3 0 4 0 14 0
2 1 0 0 0 1 0 1
2 1 3 0 4 1 11 0
1 0 2 0 2 0 10 0
2 1 1 0 1 1 3 0
3 2 2 3 1 5 4 0
3 2 1 1 1 3 2 0
4 2 1 2 1 6 2 0
4 2 1 3 0 5 1 0
6 2 0 2 0 8 0 0
3 2 1 1 2 3 3 0
4 1 0 2 0 6 0 1
5 2 0 2 0 7 0 0
4 2 2 2 0 5 2 0
2 2 1 0 2 2 5 0
5 1 0 2 0 6 0 1
5 1 0 2 0 6 0 1
5 2 1 2 0 7 1 0
####
1 0 0 4 0 11 8 0 2 0
2 0 0 5 0 15 5 0 8 0
2 1 0 4 0 11 8 0 4 0
5 0 0 5 0 15 5 0 8 0
5 1 0 4 0 11 8 0 3 0
5 2 0 5 0 15 5 0 8 0
6 4 1 3 0 7 12 0 3 1
16 4 0 4 0 11 5 0 6 0
8 7 2 0 4 0 7 2 0 0
12 8 2 0 4 0 7 2 0 0
12 7 2 0 4 0 7 2 0 0
10 9 3 0 7 0 8 5 0 0
15 10 3 0 7 0 8 1 0 0
15 9 3 0 7 0 8 4 0 0
15 13 3 0 7 0 8 4 0 0
13 10 3 0 7 0 8 5 0 0
13 9 3 0 7 0 8 4 0 0
17 14 4 0 11 0 8 3 0 0
18 14 4 0 11 0 8 3 0 0
18 17 4 0 11 0 8 2 0 0
19 14 4 0 11 0 8 3 0 0
19 17 4 0 11 0 8 6 0 0
19 18 4 0 11 0 8 6 0 0
####
4 7 0 7 1 1 11
1 3 0 8 1 0 7
0 14 11 8 4 0 7
1 15 7 8 3 0 7
4 12 0 7 1 1 11
0 16 0 8 1 0 7
19 11 0 5 1 7 1
16 7 0 7 1 2 5
5 12 4 7 2 0 10
8 10 0 7 1 3 2
15 18 0 8 1 5 2
4 10 3 8 2 1 11
2 6 0 8 1 0 14
15 17 0 8 1 5 2
7 9 0 7 1 5 4
12 15 0 7 1 3 3
6 8 0 7 1 1 3
5 16 0 8 1 0 10
0 19 11 8 4 0 7
7 13 0 7 1 5 4
2 11 15 5 5 0 14
1 8 4 7 2 0 7
10 14 0 8 1 5 1
0 9 7 8 3 0 7
9 19 0 8 1 6 2
2 4 0 8 1 0 14
