1 0 3 0 3 0 7 0
1 0 2 0 2 0 5 0
2 1 1 0 1 1 2 0
1 0 2 0 2 0 7 0
2 2 1 0 1 2 3 0
2 2 1 0 1 2 2 0
3 2 1 2 1 3 2 0
4 2 1 2 0 5 1 0
3 2 1 3 0 5 1 0
4 1 0 2 0 6 0 1
5 1 0 2 0 6 0 1
####
1 0 0 4 0 7 4 0 4 0
3 0 0 4 0 7 4 0 6 0
3 1 0 4 0 7 4 0 4 0
5 2 0 2 0 2 5 0 2 0
5 4 1 0 0 0 6 0 0 0
8 6 2 0 3 0 5 2 0 0
9 7 3 0 5 0 5 4 0 0
####
1 2 0 6 1 0 5
6 7 0 4 1 3 2
4 6 0 5 1 2 3
2 8 0 5 1 1 2
8 9 0 4 1 5 1
0 6 3 5 2 0 7
0 5 0 6 1 0 7
0 4 0 6 1 0 7
7 10 0 3 1 5 1
1 7 5 5 3 0 5
3 4 0 6 1 0 7
5 8 0 5 1 2 2
3 5 0 6 1 0 7
