1 0 3 0 4 0 12 0
1 0 4 0 6 0 15 0
1 0 3 0 2 0 9 0
2 1 3 0 1 1 6 0
1 0 2 0 2 0 9 0
7 2 1 2 1 9 5 0
2 1 1 0 2 1 12 0
3 2 2 1 2 3 11 0
4 2 1 2 1 4 4 0
5 2 1 2 1 5 3 0
10 2 1 4 1 15 2 0
11 2 1 2 0 16 1 0
4 2 1 2 1 5 8 0
5 2 1 2 1 7 7 0
12 2 0 3 0 17 0 0
8 2 1 3 1 11 4 0
3 1 0 1 0 2 0 1
6 2 1 2 1 8 6 0
9 2 1 2 1 12 3 0
2 1 0 0 0 1 0 1
####
1 0 0 11 0 15 5 0 24 0
2 0 0 11 0 15 5 0 18 0
2 1 0 11 0 15 5 0 20 0
4 0 0 11 0 15 5 0 19 0
4 1 0 11 0 15 5 0 21 0
4 2 0 11 0 15 5 0 15 0
6 3 1 10 0 12 8 0 15 1
16 7 2 0 3 0 6 2 0 0
12 8 3 8 5 8 7 2 10 1
13 9 4 7 7 6 7 4 8 1
####
3 15 8 4 6 1 6
1 3 0 7 1 0 15
10 11 0 2 1 15 2
7 12 0 4 1 3 11
0 7 3 6 2 0 12
8 9 0 4 1 4 4
13 17 0 3 1 7 7
4 12 5 6 3 0 9
1 6 0 7 1 0 15
11 14 0 2 1 16 1
3 14 12 4 10 1 6
2 19 0 7 1 0 9
6 7 0 5 1 1 12
12 13 0 4 1 5 8
2 13 7 6 4 0 9
0 11 14 5 10 0 12
15 18 0 2 1 11 4
3 16 0 5 1 1 6
17 5 0 2 1 8 6
4 5 10 5 6 0 9
0 18 12 5 8 0 12
9 10 4 3 5 5 3
5 15 0 2 1 9 5
1 9 7 6 4 0 15
2 17 9 5 5 0 9
18 10 0 2 1 12 3
1 8 5 6 3 0 15
7 8 0 4 1 3 11
