1 0 3 0 4 0 11 0
1 0 3 0 3 0 11 0
2 1 2 0 2 1 7 0
1 0 3 0 3 0 9 0
7 2 0 2 0 10 0 0
1 0 1 0 2 0 11 0
2 1 0 0 0 1 0 1
4 2 1 3 2 7 4 0
5 2 1 3 0 8 1 0
5 2 2 2 1 8 3 0
6 1 0 2 0 9 0 1
2 2 2 0 2 2 10 0
3 2 1 2 1 4 3 0
6 1 0 2 0 9 0 1
3 2 1 2 1 4 5 0
4 2 1 2 1 6 2 0
6 2 1 2 0 9 1 0
####
1 0 0 6 0 12 5 0 9 0
3 0 0 6 0 12 5 0 9 0
3 1 0 6 0 12 5 0 8 0
5 0 0 6 0 12 5 0 10 0
5 1 0 6 0 12 5 0 9 0
5 3 0 6 0 12 5 0 9 0
6 2 1 0 0 0 7 0 0 0
11 2 0 5 0 9 4 0 7 0
14 12 2 0 3 0 6 2 0 0
15 7 3 0 5 0 6 4 0 0
9 8 4 0 7 0 6 6 0 0
13 10 5 0 9 0 7 8 0 0
16 13 5 0 9 0 7 8 0 0
16 10 5 0 9 0 7 8 0 0
####
3 15 5 6 3 0 9
2 8 4 5 3 1 7
15 8 0 4 1 6 2
1 6 0 7 1 0 11
11 14 0 5 1 2 10
3 14 3 6 2 0 9
1 2 0 7 1 0 11
8 10 0 5 1 8 1
0 11 0 7 1 0 11
0 4 12 5 6 0 11
3 16 9 7 5 0 9
16 4 0 4 1 9 1
5 11 0 7 1 0 11
9 16 0 5 1 8 3
11 12 0 5 1 2 10
7 9 0 4 1 7 4
2 7 2 5 2 1 7
9 13 0 5 1 8 3
12 15 0 4 1 4 3
1 12 3 6 2 0 11
14 7 0 4 1 4 5
0 9 7 6 4 0 11
