1 0 4 0 1 0 8 0
1 0 3 0 3 0 6 0
1 0 3 0 2 0 7 0
2 2 1 0 1 2 3 0
2 1 0 0 0 1 0 1
3 2 1 2 1 4 4 0
2 1 0 0 0 1 0 1
5 2 1 3 1 7 2 0
7 2 0 2 0 9 0 0
4 2 1 2 1 5 3 0
2 2 1 0 1 2 5 0
6 2 1 2 0 8 1 0
####
1 0 0 6 0 8 4 0 10 0
2 0 0 6 0 8 4 0 11 0
2 1 0 6 0 8 4 0 11 0
6 4 1 0 0 0 7 0 0 0
10 3 1 5 0 4 8 0 6 1
10 4 1 0 0 0 7 0 0 0
10 6 1 0 0 0 7 0 0 0
####
5 9 0 2 1 4 4
10 5 0 5 1 2 5
1 3 0 7 1 0 6
2 9 5 4 3 0 7
11 8 0 2 1 8 1
3 7 2 5 3 2 3
2 10 0 7 1 0 7
1 5 4 4 2 0 6
0 6 0 7 1 0 8
2 3 0 7 1 0 7
0 10 0 7 1 0 8
0 4 0 7 1 0 8
1 11 7 4 5 0 6
7 11 0 2 1 7 2
0 8 8 4 6 0 8
9 7 0 2 1 5 3
