1 0 2 0 2 0 6 0
1 0 4 0 3 0 8 0
1 0 3 0 3 0 8 0
2 2 1 0 1 2 5 0
2 1 0 0 0 1 0 1
4 2 1 2 1 6 3 0
5 2 1 2 1 7 2 0
6 2 1 2 0 8 1 0
2 2 2 0 1 2 6 0
7 1 0 2 0 9 0 1
3 2 0 2 0 3 0 0
3 2 1 3 1 5 4 0
####
1 0 0 6 0 8 4 0 10 0
2 0 0 6 0 8 4 0 11 0
2 1 0 6 0 8 4 0 11 0
8 3 1 5 0 5 7 0 8 1
8 4 1 0 0 0 6 0 0 0
11 10 2 0 3 0 5 2 0 0
####
2 6 6 4 4 0 8
6 7 0 2 1 7 2
11 5 0 3 1 5 4
5 6 0 2 1 6 3
2 8 0 6 1 0 8
8 11 0 5 1 2 6
8 10 0 5 1 2 6
0 7 7 4 5 0 6
3 11 0 5 1 2 5
1 4 0 6 1 0 8
1 5 5 4 3 0 8
1 8 0 6 1 0 8
2 3 0 6 1 0 8
1 10 3 5 2 0 8
0 3 0 6 1 0 6
7 9 0 2 1 8 1
