1 0 3 0 3 0 7 0
1 0 2 0 2 0 7 0
1 0 2 0 1 0 3 0
1 0 3 0 2 0 7 0
2 2 1 0 1 2 3 0
2 2 1 0 1 2 4 0
2 1 1 0 1 1 2 0
3 2 1 2 1 3 3 0
3 2 1 1 0 3 1 0
4 2 1 4 1 6 2 0
5 2 1 2 0 8 1 0
2 2 0 0 0 2 0 0
6 1 0 2 0 9 0 1
4 1 0 2 0 4 0 1
####
1 0 0 5 0 9 5 0 7 0
2 0 0 5 0 9 5 0 5 0
2 1 0 5 0 9 5 0 4 0
3 0 0 5 0 9 5 0 9 0
3 1 0 5 0 9 5 0 8 0
3 2 0 5 0 9 5 0 6 0
5 4 1 4 0 5 9 0 5 1
6 4 1 0 0 0 8 0 0 0
11 4 1 0 0 0 8 0 0 0
11 5 1 0 0 0 8 0 0 0
8 7 2 0 4 0 6 1 0 0
13 9 3 0 6 0 6 3 0 0
####
4 9 2 6 2 2 3
8 13 0 4 1 3 1
6 8 0 6 1 1 2
7 9 0 4 1 3 3
5 7 0 6 1 2 4
2 11 0 8 1 0 3
3 11 0 8 1 0 7
0 7 4 6 2 0 7
2 10 8 5 4 0 3
9 10 0 3 1 6 2
10 12 0 2 1 8 1
1 4 0 8 1 0 7
1 6 0 8 1 0 7
0 5 0 8 1 0 7
0 8 4 6 2 0 7
3 4 0 8 1 0 7
3 5 0 8 1 0 7
