1 0 3 0 1 0 4 0
1 0 3 0 3 0 5 0
1 0 2 0 3 0 8 0
2 1 2 0 2 1 7 0
2 1 0 0 0 1 0 1
3 2 1 1 1 3 2 0
4 2 1 2 1 4 2 0
5 2 1 2 0 6 1 0
4 2 1 2 0 4 1 0
5 1 0 2 0 5 0 1
3 2 1 1 1 2 3 0
6 2 0 2 0 7 0 0
####
1 0 0 5 0 8 4 0 3 0
2 0 0 5 0 8 4 0 6 0
2 1 0 5 0 8 4 0 5 0
10 5 2 0 2 0 5 2 0 0
8 6 3 0 4 0 5 4 0 0
9 7 4 0 6 0 5 2 0 0
####
6 7 0 4 1 4 2
3 10 0 4 1 1 7
10 6 0 4 1 2 3
2 10 2 5 2 0 8
8 9 0 4 1 4 1
1 5 2 5 2 0 5
1 8 4 5 3 0 5
0 11 8 4 5 0 4
0 6 4 5 3 0 4
0 4 0 5 1 0 4
2 3 0 5 1 0 8
1 7 6 5 4 0 5
7 11 0 3 1 6 1
5 8 0 4 1 3 2
3 5 0 4 1 1 7
