1 0 4 0 4 0 11 0
1 0 4 0 5 0 8 0
6 2 2 2 2 7 4 0
2 1 1 0 0 1 1 0
2 1 0 0 0 1 0 1
1 0 1 0 2 0 9 0
8 2 1 2 1 9 2 0
4 2 1 2 1 5 6 0
9 2 1 4 0 10 1 0
2 2 2 0 2 2 8 0
7 2 1 4 1 8 3 0
3 2 1 2 1 4 7 0
5 2 1 2 2 6 5 0
10 2 0 3 0 12 0 0
####
1 0 0 9 0 10 4 0 16 0
5 0 0 9 0 10 4 0 17 0
5 1 0 9 0 10 4 0 15 0
4 3 1 0 0 0 6 0 0 0
9 3 1 8 0 7 7 0 7 1
9 4 1 0 0 0 6 0 0 0
####
1 2 6 4 5 0 8
12 2 0 2 1 6 5
5 9 0 6 1 0 9
11 7 0 2 1 4 7
8 13 0 2 1 10 1
6 8 0 2 1 9 2
1 12 5 4 4 0 8
3 13 7 4 8 1 1
7 12 0 2 1 5 6
2 8 2 2 3 7 4
10 6 0 2 1 8 3
2 10 0 2 1 7 4
9 10 4 4 5 2 8
0 6 8 4 7 0 11
9 11 0 4 1 2 8
0 4 0 6 1 0 11
1 7 4 4 3 0 8
0 9 0 6 1 0 11
0 3 0 6 1 0 11
1 11 3 4 2 0 8
