1 0 3 0 2 0 4 0
1 0 3 0 2 0 4 0
1 0 2 0 3 0 8 0
2 1 2 0 2 1 7 0
3 2 1 1 1 3 2 0
3 2 1 1 1 2 3 0
2 1 0 0 0 1 0 1
4 2 1 2 1 4 2 0
5 2 1 2 0 5 1 0
6 1 0 2 0 6 0 1
4 2 1 2 0 4 1 0
5 2 0 2 0 6 0 0
####
1 0 0 4 0 6 5 0 2 0
2 0 0 4 0 6 5 0 5 0
2 1 0 5 0 8 4 0 6 0
5 4 2 0 2 0 5 2 0 0
10 7 3 0 4 0 5 4 0 0
11 8 4 0 6 0 5 1 0 0
####
7 8 0 4 1 4 2
4 10 0 4 1 3 2
10 11 0 4 1 4 1
5 7 0 4 1 2 3
8 9 0 3 1 5 1
0 6 0 5 1 0 4
1 8 6 5 4 0 4
2 3 0 5 1 0 8
0 4 2 5 2 0 4
0 10 4 5 3 0 4
1 7 4 5 3 0 4
2 5 2 5 2 0 8
1 11 6 5 4 0 4
3 4 0 4 1 1 7
3 5 0 4 1 1 7
