1 0 3 0 3 0 14 0
1 0 3 0 3 0 10 0
6 1 3 2 2 9 6 0
1 0 3 0 4 0 12 0
2 1 2 0 2 1 12 0
1 0 2 0 2 0 10 0
2 1 0 0 0 1 0 1
2 2 2 0 2 2 9 0
7 2 1 3 0 11 1 0
3 2 1 1 1 3 4 0
4 2 1 2 1 4 3 0
7 2 1 3 1 12 2 0
7 2 0 1 0 10 0 0
3 2 1 1 1 2 9 0
8 1 0 2 0 12 0 1
4 2 1 2 1 4 8 0
8 2 1 2 0 13 1 0
9 1 0 2 0 14 0 1
5 2 1 4 3 8 7 0
3 2 1 2 1 4 2 0
####
1 0 0 8 0 15 5 0 14 0
3 0 0 8 0 15 5 0 16 0
3 1 0 8 0 15 5 0 12 0
5 0 0 8 0 15 5 0 14 0
5 1 0 8 0 15 5 0 10 0
5 3 0 8 0 15 5 0 12 0
6 4 1 0 0 0 7 0 0 0
7 4 0 7 0 12 4 0 12 0
13 9 2 6 3 9 8 2 8 1
19 9 2 0 3 0 7 1 0 0
19 13 0 5 0 7 5 0 5 0
15 10 3 5 6 7 7 4 6 1
11 8 6 0 10 0 7 12 0 0
12 11 6 0 10 0 7 12 0 0
12 8 6 0 10 0 7 10 0 0
16 14 7 0 13 0 6 14 0 0
####
19 8 4 6 4 4 2
11 16 0 5 1 12 2
10 11 2 5 3 4 3
2 8 0 4 1 9 6
1 15 6 6 3 0 10
2 12 0 4 1 9 6
3 7 0 7 1 0 12
16 17 0 3 1 13 1
8 14 0 5 1 11 1
4 9 0 6 1 1 12
1 16 13 6 7 0 10
3 10 6 6 3 0 12
5 12 10 7 6 0 10
4 13 0 6 1 1 12
7 19 0 6 1 2 9
15 18 0 3 1 4 8
0 4 0 7 1 0 14
18 2 0 2 1 8 7
13 15 0 5 1 2 9
7 18 5 4 3 2 9
9 10 0 5 1 3 4
3 9 3 7 2 0 12
1 19 3 7 2 0 10
5 7 0 7 1 0 10
0 13 3 7 2 0 14
2 11 0 4 1 9 6
0 6 0 7 1 0 14
