1 0 3 0 3 0 7 0
1 0 3 0 3 0 9 0
4 2 2 2 1 5 2 0
1 0 2 0 2 0 9 0
2 1 0 0 0 1 0 1
2 2 1 0 2 2 5 0
2 2 2 0 3 2 7 0
3 2 2 3 1 5 4 0
4 2 1 2 1 6 2 0
5 2 1 3 0 9 1 0
3 2 1 2 2 3 3 0
6 2 0 4 0 10 0 0
4 1 0 2 0 6 0 1
####
1 0 0 5 0 9 4 0 11 0
3 0 0 5 0 9 4 0 12 0
3 1 0 5 0 9 4 0 13 0
6 4 1 0 0 0 6 0 0 0
6 5 1 4 0 6 7 0 8 1
10 7 2 3 3 4 6 2 4 1
8 2 3 2 5 1 7 2 2 1
12 8 3 0 5 0 6 4 0 0
12 2 3 0 5 0 6 2 0 0
####
6 7 0 5 1 2 7
2 9 0 4 1 5 2
7 12 0 5 1 5 4
5 7 0 5 1 2 5
2 11 1 4 2 5 2
10 2 0 5 1 3 3
6 10 0 5 1 2 7
1 4 0 6 1 0 9
8 9 0 4 1 6 2
9 11 0 2 1 9 1
1 6 0 6 1 0 9
0 5 0 6 1 0 7
3 6 0 6 1 0 9
1 10 3 5 2 0 9
0 8 5 6 3 0 7
7 8 0 5 1 5 4
0 2 5 6 3 0 7
3 5 0 6 1 0 9
