1 0 3 0 3 0 7 0
1 0 2 0 3 0 5 0
2 1 2 0 1 1 2 0
1 0 3 0 2 0 8 0
2 2 1 0 1 2 4 0
2 1 0 0 0 1 0 1
4 2 1 2 1 5 2 0
5 2 1 3 0 7 1 0
2 2 1 0 0 2 1 0
6 2 0 3 0 8 0 0
3 1 0 2 0 3 0 1
3 2 1 2 1 4 3 0
####
1 0 0 5 0 8 4 0 8 0
3 0 0 5 0 8 4 0 8 0
3 1 0 5 0 8 4 0 8 0
4 2 0 4 0 4 5 0 4 0
5 4 1 0 0 0 7 0 0 0
8 4 1 0 0 0 7 0 0 0
8 5 1 0 0 0 7 0 0 0
11 10 2 0 4 0 5 2 0 0
####
2 7 3 5 3 1 2
1 2 0 7 1 0 5
6 7 0 2 1 5 2
2 9 4 5 4 1 2
7 9 0 2 1 7 1
8 10 0 6 1 2 1
3 8 0 7 1 0 8
0 6 6 4 3 0 7
0 4 0 7 1 0 7
1 11 4 5 2 0 5
0 8 0 7 1 0 7
3 4 0 7 1 0 8
4 11 0 6 1 2 4
11 6 0 3 1 4 3
3 5 0 7 1 0 8
