1 0 3 0 3 0 9 0
1 0 3 0 3 0 11 0
1 0 4 0 3 0 8 0
2 1 0 0 0 1 0 1
5 2 2 2 2 6 6 0
6 2 1 2 1 7 2 0
2 1 2 0 2 1 9 0
7 2 1 3 0 8 1 0
3 2 1 1 1 3 8 0
6 2 1 2 1 7 2 0
7 2 1 2 0 8 1 0
8 1 0 2 0 9 0 1
8 2 0 2 0 9 0 0
4 2 1 2 2 4 7 0
2 1 0 0 0 1 0 1
####
1 0 0 7 0 10 5 0 11 0
2 0 0 7 0 10 5 0 8 0
2 1 0 7 0 10 5 0 9 0
6 3 1 0 0 0 6 0 0 0
9 5 5 0 6 0 5 6 0 0
10 7 6 0 8 0 5 8 0 0
12 11 7 0 10 0 5 10 0 0
####
1 3 0 6 1 0 11
4 9 0 3 1 6 6
6 8 0 4 1 1 9
2 9 6 5 5 0 8
8 13 0 2 1 3 8
4 5 0 3 1 6 6
1 13 4 4 3 0 11
13 4 0 2 1 4 7
5 7 0 4 1 7 2
6 7 5 5 5 1 9
10 12 0 4 1 8 1
0 8 3 4 2 0 9
9 10 0 4 1 7 2
1 6 0 6 1 0 11
2 12 10 5 7 0 8
0 5 6 5 5 0 9
0 10 8 5 6 0 9
7 11 0 4 1 8 1
2 14 0 6 1 0 8
2 4 5 4 4 0 8
