1 0 4 0 6 0 11 0
5 2 2 2 1 5 3 0
2 1 2 0 2 1 10 0
1 0 4 0 5 0 10 0
3 2 1 1 2 3 5 0
3 2 1 1 1 3 3 0
6 2 0 4 0 6 0 0
4 2 1 2 1 4 2 0
5 2 1 2 0 5 1 0
6 2 1 2 0 6 1 0
4 2 2 2 2 4 4 0
7 1 0 2 0 7 0 1
6 1 0 2 0 6 0 1
####
3 0 0 6 0 10 3 0 9 0
5 4 2 0 1 0 4 2 0 0
10 7 3 0 3 0 4 4 0 0
8 1 4 0 5 0 4 6 0 0
9 6 5 0 7 0 5 8 0 0
12 6 5 0 7 0 5 8 0 0
12 9 5 0 7 0 5 8 0 0
####
0 1 5 4 4 0 11
4 10 0 4 1 3 5
7 8 0 4 1 4 2
8 12 0 5 1 5 1
3 10 3 4 3 0 10
10 6 2 5 2 4 4
5 7 0 4 1 3 3
0 7 3 4 3 0 11
3 9 7 5 5 0 10
1 6 0 5 1 5 3
9 11 0 4 1 6 1
10 1 0 4 1 4 4
1 9 0 5 1 5 3
2 4 0 3 1 1 10
2 5 0 3 1 1 10
0 8 5 4 4 0 11
3 4 1 4 2 0 10
0 2 0 3 1 0 11
3 5 1 4 2 0 10
