1 0 3 0 3 0 13 0
1 0 3 0 4 0 11 0
1 0 2 0 2 0 10 0
1 0 3 0 2 0 13 0
8 2 2 2 3 12 5 0
2 1 2 0 3 1 11 0
2 1 0 0 0 1 0 1
9 2 2 2 2 13 4 0
2 1 2 0 2 1 10 0
3 2 1 1 1 3 9 0
10 2 2 2 1 14 3 0
5 2 1 4 1 9 8 0
3 2 1 1 1 3 10 0
11 2 1 4 0 15 1 0
12 2 0 2 0 16 0 0
6 2 1 2 1 10 7 0
2 1 0 0 0 1 0 1
11 2 0 4 0 15 0 0
4 2 1 2 1 5 9 0
7 2 1 3 2 11 6 0
####
1 0 0 11 0 15 5 0 19 0
2 0 0 11 0 15 5 0 18 0
2 1 0 11 0 15 5 0 17 0
3 0 0 11 0 15 5 0 20 0
3 1 0 11 0 15 5 0 19 0
3 2 0 11 0 15 5 0 18 0
8 5 0 10 0 11 5 0 17 0
16 5 1 0 0 0 8 0 0 0
12 9 2 9 4 9 7 0 15 1
17 13 10 0 13 0 6 18 0 0
####
4 7 0 2 1 12 5
10 17 0 3 1 14 3
2 18 6 5 3 0 10
19 4 0 2 1 11 6
8 9 0 6 1 1 10
8 19 5 5 5 1 10
0 16 0 8 1 0 13
15 19 0 2 1 10 7
5 12 0 6 1 1 11
1 14 15 5 11 0 11
4 13 2 3 3 12 5
9 11 1 3 2 3 9
3 6 0 8 1 0 13
0 4 10 5 7 0 13
7 10 0 2 1 13 4
1 10 12 5 9 0 11
10 13 0 3 1 14 3
12 18 0 3 1 3 10
3 9 4 6 2 0 13
0 5 0 8 1 0 13
3 12 4 6 2 0 13
13 14 0 3 1 15 1
5 7 7 5 7 1 11
1 8 0 8 1 0 11
7 17 1 3 2 13 4
2 15 8 5 5 0 10
11 15 0 2 1 9 8
18 11 0 2 1 5 9
