1 0 3 0 3 0 6 0
1 0 2 0 2 0 3 0
1 0 3 0 4 0 9 0
2 1 2 0 2 1 8 0
3 2 1 1 1 3 4 0
4 2 1 2 1 4 3 0
5 2 1 2 1 6 2 0
6 2 1 2 0 7 1 0
4 2 1 2 1 3 2 0
5 2 1 2 0 5 1 0
7 2 0 4 0 11 0 0
3 2 1 1 1 2 3 0
####
1 0 0 6 0 8 4 0 7 0
2 0 0 6 0 8 4 0 13 0
2 1 0 6 0 8 4 0 10 0
11 4 2 4 1 5 6 2 5 1
8 5 3 3 3 3 6 4 3 1
9 6 4 2 5 1 6 2 1 1
####
6 7 0 3 1 6 2
0 9 5 5 4 0 6
5 6 0 4 1 4 3
4 5 0 4 1 3 4
2 8 3 5 3 0 9
11 8 0 4 1 2 3
2 11 1 5 2 0 9
3 11 0 3 1 1 8
9 10 1 3 2 5 1
8 9 0 4 1 3 2
1 6 5 5 4 0 3
0 4 1 5 2 0 6
7 10 0 2 1 7 1
1 7 7 4 5 0 3
0 5 3 5 3 0 6
2 3 0 4 1 0 9
3 4 0 3 1 1 8
