1 0 4 0 4 0 8 0
1 0 3 0 2 0 6 0
1 0 3 0 2 0 9 0
2 2 1 0 1 2 7 0
3 2 1 2 1 3 6 0
2 2 0 0 0 2 0 0
6 2 1 2 1 7 3 0
4 2 1 2 1 4 5 0
7 2 1 2 1 8 2 0
8 2 1 2 0 9 1 0
9 1 0 2 0 10 0 1
5 2 1 2 1 6 4 0
####
1 0 0 8 0 8 4 0 11 0
2 0 0 8 0 8 4 0 14 0
2 1 0 8 0 8 4 0 11 0
5 3 1 0 0 0 5 0 0 0
####
2 7 3 4 3 0 9
4 7 0 2 1 3 6
6 8 0 2 1 7 3
9 10 0 2 1 9 1
1 5 0 5 1 0 6
8 9 0 2 1 8 2
2 5 0 5 1 0 9
0 6 5 4 5 0 8
1 9 7 4 7 0 6
2 3 0 5 1 0 9
0 4 2 4 2 0 8
1 11 4 4 4 0 6
7 11 0 2 1 4 5
0 3 0 5 1 0 8
0 8 6 4 6 0 8
3 4 0 3 1 2 7
11 6 0 2 1 6 4
