1 0 3 0 4 0 9 0
1 0 2 0 2 0 5 0
1 0 3 0 3 0 7 0
2 1 2 0 2 1 8 0
3 2 1 1 1 2 2 0
3 2 1 1 1 3 5 0
4 2 1 2 1 5 4 0
5 2 1 2 1 6 3 0
7 2 1 2 0 8 1 0
4 2 1 2 0 4 1 0
8 2 0 4 0 11 0 0
6 2 1 2 1 7 2 0
####
1 0 0 7 0 8 4 0 12 0
2 0 0 7 0 8 4 0 14 0
2 1 0 7 0 8 4 0 10 0
5 4 2 5 1 5 6 2 5 1
9 6 3 4 3 3 6 4 3 1
####
2 7 5 4 4 0 7
4 9 0 4 1 2 2
6 7 0 3 1 5 4
2 9 3 5 3 0 7
5 6 0 4 1 3 5
11 8 0 2 1 7 2
8 10 0 2 1 8 1
9 10 3 3 4 4 1
2 5 1 5 2 0 7
1 6 3 5 3 0 5
0 4 1 5 2 0 9
1 11 6 4 5 0 5
7 11 0 2 1 6 3
0 3 0 4 1 0 9
0 8 7 4 6 0 9
3 4 0 3 1 1 8
3 5 0 3 1 1 8
