1 0 4 0 5 0 10 0
4 1 2 2 1 4 3 0
1 0 4 0 5 0 10 0
2 2 2 0 1 2 3 0
2 2 1 0 1 2 4 0
3 2 1 2 1 3 3 0
3 1 0 2 0 3 0 1
5 2 1 3 1 7 2 0
2 2 1 0 1 2 5 0
7 2 0 3 0 10 0 0
3 2 1 2 2 3 4 0
6 2 1 4 0 9 1 0
####
2 0 0 6 0 9 3 0 16 0
4 3 1 5 0 6 6 0 4 1
8 3 1 5 0 6 6 0 5 1
8 4 1 5 0 6 6 0 7 1
6 5 2 0 3 0 5 2 0 0
10 5 2 4 3 3 6 2 5 1
10 6 2 0 3 0 5 2 0 0
####
4 5 0 6 1 2 4
2 8 0 5 1 0 10
5 7 1 4 2 3 3
11 9 0 2 1 9 1
8 10 0 6 1 2 5
0 8 0 5 1 0 10
2 10 3 5 2 0 10
3 11 5 4 4 2 3
0 5 3 5 2 0 10
1 9 2 2 3 4 3
3 6 0 6 1 2 3
1 7 0 2 1 4 3
10 1 0 4 1 3 4
7 11 0 2 1 7 2
0 3 0 5 1 0 10
0 4 0 5 1 0 10
2 3 0 5 1 0 10
2 4 0 5 1 0 10
