1 0 2 0 2 0 7 0
1 0 3 0 2 0 4 0
2 1 2 0 2 1 5 0
1 0 3 0 3 0 8 0
2 2 1 0 1 2 3 0
3 2 1 2 1 4 2 0
4 2 1 2 0 6 1 0
2 2 1 0 0 2 1 0
5 2 0 2 0 7 0 0
3 1 0 2 0 3 0 1
3 2 1 1 0 3 1 0
4 1 0 2 0 4 0 1
####
1 0 0 4 0 8 4 0 5 0
3 0 0 4 0 8 4 0 7 0
3 1 0 4 0 8 4 0 4 0
4 2 1 3 0 5 7 0 4 1
7 4 1 0 0 0 6 0 0 0
9 5 2 0 3 0 6 2 0 0
10 5 2 0 3 0 6 3 0 0
10 9 2 0 3 0 6 1 0 0
11 6 3 0 6 0 5 5 0 0
####
10 11 0 5 1 3 1
6 8 0 3 1 6 1
5 6 0 5 1 4 2
4 5 0 6 1 2 3
3 10 3 6 2 0 8
2 10 0 6 1 1 5
1 8 8 4 4 0 4
1 6 6 5 3 0 4
0 4 0 6 1 0 7
1 7 0 6 1 0 4
3 7 0 6 1 0 8
2 5 0 6 1 1 5
3 4 0 6 1 0 8
0 2 0 6 1 0 7
7 9 0 6 1 2 1
