1 0 3 0 5 0 11 0
1 0 4 0 2 0 10 0
1 0 3 0 2 0 6 0
2 1 3 0 2 1 10 0
3 2 1 1 1 3 3 0
6 2 1 2 1 7 4 0
3 1 0 1 0 2 0 1
3 2 1 1 1 3 7 0
7 2 1 2 1 8 3 0
8 2 1 3 1 10 2 0
9 2 1 2 0 11 1 0
2 1 0 0 0 1 0 1
4 2 1 2 1 4 6 0
5 2 1 2 1 6 5 0
10 2 0 2 0 12 0 0
####
1 0 0 9 0 11 4 0 17 0
2 0 0 9 0 11 4 0 14 0
2 1 0 9 0 11 4 0 13 0
6 4 2 0 2 0 6 2 0 0
7 4 2 7 2 6 7 2 8 1
7 6 2 0 2 0 6 2 0 0
####
7 12 0 4 1 3 7
8 9 0 2 1 8 3
3 7 0 5 1 1 10
0 3 0 5 1 0 11
1 11 0 5 1 0 10
5 8 0 2 1 7 4
4 9 4 4 5 3 3
12 13 0 2 1 4 6
2 13 6 4 4 0 6
3 6 0 5 1 1 10
1 4 2 6 2 0 10
2 10 10 4 8 0 6
9 10 0 2 1 10 2
0 12 5 4 3 0 11
0 5 7 4 5 0 11
2 14 11 4 9 0 6
13 5 0 2 1 6 5
1 8 8 4 6 0 10
10 14 0 2 1 11 1
1 7 2 6 2 0 10
3 4 0 5 1 1 10
