1 0 3 0 4 0 6 0
1 0 4 0 5 0 12 0
1 0 2 0 1 0 4 0
4 2 2 2 2 3 5 0
7 2 1 2 1 7 2 0
4 2 1 2 2 4 3 0
2 1 1 0 2 1 11 0
8 2 1 2 0 8 1 0
5 2 1 2 1 4 4 0
5 2 2 2 0 6 2 0
3 2 2 1 3 2 10 0
6 2 0 2 0 7 0 0
9 1 0 2 0 9 0 1
6 2 1 3 1 5 3 0
6 1 0 2 0 7 0 1
####
1 0 0 8 0 11 4 0 9 0
2 0 0 5 0 6 6 0 3 0
2 1 0 5 0 6 6 0 6 0
5 3 3 0 2 0 5 4 0 0
9 8 4 0 4 0 5 6 0 0
13 11 5 0 6 0 6 8 0 0
14 11 5 0 6 0 6 2 0 0
14 13 5 0 6 0 6 8 0 0
####
5 9 0 4 1 4 3
4 7 0 2 1 7 2
1 3 2 5 3 0 12
8 13 0 5 1 4 4
7 12 0 2 1 8 1
13 4 0 4 1 5 3
0 7 10 4 7 0 6
1 6 0 4 1 0 12
2 5 2 5 3 0 4
10 3 0 3 1 2 10
6 10 0 2 1 1 11
9 11 0 5 1 6 2
0 4 9 4 6 0 6
1 10 1 4 2 0 12
9 14 0 5 1 6 2
3 13 2 5 2 3 5
10 5 0 3 1 2 10
2 11 6 6 5 0 4
3 8 0 4 1 3 5
1 8 4 5 4 0 12
0 9 4 5 4 0 6
