1 0 4 0 3 0 7 0
1 0 4 0 4 0 9 0
4 2 1 2 1 4 2 0
2 1 2 0 2 1 7 0
5 2 1 2 0 5 1 0
6 1 0 2 0 6 0 1
5 2 0 2 0 5 0 0
3 2 1 1 1 3 2 0
2 1 0 0 0 1 0 1
3 2 1 1 1 3 3 0
4 2 1 2 0 4 1 0
####
1 0 0 5 0 8 3 0 7 0
8 3 1 0 0 0 4 0 0 0
9 7 2 0 2 0 4 0 0 0
10 2 3 0 4 0 4 2 0 0
6 4 4 0 6 0 4 4 0 0
####
1 3 0 4 1 0 9
0 9 2 4 2 0 7
4 5 0 3 1 5 1
9 2 0 4 1 3 3
10 6 0 4 1 4 1
0 7 2 4 2 0 7
1 4 6 4 4 0 9
0 6 6 4 4 0 7
1 8 0 4 1 0 9
3 9 0 4 1 1 7
7 10 0 4 1 3 2
2 4 0 4 1 4 2
1 10 4 4 3 0 9
3 7 0 4 1 1 7
0 2 4 4 3 0 7
