1 0 2 0 1 0 3 0
1 0 2 0 2 0 5 0
1 0 3 0 3 0 7 0
1 0 2 0 2 0 4 0
2 2 1 0 0 2 1 0
2 1 1 0 1 1 4 0
4 2 1 2 1 4 2 0
5 2 1 2 0 6 1 0
2 2 1 0 0 2 1 0
3 2 1 1 1 2 3 0
3 2 0 2 0 4 0 0
3 1 0 2 0 3 0 1
6 1 0 2 0 7 0 1
####
1 0 0 5 0 8 5 0 3 0
2 0 0 5 0 8 5 0 5 0
2 1 0 5 0 8 5 0 6 0
3 0 0 2 0 3 7 0 1 0
3 1 0 2 0 3 7 0 2 0
3 2 0 2 0 3 7 0 2 0
8 4 1 0 0 0 7 0 0 0
8 5 1 0 0 0 7 0 0 0
11 9 2 0 3 0 7 2 0 0
11 10 2 0 3 0 7 2 0 0
####
4 10 0 6 1 2 1
5 9 0 6 1 1 4
6 7 0 2 1 4 2
2 9 3 7 2 0 7
7 12 0 2 1 6 1
2 8 0 7 1 0 7
8 11 0 6 1 2 1
0 7 7 5 4 0 3
1 4 0 7 1 0 5
3 8 0 7 1 0 4
1 6 6 5 3 0 5
0 10 3 7 2 0 3
9 6 0 4 1 2 3
2 5 0 7 1 0 7
3 4 0 7 1 0 4
