1 0 3 0 1 0 4 0
1 0 3 0 3 0 6 0
1 0 2 0 2 0 6 0
1 0 2 0 2 0 4 0
2 1 1 0 1 1 5 0
2 2 1 0 0 2 1 0
3 2 1 1 1 2 4 0
4 2 1 2 1 4 3 0
6 2 1 2 0 7 1 0
2 2 1 0 0 2 1 0
7 2 0 3 0 10 0 0
5 2 1 2 1 5 2 0
3 1 0 2 0 3 0 1
2 1 0 0 0 1 0 1
####
1 0 0 6 0 9 5 0 7 0
2 0 0 6 0 9 5 0 5 0
2 1 0 6 0 9 5 0 8 0
3 0 0 6 0 9 5 0 3 0
3 1 0 6 0 9 5 0 6 0
3 2 0 6 0 9 5 0 4 0
5 4 0 5 0 5 5 0 4 0
9 5 1 0 0 0 8 0 0 0
13 5 1 0 0 0 8 0 0 0
####
2 7 6 5 3 0 6
5 10 5 5 5 2 1
4 6 0 6 1 1 5
2 9 0 8 1 0 6
6 7 0 3 1 2 4
11 8 0 2 1 5 2
0 13 0 8 1 0 4
8 10 0 2 1 7 1
1 4 0 8 1 0 6
3 9 0 8 1 0 4
1 6 4 6 2 0 6
0 5 0 8 1 0 4
1 11 7 5 4 0 6
7 11 0 2 1 4 3
0 8 8 5 5 0 4
9 12 0 6 1 2 1
3 5 0 8 1 0 4
