1 0 4 0 5 0 11 0
1 0 3 0 1 0 4 0
1 0 3 0 4 0 9 0
2 1 0 0 0 1 0 1
6 2 2 2 2 6 6 0
7 2 0 2 0 8 0 0
2 1 1 0 1 1 10 0
4 2 1 2 1 4 8 0
9 2 1 2 0 10 1 0
7 2 2 2 1 7 4 0
8 1 0 2 0 8 0 1
10 1 0 2 0 11 0 1
3 2 1 1 1 2 9 0
8 2 1 2 1 8 2 0
5 2 1 2 2 5 7 0
####
1 0 0 9 0 11 4 0 9 0
2 0 0 9 0 11 4 0 14 0
2 1 0 9 0 11 4 0 7 0
9 5 6 0 6 0 5 10 0 0
13 10 7 0 8 0 5 12 0 0
####
2 7 3 4 3 0 9
9 13 0 4 1 7 4
7 14 0 2 1 4 8
1 3 0 5 1 0 4
4 9 0 3 1 6 6
4 5 0 3 1 6 6
14 4 0 2 1 5 7
12 7 0 2 1 2 9
8 11 0 2 1 10 1
0 13 8 5 7 0 11
0 12 2 4 2 0 11
9 10 0 4 1 7 4
1 5 6 5 6 0 4
1 8 10 4 8 0 4
0 6 0 5 1 0 11
13 8 0 3 1 8 2
0 9 6 5 6 0 11
6 12 0 3 1 1 10
2 14 4 4 4 0 9
2 4 5 4 5 0 9
