1 0 4 0 5 0 9 0
2 1 2 0 1 1 6 0
4 2 2 2 2 4 3 0
1 0 3 0 2 0 8 0
2 2 1 0 1 2 4 0
3 2 1 2 1 3 3 0
3 2 0 1 0 3 0 0
6 2 1 4 0 8 1 0
5 2 1 3 1 7 2 0
7 1 0 2 0 9 0 1
3 2 1 1 2 3 4 0
####
3 0 0 6 0 8 3 0 13 0
4 1 1 5 0 6 5 0 7 1
6 5 2 0 2 0 5 2 0 0
10 5 2 4 2 3 6 2 5 1
10 6 2 0 2 0 5 2 0 0
####
0 1 0 4 1 0 9
2 7 1 2 2 4 3
4 5 0 5 1 2 4
2 8 0 2 1 4 3
7 9 0 2 1 8 1
3 10 2 5 2 0 8
1 6 0 5 1 1 6
0 4 0 4 1 0 9
3 6 2 5 2 0 8
8 7 0 2 1 7 2
1 10 0 5 1 1 6
0 5 2 5 2 0 9
3 4 0 4 1 0 8
0 2 5 3 3 0 9
5 8 1 4 2 3 3
10 2 0 4 1 3 4
