1 0 3 0 3 0 8 0
1 0 3 0 2 0 5 0
2 1 1 0 1 1 2 0
1 0 3 0 2 0 8 0
2 2 1 0 1 2 2 0
2 2 1 0 1 2 3 0
3 2 1 2 1 4 2 0
3 2 1 2 0 4 1 0
4 1 0 2 0 5 0 1
4 2 1 3 0 6 1 0
5 2 0 2 0 7 0 0
2 1 0 0 0 1 0 1
####
1 0 0 4 0 8 4 0 6 0
3 0 0 4 0 8 4 0 7 0
3 1 0 4 0 8 4 0 5 0
4 2 1 0 0 0 7 0 0 0
5 2 1 3 0 4 8 0 3 1
5 4 1 0 0 0 7 0 0 0
11 4 1 0 0 0 7 0 0 0
11 5 1 0 0 0 7 0 0 0
7 6 2 0 4 0 5 2 0 0
9 8 3 0 6 0 5 5 0 0
####
7 8 0 4 1 4 1
6 9 0 4 1 4 2
4 7 0 6 1 2 2
2 9 2 6 2 1 2
5 6 0 6 1 2 3
3 11 0 7 1 0 8
9 10 0 3 1 6 1
1 6 4 5 2 0 5
0 4 0 7 1 0 8
0 5 0 7 1 0 8
1 7 4 5 2 0 5
1 10 8 4 4 0 5
3 4 0 7 1 0 8
0 2 0 7 1 0 8
3 5 0 7 1 0 8
