1 0 3 0 4 0 10 0
1 0 3 0 4 0 9 0
1 0 3 0 4 0 8 0
4 2 2 2 1 4 4 0
2 1 2 0 1 1 3 0
1 0 2 0 3 0 6 0
2 2 2 0 1 2 3 0
5 2 1 4 1 8 2 0
2 1 3 0 2 1 8 0
2 2 1 0 0 2 1 0
3 2 1 1 1 3 2 0
3 1 0 1 0 2 0 1
3 1 0 2 0 3 0 1
5 2 0 2 0 6 0 0
2 1 0 0 0 1 0 1
3 2 1 1 0 3 1 0
6 2 1 4 0 10 1 0
7 2 0 4 0 11 0 0
4 1 0 2 0 4 0 1
3 2 1 1 2 2 5 0
####
1 0 0 6 0 15 5 0 10 0
2 0 0 6 0 15 5 0 9 0
2 1 0 6 0 15 5 0 7 0
5 0 0 6 0 15 5 0 9 0
5 1 0 6 0 15 5 0 7 0
5 2 0 6 0 15 5 0 6 0
8 4 0 3 0 7 7 0 2 0
8 6 0 5 0 10 6 0 7 0
9 6 1 0 0 0 9 0 0 0
14 8 1 0 0 0 9 0 0 0
11 10 2 0 5 0 9 2 0 0
15 10 2 0 5 0 9 1 0 0
15 12 2 0 5 0 9 1 0 0
19 10 2 4 5 5 10 2 4 1
19 11 2 0 5 0 9 2 0 0
18 3 3 0 10 0 6 2 0 0
13 7 4 0 12 0 6 6 0 0
####
5 9 0 9 1 0 6
1 3 10 6 3 0 9
5 6 0 9 1 0 6
0 14 0 9 1 0 10
8 19 0 10 1 1 8
7 16 0 3 1 8 2
3 7 0 4 1 4 4
6 17 10 6 5 2 3
16 17 0 2 1 10 1
6 7 7 7 3 2 3
2 9 0 9 1 0 8
8 10 0 10 1 1 8
4 13 7 7 3 1 3
19 3 0 7 1 2 5
15 18 0 7 1 3 1
1 10 5 9 2 0 9
2 6 0 9 1 0 8
3 13 0 4 1 4 4
8 11 0 10 1 1 8
1 4 0 9 1 0 9
0 8 0 9 1 0 10
10 16 4 6 3 3 2
0 19 5 9 2 0 10
4 15 0 10 1 1 3
2 15 5 9 2 0 8
9 12 0 10 1 2 1
