1 0 3 0 3 0 5 0
1 0 3 0 4 0 7 0
1 0 2 0 3 0 10 0
2 1 2 0 3 1 9 0
3 2 1 1 1 3 3 0
3 2 2 1 2 3 5 0
4 2 1 2 1 4 2 0
5 2 1 2 0 6 1 0
4 2 1 2 1 4 2 0
5 2 1 2 0 6 1 0
4 2 1 2 0 4 1 0
6 2 0 4 0 10 0 0
5 1 0 2 0 5 0 1
####
1 0 0 5 0 9 4 0 8 0
2 0 0 5 0 9 4 0 11 0
2 1 0 5 0 9 4 0 11 0
5 4 2 3 1 6 6 2 4 1
8 6 3 2 3 3 7 4 2 1
10 6 3 0 3 0 6 2 0 0
10 8 3 0 3 0 6 4 0 0
9 7 4 1 6 0 7 2 0 1
12 7 4 0 6 0 6 2 0 0
12 9 4 0 6 0 6 4 0 0
####
6 9 0 6 1 4 2
2 6 3 6 3 0 10
5 10 0 5 1 3 5
0 9 6 6 4 0 5
4 8 0 5 1 3 3
5 6 0 5 1 3 5
10 12 0 6 1 4 1
1 5 1 5 2 0 7
9 11 0 4 1 6 1
2 3 0 4 1 0 10
0 4 1 5 2 0 5
8 7 0 6 1 4 2
1 7 6 6 4 0 7
1 10 3 6 3 0 7
7 11 0 4 1 6 1
0 8 3 6 3 0 5
3 4 0 3 1 1 9
3 5 0 3 1 1 9
