1 0 3 0 1 0 5 0
2 1 1 0 1 1 2 0
1 0 3 0 3 0 6 0
1 0 2 0 2 0 6 0
2 2 1 0 1 2 3 0
2 2 1 0 1 2 2 0
3 2 1 2 1 4 2 0
4 2 1 2 0 6 1 0
3 2 1 2 0 3 1 0
5 2 0 4 0 9 0 0
2 1 0 0 0 1 0 1
####
2 0 0 4 0 7 4 0 8 0
3 0 0 4 0 7 4 0 8 0
3 2 0 4 0 7 4 0 10 0
4 1 0 3 0 3 5 0 3 0
5 1 0 3 0 3 5 0 2 0
5 4 1 3 0 3 8 0 3 1
10 1 1 0 0 0 7 0 0 0
8 6 2 2 4 1 6 2 1 1
####
0 1 0 7 1 0 5
6 7 0 3 1 4 2
4 6 0 6 1 2 3
2 8 4 5 2 0 6
7 9 0 2 1 6 1
8 9 1 3 2 3 1
0 6 4 5 2 0 5
0 10 0 7 1 0 5
1 7 2 5 2 1 2
2 5 0 7 1 0 6
3 4 0 7 1 0 6
2 4 0 7 1 0 6
5 8 0 6 1 2 2
3 5 0 7 1 0 6
