1 0 4 0 3 0 8 0
5 2 1 2 0 5 1 0
1 0 4 0 6 0 11 0
7 2 1 2 0 8 1 0
2 1 2 0 3 1 10 0
3 2 1 1 1 2 6 0
4 2 1 2 2 4 5 0
3 2 2 1 3 2 7 0
5 2 2 4 1 6 4 0
4 2 1 2 1 4 2 0
8 2 0 3 0 11 0 0
6 1 0 2 0 7 0 1
6 2 1 2 1 7 2 0
####
2 0 0 7 0 10 3 0 15 0
7 5 2 5 1 7 5 2 9 1
9 6 3 4 3 5 5 0 4 1
8 1 4 3 5 3 5 2 2 1
12 11 5 0 7 0 4 4 0 0
####
0 1 5 4 4 0 8
2 7 1 4 2 0 11
4 7 0 3 1 1 10
0 9 3 4 3 0 8
9 1 0 4 1 4 2
6 8 0 4 1 4 5
8 12 0 4 1 6 4
4 5 0 3 1 1 10
5 6 0 4 1 2 6
8 11 0 4 1 6 4
3 10 0 2 1 8 1
0 6 3 4 3 0 8
2 5 1 4 2 0 11
2 12 7 4 5 0 11
1 10 3 3 3 5 1
0 3 9 3 6 0 8
7 8 2 4 2 2 7
2 4 0 3 1 0 11
12 3 0 3 1 7 2
7 9 0 4 1 2 7
