1 0 3 0 3 0 7 0
2 1 2 0 1 1 2 0
1 0 3 0 3 0 7 0
1 0 2 0 2 0 8 0
2 2 1 0 1 2 4 0
2 2 1 0 1 2 6 0
3 2 1 2 1 3 5 0
4 2 1 2 1 5 4 0
6 2 1 2 1 8 2 0
7 2 1 3 0 10 1 0
5 2 1 3 1 7 3 0
8 2 0 3 0 11 0 0
####
2 0 0 7 0 8 4 0 12 0
3 0 0 7 0 8 4 0 13 0
3 2 0 7 0 8 4 0 13 0
4 1 1 6 0 5 7 0 4 1
5 1 0 6 0 5 4 0 6 0
5 4 1 6 0 5 7 0 8 1
####
0 1 0 6 1 0 7
4 10 2 4 3 2 4
10 8 0 2 1 7 3
2 6 3 4 2 0 7
6 7 0 2 1 3 5
5 6 0 4 1 2 6
2 8 6 4 5 0 7
0 7 4 4 3 0 7
8 9 0 2 1 8 2
9 11 0 2 1 10 1
1 9 4 4 5 1 2
7 10 0 2 1 5 4
0 4 0 6 1 0 7
2 5 0 6 1 0 7
1 11 5 4 6 1 2
3 4 0 6 1 0 8
3 5 0 6 1 0 8
