1 0 4 0 4 0 9 0
3 1 2 2 1 3 3 0
1 0 4 0 4 0 9 0
2 2 1 0 1 2 3 0
2 2 1 0 1 2 2 0
4 2 1 3 1 5 2 0
3 2 1 2 0 3 1 0
4 1 0 2 0 4 0 1
5 2 1 2 0 6 1 0
6 2 0 3 0 7 0 0
2 2 1 0 2 2 4 0
####
2 0 0 5 0 8 3 0 10 0
4 3 1 0 0 0 5 0 0 0
10 3 1 4 0 5 6 0 5 1
10 4 1 0 0 0 5 0 0 0
6 1 2 0 3 0 4 2 0 0
7 5 3 0 5 0 4 5 0 0
####
6 7 0 4 1 3 1
4 6 0 5 1 2 2
2 8 7 3 4 0 9
2 10 0 5 1 0 9
8 9 0 2 1 6 1
1 5 0 4 1 3 3
0 6 3 4 2 0 9
2 3 0 5 1 0 9
1 9 3 3 3 3 3
10 1 0 5 1 2 4
0 4 0 5 1 0 9
0 10 0 5 1 0 9
0 3 0 5 1 0 9
2 4 0 5 1 0 9
5 8 0 3 1 5 2
3 5 2 5 2 2 3
