1 0 2 0 2 0 5 0
1 0 3 0 1 0 5 0
1 0 3 0 4 0 8 0
2 1 0 0 0 1 0 1
2 1 2 0 2 1 7 0
3 2 1 1 1 2 2 0
4 2 1 2 1 5 2 0
5 2 1 2 0 6 1 0
4 2 1 2 0 4 1 0
5 1 0 2 0 5 0 1
6 2 0 2 0 7 0 0
3 2 1 1 1 3 3 0
####
1 0 0 5 0 8 4 0 5 0
2 0 0 5 0 8 4 0 6 0
2 1 0 5 0 8 4 0 7 0
11 5 2 0 2 0 5 2 0 0
8 6 3 0 4 0 5 0 0 0
9 7 4 0 6 0 5 2 0 0
####
2 7 6 5 4 0 8
1 3 0 5 1 0 5
6 7 0 4 1 5 2
5 8 0 4 1 2 2
4 5 0 4 1 1 7
1 11 2 5 2 0 5
8 9 0 4 1 4 1
0 6 4 5 3 0 5
7 10 0 3 1 6 1
2 4 0 5 1 0 8
1 10 8 4 5 0 5
2 5 2 5 2 0 8
0 8 4 5 3 0 5
4 11 0 4 1 1 7
11 6 0 4 1 3 3
