1 0 3 0 3 0 6 0
1 0 3 0 3 0 6 0
2 1 0 0 0 1 0 1
1 0 2 0 2 0 5 0
2 1 2 0 2 1 4 0
3 2 1 1 1 2 2 0
2 2 1 0 1 2 2 0
4 2 1 4 0 6 1 0
3 2 1 1 0 3 1 0
2 2 1 0 0 2 1 0
3 1 0 2 0 3 0 1
5 2 0 4 0 8 0 0
####
1 0 0 4 0 8 4 0 7 0
3 0 0 4 0 8 4 0 5 0
3 1 0 4 0 8 4 0 6 0
4 2 1 0 0 0 7 0 0 0
6 4 0 3 0 4 5 0 4 0
9 6 1 0 0 0 7 0 0 0
8 5 2 2 4 1 7 2 1 1
10 8 2 0 4 0 6 1 0 0
####
1 2 0 7 1 0 6
6 7 3 5 2 2 2
4 8 0 7 1 1 4
4 5 0 7 1 1 4
8 11 1 4 2 3 1
5 7 0 4 1 2 2
1 4 0 7 1 0 6
9 10 0 7 1 2 1
1 5 4 6 2 0 6
0 6 0 7 1 0 6
3 9 0 7 1 0 5
3 6 0 7 1 0 5
0 9 0 7 1 0 6
7 11 0 2 1 6 1
0 8 4 6 2 0 6
