1 0 3 0 2 0 5 0
1 0 3 0 2 0 5 0
1 0 2 0 3 0 8 0
2 1 2 0 2 1 7 0
3 2 1 1 1 2 4 0
2 1 0 0 0 1 0 1
5 2 1 2 1 6 2 0
4 2 1 2 1 4 3 0
6 2 1 2 0 7 1 0
7 1 0 2 0 8 0 1
3 2 1 1 0 3 1 0
4 2 0 2 0 4 0 0
####
1 0 0 6 0 8 4 0 5 0
2 0 0 6 0 8 4 0 8 0
2 1 0 6 0 8 4 0 7 0
10 4 2 0 2 0 5 2 0 0
11 7 3 0 4 0 5 4 0 0
####
4 7 0 4 1 2 4
10 11 0 4 1 3 1
6 8 0 2 1 6 2
7 6 0 3 1 4 3
1 11 4 5 3 0 5
3 10 0 4 1 1 7
0 7 4 5 3 0 5
8 9 0 2 1 7 1
1 6 6 4 4 0 5
0 5 0 5 1 0 5
2 3 0 5 1 0 8
1 10 2 5 2 0 5
0 8 7 4 5 0 5
3 4 0 4 1 1 7
2 4 2 5 2 0 8
