1 0 2 0 2 0 6 0
1 0 3 0 3 0 10 0
1 0 3 0 3 0 6 0
1 0 3 0 4 0 12 0
2 1 2 0 1 1 4 0
2 1 0 0 0 1 0 1
2 1 2 0 2 1 7 0
1 0 3 0 2 0 7 0
2 2 1 0 0 2 1 0
3 2 1 1 1 3 3 0
3 2 1 1 1 3 3 0
4 2 1 2 1 5 2 0
5 2 1 2 0 7 1 0
6 2 0 3 0 8 0 0
4 2 1 2 1 5 2 0
3 2 1 1 1 3 2 0
5 2 1 2 0 7 1 0
4 2 1 2 0 5 1 0
5 2 0 4 0 8 0 0
6 1 0 2 0 8 0 1
2 1 0 0 0 1 0 1
####
1 0 0 5 0 14 7 0 5 0
2 0 0 5 0 14 7 0 3 0
2 1 0 5 0 14 7 0 4 0
3 0 0 5 0 14 7 0 6 0
3 1 0 5 0 14 7 0 7 0
3 2 0 5 0 14 7 0 5 0
7 0 0 4 0 11 8 0 3 0
7 1 0 5 0 14 7 0 7 0
7 2 0 5 0 14 7 0 4 0
7 3 0 5 0 14 7 0 5 0
5 4 1 0 0 0 10 0 0 0
8 6 1 3 0 6 13 0 2 1
20 8 1 0 0 0 10 0 0 0
10 9 2 0 5 0 8 1 0 0
15 10 2 0 5 0 8 2 0 0
14 11 3 0 8 0 8 3 0 0
17 11 3 0 8 0 8 2 0 0
17 14 3 0 8 0 8 1 0 0
16 12 4 0 11 0 8 5 0 0
18 12 4 0 11 0 8 1 0 0
18 16 4 0 11 0 8 3 0 0
19 13 5 0 14 0 7 7 0 0
####
0 14 8 8 3 0 6
3 11 8 8 3 0 12
2 12 11 8 4 0 6
7 20 0 10 1 0 7
4 9 0 8 1 1 4
0 15 5 8 2 0 6
12 13 0 5 1 7 1
6 10 0 8 1 1 7
4 13 9 7 4 1 4
1 5 0 10 1 0 10
9 11 0 6 1 3 3
3 6 0 10 1 0 12
1 10 5 8 2 0 10
6 15 0 8 1 1 7
2 16 11 8 4 0 6
1 4 0 10 1 0 10
16 19 0 5 1 7 1
11 12 0 6 1 5 2
2 17 8 8 3 0 6
15 17 0 6 1 3 2
17 18 0 6 1 5 1
7 9 5 8 2 0 7
14 16 0 6 1 5 2
3 8 0 10 1 0 12
10 14 0 6 1 3 3
8 18 6 8 3 2 1
7 8 0 10 1 0 7
