1 0 4 0 5 0 11 0
1 0 3 0 1 0 5 0
1 0 2 0 2 0 4 0
1 0 2 0 2 0 6 0
1 0 2 0 3 0 8 0
2 1 2 0 2 1 5 0
2 1 1 0 0 1 1 0
3 2 1 1 0 2 1 0
2 2 2 0 2 2 4 0
2 2 1 0 1 2 2 0
4 2 1 4 0 7 1 0
5 1 0 2 0 8 0 1
3 2 1 2 0 4 1 0
3 2 0 1 0 3 0 0
4 1 0 2 0 3 0 1
3 2 1 2 0 4 1 0
2 1 0 0 0 1 0 1
3 2 1 1 1 3 2 0
4 2 0 2 0 6 0 0
4 1 0 2 0 5 0 1
####
1 0 0 4 0 14 6 0 5 0
2 0 0 3 0 10 9 0 3 0
2 1 0 3 0 10 9 0 1 0
3 0 0 4 0 14 6 0 5 0
3 1 0 4 0 14 6 0 4 0
3 2 0 3 0 10 9 0 3 0
4 0 0 4 0 14 6 0 5 0
4 1 0 4 0 14 6 0 4 0
4 2 0 3 0 10 9 0 3 0
4 3 0 4 0 14 6 0 4 0
6 5 1 0 0 0 10 0 0 0
8 5 0 3 0 9 6 0 3 0
9 5 1 0 0 0 10 0 0 0
9 6 1 0 0 0 10 0 0 0
9 8 1 0 0 0 10 0 0 0
16 8 1 0 0 0 10 0 0 0
13 7 2 0 5 0 10 2 0 0
15 7 2 0 5 0 10 2 0 0
15 12 2 0 5 0 10 0 0 0
15 13 2 0 5 0 10 2 0 0
17 7 2 0 5 0 10 2 0 0
17 13 2 0 5 0 10 2 0 0
17 15 2 0 5 0 10 2 0 0
14 10 3 0 10 0 9 4 0 0
18 10 3 0 10 0 9 1 0 0
19 14 3 0 10 0 9 4 0 0
19 10 3 0 10 0 9 4 0 0
19 18 3 0 10 0 9 2 0 0
####
10 11 0 5 1 7 1
4 8 0 10 1 0 8
1 17 5 10 2 0 5
0 7 5 10 2 0 11
2 12 5 10 2 0 4
15 19 0 9 1 4 1
4 9 0 10 1 0 8
9 15 0 10 1 2 2
8 10 5 9 2 2 4
3 16 0 10 1 0 6
2 15 5 10 2 0 4
7 14 0 9 1 2 1
17 10 0 9 1 3 2
5 17 0 10 1 1 5
1 13 5 10 2 0 5
12 18 0 9 1 4 1
0 5 0 10 1 0 11
8 12 0 10 1 2 4
5 7 0 10 1 1 5
3 8 0 10 1 0 6
1 18 10 9 3 0 5
0 6 0 10 1 0 11
6 13 0 10 1 1 1
0 9 0 10 1 0 11
