1 0 2 0 2 0 4 0
1 0 3 0 2 0 8 0
1 0 3 0 3 0 8 0
2 1 2 0 2 1 7 0
2 1 0 0 0 1 0 1
3 2 1 1 1 3 4 0
5 2 1 2 1 6 2 0
6 2 1 2 0 7 1 0
3 2 1 1 0 3 1 0
4 2 0 2 0 4 0 0
4 2 1 2 1 5 3 0
7 1 0 2 0 8 0 1
####
1 0 0 6 0 8 4 0 7 0
2 0 0 6 0 8 4 0 8 0
2 1 0 6 0 8 4 0 9 0
8 5 2 0 2 0 5 0 0 0
10 9 3 0 4 0 5 2 0 0
####
2 7 7 4 5 0 8
6 7 0 2 1 6 2
5 10 0 4 1 3 4
2 9 4 5 3 0 8
10 6 0 3 1 5 3
1 4 0 5 1 0 8
3 8 0 4 1 1 7
1 5 2 5 2 0 8
1 8 2 5 2 0 8
8 9 0 4 1 3 1
0 6 6 4 4 0 4
0 10 4 5 3 0 4
2 3 0 5 1 0 8
7 11 0 2 1 7 1
3 5 0 4 1 1 7
