1 0 3 0 4 0 10 0
1 0 4 0 5 0 9 0
5 1 0 2 0 5 0 1
2 1 3 0 4 1 9 0
3 2 1 1 0 3 1 0
4 2 0 2 0 4 0 0
5 2 1 2 1 5 2 0
6 2 1 2 0 6 1 0
7 1 0 2 0 7 0 1
3 2 2 1 2 3 6 0
4 2 1 3 0 4 1 0
4 2 1 2 1 4 3 0
####
1 0 0 6 0 9 3 0 9 0
9 4 2 0 1 0 4 2 0 0
10 5 3 0 3 0 5 4 0 0
11 5 3 0 3 0 5 4 0 0
11 10 3 0 3 0 5 4 0 0
6 2 4 0 6 0 4 6 0 0
####
7 8 0 2 1 6 1
6 7 0 3 1 5 2
4 5 0 5 1 3 1
3 10 2 4 2 1 9
1 4 1 4 2 0 9
9 10 0 5 1 3 6
0 6 6 4 4 0 10
3 9 0 3 1 1 9
9 11 0 5 1 3 6
1 9 1 4 2 0 9
0 5 3 5 3 0 10
1 7 8 3 5 0 9
0 3 0 3 1 0 10
1 11 3 5 3 0 9
3 4 0 3 1 1 9
11 6 0 5 1 4 3
10 2 0 5 1 4 1
