1 0 4 0 3 0 7 0
1 0 3 0 2 0 7 0
1 0 2 0 2 0 7 0
2 1 1 0 1 1 3 0
2 2 1 0 1 2 3 0
2 2 1 0 1 2 2 0
3 2 1 3 1 5 2 0
3 2 1 2 0 4 1 0
4 1 0 2 0 5 0 1
4 2 1 2 0 6 1 0
2 1 0 0 0 1 0 1
5 2 0 2 0 7 0 0
####
1 0 0 4 0 8 4 0 6 0
2 0 0 4 0 8 4 0 6 0
2 1 0 4 0 8 4 0 6 0
4 3 0 3 0 4 5 0 4 0
5 3 1 0 0 0 7 0 0 0
5 4 1 0 0 0 7 0 0 0
10 4 1 0 0 0 7 0 0 0
7 6 2 0 4 0 5 1 0 0
9 8 3 0 6 0 5 3 0 0
####
6 9 0 4 1 5 2
1 3 0 7 1 0 7
4 6 0 6 1 2 3
5 7 0 6 1 2 2
0 7 4 5 2 0 7
1 5 0 7 1 0 7
9 11 0 3 1 6 1
0 10 0 7 1 0 7
3 6 0 6 1 1 3
0 4 0 7 1 0 7
0 9 6 5 3 0 7
2 5 0 7 1 0 7
1 11 8 4 4 0 7
7 8 0 4 1 4 1
2 4 0 7 1 0 7
