1 0 3 0 4 0 9 0
1 0 4 0 4 0 7 0
2 1 3 0 3 1 8 0
3 2 1 1 0 2 1 0
3 2 1 1 1 3 4 0
4 2 1 2 1 4 3 0
5 2 1 2 1 5 2 0
3 2 1 1 0 3 1 0
6 2 1 2 0 6 1 0
7 2 0 3 0 8 0 0
4 1 0 2 0 4 0 1
####
1 0 0 6 0 8 3 0 10 0
4 3 2 4 1 4 6 2 3 1
7 3 2 0 1 0 5 2 0 0
7 4 2 0 1 0 5 2 0 0
10 5 3 0 4 0 4 4 0 0
####
2 7 0 4 1 1 8
6 8 0 2 1 5 2
5 6 0 3 1 4 3
4 5 0 5 1 3 4
1 4 1 5 2 0 7
8 9 0 2 1 6 1
1 5 4 4 3 0 7
3 9 4 4 4 2 1
1 6 6 3 4 0 7
2 3 0 4 1 1 8
7 10 0 5 1 3 1
1 7 1 5 2 0 7
2 4 0 4 1 1 8
0 3 1 5 2 0 9
0 8 7 3 5 0 9
0 2 0 3 1 0 9
