1 0 3 0 5 0 10 0
1 0 4 0 4 0 7 0
6 2 1 2 1 6 3 0
4 2 2 2 2 4 5 0
2 1 3 0 2 1 9 0
3 2 1 1 1 2 3 0
3 2 0 1 0 3 0 0
8 2 1 4 0 9 1 0
7 2 1 4 1 8 2 0
3 2 1 1 2 2 6 0
9 1 0 2 0 10 0 1
5 2 1 2 1 5 4 0
####
1 0 0 8 0 9 3 0 13 0
6 5 2 0 1 0 5 2 0 0
9 5 2 6 1 5 6 2 7 1
9 6 2 0 1 0 5 2 0 0
####
1 2 6 3 5 0 7
1 3 4 3 3 0 7
4 9 0 4 1 1 9
4 6 0 4 1 1 9
0 9 1 5 2 0 10
4 5 0 4 1 1 9
2 8 0 2 1 6 3
11 2 0 2 1 5 4
9 3 0 4 1 2 6
3 11 0 2 1 4 5
1 6 1 5 2 0 7
0 4 0 3 1 0 10
8 7 0 2 1 8 2
7 10 0 2 1 9 1
0 5 1 5 2 0 10
3 7 3 2 4 4 5
1 11 5 3 4 0 7
5 8 3 4 4 2 3
