1 0 3 0 4 0 10 0
1 0 4 0 4 0 11 0
1 0 2 0 2 0 11 0
2 1 2 0 2 1 7 0
2 1 1 0 1 1 2 0
1 0 1 0 0 0 1 0
1 0 3 0 3 0 13 0
2 2 1 0 1 2 2 0
5 2 2 2 2 8 5 0
2 2 2 0 1 2 9 0
6 2 2 2 2 9 4 0
2 1 0 0 0 1 0 1
3 2 1 2 1 4 7 0
7 2 1 2 1 10 3 0
2 2 0 0 0 2 0 0
3 2 1 3 0 5 1 0
8 2 1 4 1 11 2 0
2 1 0 0 0 1 0 1
9 2 1 3 0 12 1 0
10 2 0 4 0 16 0 0
4 2 1 3 2 7 6 0
3 1 0 2 0 3 0 1
####
1 0 0 9 0 16 6 0 18 0
2 0 0 9 0 16 6 0 17 0
2 1 0 9 0 16 6 0 17 0
6 0 0 9 0 16 6 0 19 0
6 1 0 9 0 16 6 0 19 0
6 2 0 9 0 16 6 0 18 0
4 3 0 8 0 9 8 0 7 0
7 3 1 8 0 9 13 0 7 1
7 4 0 8 0 9 8 0 2 0
9 3 0 8 0 9 8 0 13 0
9 4 0 8 0 9 8 0 8 0
9 7 1 8 0 9 13 0 8 1
14 7 1 0 0 0 12 0 0 0
14 9 1 0 0 0 12 0 0 0
17 4 1 0 0 0 12 0 0 0
15 12 2 7 7 6 9 1 6 1
21 12 2 0 7 0 8 2 0 0
21 15 2 0 7 0 8 2 0 0
####
6 9 0 12 1 0 13
1 17 0 12 1 0 11
0 7 0 12 1 0 10
18 19 0 2 1 12 1
0 10 12 6 5 0 10
20 8 0 2 1 7 6
15 19 6 4 7 5 1
0 3 0 12 1 0 10
6 14 0 12 1 0 13
12 20 0 4 1 4 7
6 7 0 12 1 0 13
7 15 0 10 1 2 2
2 9 0 12 1 0 11
9 21 0 10 1 2 9
3 20 3 8 2 1 7
8 10 0 2 1 8 5
13 16 0 2 1 10 3
10 18 2 2 3 9 4
8 16 2 2 3 8 5
16 18 0 2 1 11 2
3 13 6 8 5 1 7
5 11 0 12 1 0 1
10 13 0 2 1 9 4
1 4 0 12 1 0 11
2 14 0 12 1 0 11
1 12 7 8 2 0 11
4 15 0 10 1 1 2
1 8 11 6 4 0 11
9 12 0 10 1 2 9
