1 0 3 0 3 0 6 0
1 0 2 0 1 0 3 0
1 0 2 0 2 0 4 0
2 1 1 0 1 1 2 0
1 0 2 0 2 0 6 0
2 2 1 0 1 2 3 0
3 2 1 2 1 4 2 0
4 2 1 2 0 5 1 0
3 2 1 1 0 2 1 0
2 2 1 0 0 2 1 0
4 1 0 2 0 3 0 1
5 2 0 2 0 7 0 0
3 1 0 2 0 3 0 1
####
1 0 0 4 0 8 5 0 2 0
2 0 0 4 0 8 5 0 5 0
2 1 0 4 0 8 5 0 3 0
4 0 0 4 0 8 5 0 5 0
4 1 0 4 0 8 5 0 3 0
4 2 0 4 0 8 5 0 6 0
9 5 1 0 0 0 7 0 0 0
8 6 2 0 3 0 7 1 0 0
12 6 2 0 3 0 7 2 0 0
10 7 3 0 6 0 6 3 0 0
####
2 7 6 6 3 0 4
4 9 0 7 1 0 6
6 7 0 5 1 4 2
4 5 0 7 1 0 6
5 6 0 6 1 2 3
8 10 0 5 1 2 1
0 8 3 7 2 0 6
3 8 0 6 1 1 2
0 6 3 7 2 0 6
2 5 0 7 1 0 4
1 9 0 7 1 0 3
7 11 0 3 1 5 1
0 3 0 7 1 0 6
1 11 8 5 4 0 3
9 12 0 6 1 2 1
