1 0 4 0 3 0 8 0
1 0 3 0 2 0 5 0
1 0 3 0 5 0 11 0
2 1 2 0 3 1 10 0
3 2 1 1 1 3 4 0
2 1 0 0 0 1 0 1
6 2 0 2 0 6 0 0
3 2 2 1 1 2 4 0
6 2 1 2 0 7 1 0
4 2 1 2 1 4 2 0
4 2 1 2 1 5 3 0
7 1 0 2 0 8 0 1
5 2 1 2 1 6 2 0
5 2 1 2 0 5 1 0
4 1 0 2 0 3 0 1
####
1 0 0 6 0 11 4 0 7 0
2 0 0 6 0 11 4 0 9 0
2 1 0 6 0 11 4 0 8 0
7 4 2 0 2 0 5 2 0 0
10 9 3 0 4 0 6 1 0 0
14 9 3 0 4 0 6 4 0 0
14 10 3 0 4 0 6 4 0 0
13 12 4 0 7 0 5 3 0 0
8 6 5 0 9 0 5 5 0 0
####
2 7 2 5 2 0 11
9 13 0 5 1 4 2
4 10 0 5 1 3 4
7 14 0 5 1 2 4
8 11 0 3 1 7 1
10 12 0 5 1 5 3
1 10 4 6 3 0 5
0 12 7 5 4 0 8
13 6 0 4 1 5 1
1 5 0 5 1 0 5
1 8 9 5 5 0 5
2 13 7 5 4 0 11
0 6 9 5 5 0 8
2 3 0 5 1 0 11
12 8 0 4 1 6 2
0 4 2 5 2 0 8
0 9 4 6 3 0 8
3 7 0 4 1 1 10
3 4 0 4 1 1 10
7 9 0 5 1 2 4
