1 0 4 0 4 0 7 0
1 0 4 0 6 0 17 0
1 0 2 0 1 0 7 0
1 0 2 0 2 0 4 0
1 0 2 0 2 0 6 0
2 1 1 0 1 1 4 0
2 1 0 0 0 1 0 1
6 2 1 2 0 8 1 0
2 1 3 0 4 1 14 0
3 2 1 1 2 3 6 0
4 2 2 2 2 5 5 0
3 2 1 1 1 3 3 0
4 2 1 3 1 5 2 0
5 2 1 2 0 6 1 0
7 1 0 2 0 9 0 1
5 2 1 2 0 6 1 0
3 2 2 1 1 3 3 0
4 2 1 2 0 4 1 0
6 1 0 2 0 7 0 1
4 1 0 2 0 4 0 1
6 2 0 2 0 7 0 0
5 2 1 2 1 6 2 0
5 2 0 2 0 5 0 0
####
1 0 0 6 0 17 6 0 8 0
2 0 0 6 0 17 6 0 7 0
2 1 0 6 0 17 6 0 9 0
3 1 0 4 0 10 9 0 5 0
4 0 0 6 0 17 6 0 4 0
4 1 0 6 0 17 6 0 6 0
4 2 0 6 0 17 6 0 5 0
8 5 1 4 0 11 11 0 5 1
11 9 2 0 3 0 8 2 0 0
16 9 2 0 3 0 8 2 0 0
16 11 2 0 3 0 8 2 0 0
12 10 3 0 6 0 9 5 0 0
17 10 3 0 6 0 9 4 0 0
17 12 3 0 6 0 9 5 0 0
19 10 3 0 6 0 9 4 0 0
19 12 3 0 6 0 9 5 0 0
19 17 3 0 6 0 9 2 0 0
15 13 4 0 10 0 9 7 0 0
21 13 4 0 10 0 9 2 0 0
21 15 4 0 10 0 9 7 0 0
22 13 4 0 10 0 9 6 0 0
22 15 4 0 10 0 9 7 0 0
22 21 4 0 10 0 9 6 0 0
18 7 5 0 14 0 8 9 0 0
20 18 5 0 14 0 8 9 0 0
20 7 5 0 14 0 8 4 0 0
####
4 7 14 8 5 0 6
1 17 6 9 3 0 17
1 15 10 9 4 0 17
8 9 0 6 1 1 14
10 21 0 8 1 5 5
0 10 6 9 3 0 7
16 17 0 7 1 3 3
0 21 10 9 4 0 7
2 9 3 8 2 0 7
1 5 0 8 1 0 17
15 18 0 7 1 6 1
3 16 3 8 2 0 4
13 20 0 7 1 6 1
8 16 0 6 1 1 14
7 14 0 4 1 8 1
5 11 0 6 1 1 4
10 13 0 8 1 5 5
2 20 14 8 5 0 7
9 10 0 7 1 3 6
17 22 0 8 1 4 1
16 19 0 7 1 3 3
11 12 0 7 1 3 3
4 11 3 8 2 0 6
12 15 0 8 1 5 2
3 22 10 9 4 0 4
8 12 3 7 2 1 14
0 13 10 9 4 0 7
0 6 0 8 1 0 7
1 8 0 8 1 0 17
21 7 0 7 1 6 2
