1 0 4 0 5 0 11 0
1 0 3 0 3 0 8 0
9 2 2 2 1 10 3 0
1 0 1 0 2 0 7 0
5 2 1 2 2 5 7 0
6 2 2 2 2 7 6 0
2 1 1 0 2 1 10 0
3 2 2 1 1 2 9 0
10 2 1 4 0 11 1 0
7 2 1 2 1 8 5 0
11 1 0 2 0 12 0 1
4 2 1 2 1 3 8 0
8 2 1 2 2 9 4 0
10 2 0 3 0 11 0 0
####
1 0 0 10 0 10 4 0 15 0
3 0 0 10 0 10 4 0 14 0
3 1 0 10 0 10 4 0 11 0
13 8 9 0 8 0 5 16 0 0
####
5 9 0 2 1 7 6
12 2 0 2 1 9 4
11 4 0 2 1 3 8
6 7 0 2 1 1 10
1 12 6 4 7 0 8
4 5 0 2 1 5 7
2 8 0 3 1 10 3
7 13 6 3 7 2 9
8 10 0 3 1 11 1
0 7 1 4 2 0 11
1 4 3 4 4 0 8
0 6 0 4 1 0 11
0 11 2 4 3 0 11
2 13 0 3 1 10 3
9 12 0 2 1 8 5
1 9 5 4 6 0 8
7 11 0 2 1 2 9
0 2 7 4 8 0 11
5 8 3 3 4 7 6
3 5 4 4 5 0 7
