1 0 4 0 5 0 9 0
1 0 3 0 3 0 4 0
5 2 1 2 0 5 1 0
2 1 3 0 3 1 7 0
3 2 1 1 0 2 1 0
2 1 0 0 0 1 0 1
3 2 1 1 1 3 3 0
3 2 1 1 0 2 1 0
6 2 0 4 0 7 0 0
4 2 1 2 1 4 2 0
4 1 0 2 0 3 0 1
####
1 0 0 5 0 8 3 0 8 0
5 3 1 0 0 0 4 0 0 0
6 4 2 3 2 3 6 2 2 1
7 4 2 0 2 0 5 2 0 0
7 6 2 0 2 0 5 2 0 0
10 9 3 0 5 0 4 4 0 0
####
1 2 7 3 4 0 4
6 9 0 5 1 3 3
4 8 3 4 3 2 1
9 2 0 3 1 4 2
2 8 0 2 1 5 1
0 7 2 5 2 0 9
0 5 0 4 1 0 9
1 6 2 5 2 0 4
7 10 0 5 1 2 1
0 4 2 5 2 0 9
3 6 0 5 1 1 7
3 7 0 5 1 1 7
0 3 0 4 1 0 9
1 9 5 4 3 0 4
3 4 0 5 1 1 7
