1 0 4 0 2 0 7 0
1 0 3 0 2 0 7 0
1 0 4 0 5 0 12 0
2 1 2 0 2 1 6 0
1 0 4 0 4 0 13 0
4 2 1 2 1 5 2 0
2 2 1 0 0 2 1 0
3 2 1 1 1 3 3 0
2 1 1 0 1 1 2 0
4 2 1 2 1 5 2 0
4 2 0 2 0 5 0 0
2 2 1 0 1 2 4 0
3 2 0 2 0 4 0 0
3 2 1 1 0 3 1 0
5 2 1 3 0 8 1 0
5 2 1 2 0 6 1 0
6 1 0 2 0 9 0 1
3 2 1 2 1 3 3 0
6 1 0 2 0 7 0 1
2 1 0 0 0 1 0 1
####
1 0 0 5 0 14 6 0 6 0
2 0 0 5 0 14 6 0 6 0
2 1 0 5 0 14 6 0 6 0
4 0 0 5 0 14 6 0 8 0
4 1 0 5 0 14 6 0 5 0
4 2 0 5 0 14 6 0 7 0
6 3 1 0 0 0 9 0 0 0
11 6 1 0 0 0 9 0 0 0
11 8 0 4 0 9 7 0 4 0
19 11 1 0 0 0 9 0 0 0
12 7 2 0 5 0 8 2 0 0
13 7 2 0 5 0 8 2 0 0
13 12 2 0 5 0 8 2 0 0
17 7 2 0 5 0 8 1 0 0
17 12 2 0 5 0 8 1 0 0
17 13 2 0 5 0 8 1 0 0
9 5 3 0 9 0 7 2 0 0
10 9 3 0 9 0 7 0 0 0
10 5 3 0 9 0 7 2 0 0
15 14 4 0 12 0 6 2 0 0
18 16 5 0 14 0 6 4 0 0
####
4 7 5 8 2 0 13
3 7 0 9 1 1 6
2 5 9 7 3 0 12
8 14 7 7 3 1 2
9 15 0 5 1 5 2
0 17 5 8 2 0 7
4 13 5 8 2 0 13
0 11 0 9 1 0 7
15 18 0 4 1 6 1
1 10 9 7 3 0 7
17 5 0 7 1 3 3
2 6 0 9 1 0 12
3 13 0 9 1 1 6
0 12 5 8 2 0 7
2 3 0 9 1 0 12
1 9 9 7 3 0 7
6 12 0 9 1 2 1
13 10 0 7 1 3 1
4 11 0 9 1 0 13
7 9 0 7 1 3 3
11 17 0 9 1 2 4
4 6 0 9 1 0 13
14 16 0 4 1 8 1
0 19 0 9 1 0 7
5 14 0 5 1 5 2
1 8 0 9 1 0 7
2 15 12 6 4 0 12
