1 0 3 0 1 0 9 0
1 0 4 0 6 0 12 0
1 0 4 0 4 0 10 0
2 1 0 0 0 1 0 1
2 1 2 0 2 1 11 0
3 2 1 1 1 2 8 0
3 2 1 1 0 3 1 0
4 2 1 2 1 4 7 0
6 2 1 2 2 7 5 0
7 2 2 2 2 8 4 0
8 2 1 2 0 9 1 0
8 2 1 2 0 9 1 0
4 2 0 2 0 5 0 0
9 1 0 2 0 10 0 1
9 1 0 2 0 10 0 1
5 2 1 2 1 6 6 0
####
1 0 0 8 0 11 5 0 11 0
2 0 0 8 0 11 5 0 9 0
2 1 0 8 0 11 5 0 12 0
6 5 2 0 2 0 5 2 0 0
12 7 3 0 4 0 5 4 0 0
11 10 7 0 9 0 5 6 0 0
14 13 8 0 11 0 5 8 0 0
####
8 9 0 2 1 7 5
15 8 0 2 1 6 6
0 3 0 5 1 0 9
7 15 0 3 1 4 7
0 15 6 4 4 0 9
1 5 2 5 2 0 12
9 11 0 3 1 8 4
11 13 0 4 1 9 1
2 6 2 5 2 0 10
4 5 0 4 1 1 11
1 4 0 5 1 0 12
2 10 9 5 7 0 10
9 10 0 3 1 8 4
0 12 4 5 3 0 9
1 9 8 4 6 0 12
6 12 0 4 1 3 1
2 7 4 5 3 0 10
4 6 0 4 1 1 11
5 7 0 4 1 2 8
2 11 9 5 7 0 10
1 8 7 4 5 0 12
10 14 0 4 1 9 1
