1 0 4 0 7 0 11 0
1 0 2 0 1 0 3 0
1 0 3 0 3 0 4 0
2 1 2 0 4 1 10 0
5 2 1 2 1 5 2 0
2 1 0 0 0 1 0 1
3 2 2 1 2 2 6 0
6 2 1 2 0 6 1 0
3 2 2 1 1 2 2 0
4 2 1 2 0 3 1 0
4 2 1 2 0 4 1 0
4 2 1 2 1 4 3 0
5 2 0 4 0 5 0 0
7 1 0 2 0 7 0 1
5 1 0 2 0 4 0 1
####
1 0 0 4 0 7 6 0 4 0
2 0 0 6 0 11 4 0 8 0
8 6 2 0 2 0 5 2 0 0
10 9 3 0 4 0 6 4 0 0
11 9 3 0 4 0 6 4 0 0
11 10 3 0 4 0 6 4 0 0
12 4 4 0 7 0 6 6 0 0
14 4 4 0 7 0 6 6 0 0
14 12 4 0 7 0 6 6 0 0
####
2 7 10 4 5 0 4
4 7 0 4 1 5 2
6 9 0 5 1 2 6
9 14 0 6 1 3 1
11 4 0 6 1 4 3
8 12 3 5 2 2 2
6 11 0 5 1 2 6
7 13 0 2 1 6 1
2 11 4 6 3 0 4
10 12 0 6 1 4 1
8 10 0 5 1 2 2
1 10 4 6 3 0 3
3 8 0 4 1 1 10
1 5 0 5 1 0 3
0 6 2 5 2 0 11
3 6 0 4 1 1 10
0 9 4 6 3 0 11
0 3 0 5 1 0 11
0 8 2 5 2 0 11
2 4 7 6 4 0 4
