1 0 3 0 4 0 8 0
1 0 3 0 2 0 7 0
1 0 2 0 1 0 4 0
2 1 2 0 2 1 7 0
3 2 1 1 1 3 4 0
2 1 0 0 0 1 0 1
5 2 1 2 1 6 2 0
4 2 1 2 1 4 3 0
3 2 1 1 0 3 1 0
6 2 1 2 0 7 1 0
4 1 0 2 0 4 0 1
7 2 0 2 0 8 0 0
####
1 0 0 6 0 8 4 0 9 0
2 0 0 6 0 8 4 0 7 0
2 1 0 6 0 8 4 0 6 0
8 4 2 0 2 0 5 2 0 0
10 7 3 0 4 0 5 4 0 0
####
6 9 0 2 1 6 2
2 6 6 4 4 0 4
4 7 0 4 1 3 4
7 6 0 3 1 4 3
8 10 0 4 1 3 1
0 7 4 5 3 0 8
1 4 2 5 2 0 7
3 8 0 4 1 1 7
1 8 2 5 2 0 7
9 11 0 2 1 7 1
2 5 0 5 1 0 4
0 9 7 4 5 0 8
0 3 0 5 1 0 8
1 11 8 4 6 0 7
3 4 0 4 1 1 7
