1 0 4 0 4 0 14 0
1 0 2 0 3 0 6 0
1 0 3 0 1 0 9 0
5 2 2 2 2 7 4 0
2 1 2 0 2 1 6 0
1 0 1 0 1 0 8 0
1 0 2 0 1 0 4 0
2 1 2 0 1 1 6 0
2 2 1 0 1 2 7 0
3 2 1 1 1 3 2 0
3 2 1 2 1 4 6 0
2 2 0 0 0 2 0 0
3 2 1 1 1 3 4 0
3 2 0 1 0 3 0 0
9 1 0 2 0 16 0 1
6 2 1 4 1 11 3 0
7 2 1 4 1 12 2 0
8 2 1 4 0 15 1 0
2 1 0 0 0 1 0 1
4 2 1 2 2 6 5 0
####
1 0 0 8 0 14 6 0 16 0
2 0 0 8 0 14 6 0 17 0
2 1 0 8 0 14 6 0 11 0
5 0 0 8 0 14 6 0 18 0
5 1 0 8 0 14 6 0 12 0
5 2 0 8 0 14 6 0 13 0
6 0 0 8 0 14 6 0 13 0
6 1 0 8 0 14 6 0 7 0
6 2 0 8 0 14 6 0 8 0
6 5 0 8 0 14 6 0 9 0
7 4 1 7 0 9 11 0 9 1
8 4 1 7 0 9 11 0 11 1
8 7 1 7 0 9 11 0 10 1
18 4 1 0 0 0 10 0 0 0
18 7 1 0 0 0 10 0 0 0
18 8 1 0 0 0 10 0 0 0
10 9 2 6 5 5 10 2 6 1
12 9 2 6 5 5 10 3 4 1
12 10 2 6 5 5 10 3 8 1
13 9 2 0 5 0 9 2 0 0
13 10 2 0 5 0 9 2 0 0
13 12 2 0 5 0 9 3 0 0
####
3 15 0 2 1 7 4
6 9 5 9 2 0 4
1 3 10 6 4 0 6
7 12 0 9 1 1 6
0 7 0 10 1 0 14
4 12 0 9 1 1 6
5 8 0 10 1 0 8
16 17 0 2 1 12 2
4 9 0 9 1 1 6
8 10 0 9 1 2 7
2 13 5 9 2 0 9
19 3 0 2 1 6 5
9 17 4 5 5 3 2
0 4 0 10 1 0 14
3 16 1 2 2 7 4
17 14 0 2 1 15 1
6 11 0 10 1 0 4
10 19 0 5 1 4 6
0 18 0 10 1 0 14
2 10 5 9 2 0 9
1 19 9 6 3 0 6
0 8 0 10 1 0 14
12 15 2 5 3 3 4
7 13 0 9 1 1 6
2 11 0 10 1 0 9
15 16 0 2 1 11 3
