1 0 2 0 1 0 3 0
1 0 4 0 5 0 12 0
2 1 3 0 2 1 6 0
1 0 3 0 2 0 7 0
1 0 3 0 3 0 9 0
2 1 2 0 3 1 8 0
2 1 0 0 0 1 0 1
2 2 1 0 0 2 1 0
3 2 1 1 1 3 5 0
3 2 2 1 1 3 4 0
2 2 1 0 1 2 4 0
4 2 1 2 1 4 4 0
2 2 1 0 0 2 1 0
4 2 0 3 0 4 0 0
5 2 1 3 1 7 3 0
7 2 1 2 0 11 1 0
6 2 1 4 1 10 2 0
3 2 0 2 0 4 0 0
3 1 0 2 0 3 0 1
8 1 0 2 0 12 0 1
####
3 1 0 7 0 15 5 0 14 0
4 0 0 2 0 6 8 0 2 0
4 1 0 7 0 15 5 0 12 0
4 3 0 7 0 15 5 0 10 0
5 2 1 6 0 9 11 0 9 1
7 6 1 0 0 0 10 0 0 0
10 2 0 6 0 9 7 0 6 0
10 5 0 6 0 9 7 0 9 0
10 7 1 0 0 0 10 0 0 0
12 2 1 1 0 0 14 0 0 1
12 5 1 0 0 0 10 0 0 0
12 7 1 0 0 0 10 0 0 0
12 10 1 0 0 0 10 0 0 0
9 8 2 5 6 5 9 3 6 1
17 8 2 0 6 0 8 3 0 0
17 9 2 0 6 0 8 4 0 0
18 17 2 0 6 0 8 2 0 0
13 11 3 0 10 0 6 5 0 0
####
5 9 0 10 1 1 8
4 7 0 10 1 0 9
3 11 10 6 3 0 7
0 7 0 10 1 0 3
1 15 14 5 6 0 12
4 12 0 10 1 0 9
11 14 0 3 1 4 4
15 19 0 2 1 11 1
5 8 0 10 1 1 8
1 2 0 10 1 0 12
2 9 0 10 1 1 6
3 10 0 10 1 0 7
1 5 0 10 1 0 12
2 13 4 8 2 1 6
12 17 0 10 1 2 1
16 15 0 2 1 10 2
4 10 0 10 1 0 9
8 11 0 6 1 3 5
7 18 0 10 1 2 1
9 16 3 5 3 3 4
2 17 0 10 1 1 6
9 13 0 6 1 3 4
14 16 0 2 1 7 3
1 12 0 10 1 0 12
3 8 6 8 2 0 7
0 6 0 10 1 0 3
10 14 6 7 3 2 4
