1 0 3 0 2 0 5 0
1 0 3 0 1 0 4 0
1 0 2 0 2 0 5 0
1 0 3 0 3 0 12 0
1 0 3 0 3 0 5 0
1 0 2 0 2 0 7 0
2 1 1 0 1 1 4 0
2 2 1 0 1 2 3 0
3 2 1 1 1 3 3 0
3 2 1 2 1 4 2 0
2 1 1 0 1 1 2 0
4 2 1 2 0 5 1 0
3 2 1 1 0 3 1 0
4 2 1 2 1 4 2 0
2 2 1 0 1 2 2 0
5 2 1 2 0 6 1 0
3 2 1 2 0 4 1 0
4 2 0 2 0 5 0 0
4 1 0 2 0 5 0 1
5 2 0 2 0 7 0 0
6 1 0 2 0 7 0 1
2 1 0 0 0 1 0 1
####
1 0 0 3 0 9 10 0 1 0
2 0 0 5 0 15 7 0 4 0
2 1 0 3 0 9 10 0 3 0
3 0 0 5 0 15 7 0 7 0
3 1 0 4 0 13 8 0 3 0
3 2 0 5 0 15 7 0 5 0
4 1 0 4 0 13 8 0 2 0
4 3 0 4 0 13 8 0 5 0
5 1 0 4 0 13 8 0 3 0
5 3 0 4 0 13 8 0 6 0
5 4 0 4 0 13 8 0 5 0
7 6 1 0 0 0 11 0 0 0
14 6 1 0 0 0 11 0 0 0
14 7 1 0 0 0 11 0 0 0
9 8 2 0 5 0 10 2 0 0
16 8 2 0 5 0 10 2 0 0
16 9 2 0 5 0 10 2 0 0
13 11 3 0 9 0 10 4 0 0
17 13 3 0 9 0 10 1 0 0
18 11 3 0 9 0 10 4 0 0
18 13 3 0 9 0 10 4 0 0
19 15 4 0 13 0 8 6 0 0
####
1 21 0 11 1 0 4
8 13 0 8 1 3 3
15 20 0 3 1 6 1
3 7 0 11 1 0 12
11 19 0 6 1 5 1
3 14 0 11 1 0 12
4 9 5 10 2 0 5
10 12 0 9 1 1 2
0 17 9 10 3 0 5
9 11 0 8 1 4 2
12 17 0 8 1 3 1
3 6 0 11 1 0 12
16 18 0 8 1 4 1
13 15 0 6 1 4 2
2 10 0 11 1 0 5
4 16 5 10 2 0 5
1 19 13 8 4 0 4
0 8 5 10 2 0 5
4 11 9 10 3 0 5
7 9 0 9 1 2 3
14 16 0 9 1 2 2
1 12 5 10 2 0 4
6 8 0 9 1 1 4
5 7 0 11 1 0 7
0 13 9 10 3 0 5
5 14 0 11 1 0 7
2 15 13 8 4 0 5
