1 0 2 0 2 0 5 0
1 0 3 0 4 0 9 0
1 0 3 0 1 0 5 0
1 0 2 0 3 0 8 0
1 0 2 0 2 0 4 0
1 0 2 0 2 0 5 0
2 1 2 0 1 1 5 0
2 2 1 0 1 2 2 0
2 1 2 0 2 1 4 0
3 2 1 2 0 4 1 0
3 1 0 1 0 2 0 1
3 2 1 1 1 3 3 0
2 2 1 0 0 2 1 0
4 2 1 2 1 5 2 0
3 2 0 2 0 4 0 0
5 2 1 2 0 6 1 0
3 2 1 1 0 3 1 0
3 2 1 1 0 3 1 0
4 1 0 2 0 4 0 1
4 2 0 2 0 6 0 0
4 1 0 2 0 4 0 1
6 1 0 2 0 7 0 1
####
1 0 0 3 0 10 10 0 3 0
2 0 0 3 0 10 10 0 2 0
2 1 0 5 0 15 7 0 5 0
3 0 0 3 0 10 10 0 3 0
3 1 0 5 0 15 7 0 7 0
3 2 0 5 0 15 7 0 6 0
4 1 0 3 0 10 10 0 3 0
4 2 0 2 0 4 12 0 1 0
5 0 0 3 0 10 10 0 4 0
5 2 0 3 0 10 10 0 2 0
5 3 0 3 0 10 10 0 3 0
5 4 0 2 0 4 12 0 2 0
12 7 1 0 0 0 10 0 0 0
10 9 2 0 4 0 12 1 0 0
11 9 2 0 4 0 12 1 0 0
11 10 2 0 4 0 12 2 0 0
14 9 2 0 4 0 12 2 0 0
16 11 2 0 4 0 12 1 0 0
16 14 2 0 4 0 12 1 0 0
17 9 2 0 4 0 12 1 0 0
17 11 2 0 4 0 12 1 0 0
17 16 2 0 4 0 12 2 0 0
18 13 3 0 10 0 10 3 0 0
19 13 3 0 10 0 10 0 0 0
19 18 3 0 10 0 10 3 0 0
20 13 3 0 10 0 10 3 0 0
20 18 3 0 10 0 10 4 0 0
####
0 7 0 10 1 0 5
1 15 14 7 4 0 9
4 12 0 10 1 0 4
1 11 4 12 2 0 9
2 19 10 10 3 0 5
5 12 0 10 1 0 5
6 10 0 10 1 1 5
0 17 4 12 2 0 5
2 13 10 10 3 0 5
3 6 0 10 1 0 8
8 16 0 10 1 1 4
11 13 0 10 1 3 3
12 14 0 10 1 2 1
6 11 0 10 1 1 5
13 15 0 5 1 5 2
4 16 4 12 2 0 4
3 9 4 12 2 0 8
8 17 0 10 1 1 4
2 14 4 12 2 0 5
7 9 0 10 1 2 2
17 18 0 10 1 3 1
5 7 0 10 1 0 5
15 21 0 2 1 6 1
1 8 0 10 1 0 9
16 20 0 10 1 3 1
9 19 0 10 1 4 1
