1 0 3 0 3 0 9 0
1 0 3 0 2 0 5 0
1 0 3 0 3 0 7 0
2 1 1 0 1 1 8 0
2 1 0 0 0 1 0 1
3 2 1 1 1 2 7 0
4 2 1 2 2 3 6 0
7 2 1 2 1 8 2 0
5 2 2 2 1 5 5 0
8 2 1 2 0 9 1 0
6 2 1 2 1 7 3 0
9 1 0 2 0 10 0 1
6 2 0 2 0 7 0 0
####
1 0 0 8 0 9 4 0 10 0
2 0 0 8 0 9 4 0 11 0
2 1 0 8 0 9 4 0 7 0
12 10 5 0 5 0 5 8 0 0
####
3 5 0 3 1 1 8
6 8 0 2 1 3 6
1 12 5 5 5 0 5
2 9 8 4 7 0 7
10 7 0 3 1 7 3
5 6 0 2 1 2 7
8 12 0 3 1 5 5
2 8 4 4 4 0 7
8 10 0 3 1 5 5
0 6 3 4 3 0 9
9 11 0 2 1 9 1
0 5 2 4 2 0 9
1 7 7 4 6 0 5
1 10 5 5 5 0 5
0 3 0 5 1 0 9
2 4 0 5 1 0 7
7 9 0 2 1 8 2
