1 0 3 0 3 0 6 0
1 0 3 0 2 0 8 0
1 0 2 0 2 0 8 0
2 2 1 0 2 2 4 0
3 2 2 2 1 4 3 0
4 2 1 2 1 5 2 0
4 2 0 2 0 5 0 0
2 2 1 0 1 2 4 0
5 2 1 3 0 8 1 0
6 1 0 2 0 9 0 1
3 2 1 2 1 4 3 0
####
1 0 0 5 0 7 4 0 10 0
2 0 0 5 0 7 4 0 10 0
2 1 0 5 0 7 4 0 12 0
7 3 1 4 0 5 6 0 5 1
10 4 2 3 2 3 6 0 3 1
6 5 3 0 4 0 5 2 0 0
####
2 7 0 5 1 0 8
10 5 0 4 1 4 3
1 3 0 5 1 0 8
4 6 0 4 1 4 3
4 8 2 3 2 4 3
8 9 0 2 1 8 1
2 3 0 5 1 0 8
0 10 2 5 2 0 6
7 10 0 4 1 2 4
0 4 2 5 2 0 6
0 5 4 5 3 0 6
1 6 4 5 3 0 8
3 4 0 4 1 2 4
5 8 0 3 1 5 2
1 7 0 5 1 0 8
