1 0 4 0 3 0 8 0
1 0 2 0 3 0 9 0
1 0 3 0 2 0 7 0
4 2 1 2 1 5 2 0
2 1 2 0 2 1 8 0
3 2 1 1 1 3 3 0
2 1 0 0 0 1 0 1
4 2 1 2 1 5 2 0
5 2 1 2 0 6 1 0
6 1 0 2 0 7 0 1
5 2 1 2 0 6 1 0
6 2 0 2 0 7 0 0
3 2 1 1 1 3 3 0
####
1 0 0 5 0 8 5 0 7 0
2 0 0 5 0 8 5 0 5 0
2 1 0 5 0 8 5 0 6 0
12 5 2 0 2 0 5 2 0 0
7 3 3 0 4 0 5 1 0 0
10 8 4 0 6 0 5 3 0 0
11 9 5 0 8 0 5 5 0 0
####
10 11 0 4 1 6 1
4 5 0 4 1 1 8
3 10 0 4 1 5 2
5 7 0 4 1 3 3
2 11 8 5 5 0 7
0 7 4 5 3 0 8
0 12 2 5 2 0 8
8 9 0 4 1 6 1
0 6 0 5 1 0 8
1 4 0 5 1 0 9
4 12 0 4 1 1 8
2 3 4 5 3 0 7
1 10 6 5 4 0 9
2 5 2 5 2 0 7
0 8 6 5 4 0 8
7 8 0 4 1 5 2
12 3 0 4 1 3 3
