1 0 4 0 5 0 10 0
1 0 3 0 3 0 7 0
1 0 2 0 1 0 3 0
2 1 2 0 2 1 9 0
5 2 0 2 0 6 0 0
6 2 1 2 1 6 2 0
3 2 1 1 1 2 5 0
4 2 1 2 1 4 4 0
7 2 1 2 0 8 1 0
8 1 0 2 0 9 0 1
3 2 1 1 1 2 2 0
5 2 1 2 1 5 3 0
4 2 1 2 0 4 1 0
####
1 0 0 7 0 9 4 0 10 0
2 0 0 7 0 9 4 0 7 0
2 1 0 7 0 9 4 0 5 0
10 6 2 0 1 0 5 2 0 0
12 7 3 0 3 0 5 4 0 0
11 4 4 0 5 0 5 6 0 0
####
6 7 0 4 1 2 5
1 12 3 5 3 0 7
11 5 0 3 1 5 3
2 8 8 4 6 0 3
3 10 0 3 1 1 9
10 12 0 4 1 2 2
8 9 0 2 1 8 1
1 5 7 4 5 0 7
0 6 1 5 2 0 10
12 4 0 4 1 4 1
0 11 5 5 4 0 10
0 10 1 5 2 0 10
3 6 0 3 1 1 9
1 7 3 5 3 0 7
7 11 0 4 1 4 4
0 3 0 4 1 0 10
2 4 5 5 4 0 3
5 8 0 2 1 6 2
