1 0 3 0 4 0 9 0
2 1 3 0 2 1 7 0
1 0 4 0 5 0 13 0
1 0 3 0 3 0 7 0
3 1 0 1 0 2 0 1
1 0 3 0 3 0 8 0
2 1 2 0 2 1 8 0
2 2 1 0 0 2 1 0
3 2 1 2 1 4 3 0
2 2 1 0 1 2 3 0
2 2 1 0 1 2 2 0
4 2 1 2 1 5 2 0
3 2 1 1 2 3 5 0
3 2 1 3 0 5 1 0
4 2 0 4 0 7 0 0
4 2 2 2 1 4 4 0
5 1 0 2 0 5 0 1
2 1 0 0 0 1 0 1
5 2 1 4 1 7 2 0
7 2 0 2 0 13 0 0
6 2 1 4 0 12 1 0
####
2 0 0 6 0 16 5 0 12 0
3 0 0 6 0 16 5 0 8 0
3 2 0 6 0 16 5 0 12 0
5 0 0 6 0 16 5 0 7 0
5 2 0 6 0 16 5 0 11 0
5 3 0 6 0 16 5 0 7 0
6 1 0 5 0 10 7 0 9 0
7 1 1 2 0 4 13 0 1 1
9 1 0 5 0 10 7 0 5 0
9 6 1 5 0 10 11 0 8 1
9 7 1 0 0 0 10 0 0 0
10 1 0 2 0 4 9 0 2 0
10 6 1 0 0 0 10 0 0 0
10 7 1 2 0 4 13 0 1 1
10 9 1 0 0 0 10 0 0 0
8 4 2 0 6 0 8 2 0 0
12 8 2 4 6 6 9 2 5 1
13 4 2 0 6 0 8 2 0 0
13 8 2 0 6 0 8 2 0 0
13 12 2 0 6 0 8 2 0 0
14 11 3 0 10 0 7 5 0 0
15 11 3 3 10 3 8 4 3 1
15 14 3 0 10 0 7 4 0 0
18 16 4 0 13 0 6 7 0 0
####
5 9 0 10 1 0 8
3 15 10 7 3 0 7
0 7 0 10 1 0 9
9 18 7 8 3 2 3
3 17 0 10 1 0 7
2 9 0 10 1 0 13
15 18 0 5 1 4 4
18 20 0 3 1 7 2
7 14 4 9 2 2 1
2 6 0 10 1 0 13
1 13 0 10 1 1 7
8 11 0 7 1 4 3
10 13 0 10 1 2 2
1 4 0 10 1 1 7
2 10 0 10 1 0 13
20 19 0 2 1 12 1
6 12 0 10 1 1 8
0 1 0 10 1 0 9
12 15 0 7 1 3 5
5 10 0 10 1 0 8
6 8 0 10 1 1 8
3 12 6 8 2 0 7
13 14 0 7 1 5 1
0 19 16 5 6 0 9
5 7 0 10 1 0 8
2 11 10 7 3 0 13
1 8 0 10 1 1 7
11 20 2 4 2 5 2
15 16 0 5 1 4 4
