1 0 2 0 2 0 7 0
1 0 3 0 1 0 4 0
1 0 3 0 4 0 8 0
2 1 2 0 2 1 7 0
3 2 1 1 1 3 3 0
2 1 0 0 0 1 0 1
3 2 1 1 1 3 2 0
4 2 1 2 1 4 2 0
4 2 1 2 0 5 1 0
5 1 0 2 0 6 0 1
5 2 1 2 0 5 1 0
6 2 0 2 0 7 0 0
####
1 0 0 5 0 8 4 0 3 0
2 0 0 5 0 8 4 0 7 0
2 1 0 5 0 8 4 0 4 0
6 4 2 0 2 0 5 0 0 0
8 7 3 0 4 0 5 2 0 0
10 9 4 0 6 0 5 4 0 0
####
2 7 4 5 3 0 8
4 7 0 4 1 3 3
10 11 0 3 1 5 1
6 8 0 4 1 3 2
2 10 6 5 4 0 8
8 9 0 4 1 5 1
1 5 0 5 1 0 4
1 8 4 5 3 0 4
0 6 2 5 2 0 7
2 3 0 5 1 0 8
7 10 0 4 1 4 2
0 4 2 5 2 0 7
3 6 0 4 1 1 7
1 11 8 4 5 0 4
3 4 0 4 1 1 7
