1 0 2 0 1 0 4 0
1 0 4 0 2 0 5 0
1 0 3 0 3 0 7 0
1 0 1 0 1 0 5 0
4 2 1 2 1 5 2 0
1 0 2 0 2 0 6 0
2 2 1 0 1 2 3 0
2 2 1 0 1 2 4 0
5 2 1 2 0 7 1 0
3 2 1 2 1 3 2 0
5 2 0 2 0 6 0 0
3 2 1 2 1 3 3 0
6 1 0 2 0 8 0 1
4 2 1 2 0 5 1 0
2 1 0 0 0 1 0 1
2 1 0 0 0 1 0 1
####
2 0 0 5 0 10 6 0 6 0
2 1 0 4 0 8 7 0 4 0
3 0 0 5 0 10 6 0 6 0
3 2 0 5 0 10 6 0 8 0
5 0 0 5 0 10 6 0 3 0
5 1 0 4 0 8 7 0 6 0
5 2 0 5 0 10 6 0 5 0
5 3 0 5 0 10 6 0 5 0
15 6 1 0 0 0 9 0 0 0
13 4 3 0 6 0 7 2 0 0
10 8 4 0 8 0 7 4 0 0
####
2 7 0 9 1 0 7
9 13 0 4 1 3 2
6 9 0 6 1 2 3
11 4 0 4 1 3 3
8 12 0 3 1 7 1
5 6 0 9 1 0 6
0 14 0 9 1 0 4
4 8 0 4 1 5 2
2 11 4 7 2 0 7
1 15 0 9 1 0 5
2 13 6 7 3 0 7
1 6 0 9 1 0 5
1 9 4 7 2 0 5
7 11 0 6 1 2 4
0 4 6 7 3 0 4
1 10 8 7 4 0 5
3 7 0 9 1 0 5
13 10 0 4 1 5 1
5 8 8 7 4 0 6
