1 0 3 0 2 0 4 0
1 0 3 0 4 0 8 0
1 0 1 0 1 0 4 0
2 1 2 0 2 1 7 0
3 2 1 1 1 3 3 0
4 2 1 2 1 5 2 0
3 2 1 1 1 2 3 0
4 2 1 2 1 3 2 0
5 2 1 2 0 5 1 0
5 2 1 2 0 6 1 0
6 2 0 3 0 10 0 0
####
1 0 0 5 0 7 4 0 10 0
2 0 0 5 0 7 4 0 6 0
2 1 0 5 0 7 4 0 10 0
6 4 2 3 1 4 6 2 4 1
7 5 3 2 3 2 6 4 2 1
9 8 4 1 5 0 6 1 0 1
####
7 8 0 4 1 3 2
5 9 0 4 1 5 2
1 3 0 4 1 0 8
6 7 0 4 1 2 3
4 5 0 4 1 3 3
8 10 0 3 1 5 1
9 10 0 3 1 6 1
0 5 3 5 3 0 4
1 6 1 5 2 0 8
3 6 0 3 1 1 7
1 7 3 5 3 0 8
0 9 5 5 4 0 4
0 8 5 5 4 0 4
3 4 0 3 1 1 7
2 4 1 5 2 0 4
