1 0 3 0 4 0 8 0
2 1 2 0 0 1 2 0
1 0 3 0 3 0 6 0
1 0 2 0 2 0 7 0
2 2 1 0 1 2 4 0
3 1 0 1 0 2 0 1
4 2 1 2 1 5 2 0
2 2 1 0 0 2 1 0
3 2 0 3 0 5 0 0
5 2 1 2 0 6 1 0
3 2 1 2 1 4 3 0
6 1 0 2 0 7 0 1
####
2 0 0 5 0 8 4 0 7 0
3 0 0 5 0 8 4 0 8 0
3 2 0 5 0 8 4 0 7 0
4 1 1 0 0 0 6 0 0 0
7 1 0 1 0 0 6 0 0 0
7 4 1 0 0 0 6 0 0 0
8 5 2 0 3 0 6 2 0 0
10 5 2 0 3 0 6 2 0 0
10 8 2 0 3 0 6 2 0 0
####
0 1 0 6 1 0 8
4 10 0 6 1 2 4
2 7 0 6 1 0 6
6 9 0 2 1 5 2
7 8 0 6 1 2 1
2 9 7 4 4 0 6
10 6 0 4 1 4 3
2 10 3 6 2 0 6
1 5 0 6 1 1 2
1 8 0 6 1 1 2
0 6 6 4 3 0 8
9 11 0 2 1 6 1
0 4 0 6 1 0 8
3 7 0 6 1 0 7
3 4 0 6 1 0 7
