1 0 3 0 3 0 7 0
1 0 2 0 2 0 6 0
1 0 4 0 2 0 7 0
2 1 1 0 0 1 1 0
2 2 1 0 1 2 2 0
3 1 0 1 0 2 0 1
4 2 0 2 0 5 0 0
2 2 1 0 1 2 2 0
2 2 1 0 1 2 2 0
3 2 1 3 0 5 1 0
3 2 1 2 0 4 1 0
4 1 0 2 0 6 0 1
####
1 0 0 3 0 7 5 0 4 0
2 0 0 3 0 7 5 0 5 0
2 1 0 3 0 7 5 0 5 0
7 4 1 0 0 0 7 0 0 0
8 3 1 0 0 0 7 0 0 0
8 4 1 0 0 0 7 0 0 0
8 7 1 2 0 3 9 0 2 1
9 5 2 0 4 0 6 2 0 0
10 5 2 0 4 0 6 1 0 0
10 9 2 0 4 0 6 1 0 0
11 6 3 0 7 0 5 3 0 0
####
2 7 0 7 1 0 7
4 10 0 7 1 2 2
3 5 0 7 1 1 1
2 6 7 5 3 0 7
2 8 0 7 1 0 7
10 6 0 5 1 4 1
1 4 0 7 1 0 6
8 9 0 7 1 2 2
9 11 0 5 1 5 1
0 10 4 6 2 0 7
1 7 0 7 1 0 6
0 3 0 7 1 0 7
0 8 0 7 1 0 7
2 4 0 7 1 0 7
7 9 0 7 1 2 2
