1 0 4 0 4 0 9 0
1 0 3 0 2 0 11 0
1 0 2 0 3 0 8 0
2 1 1 0 1 1 9 0
3 2 1 1 2 3 8 0
4 2 2 2 3 5 7 0
5 2 1 2 2 6 6 0
6 2 2 4 1 7 5 0
9 2 1 2 1 10 2 0
10 2 1 2 0 11 1 0
7 2 1 2 1 8 4 0
8 2 1 2 1 9 3 0
11 2 0 4 0 12 0 0
2 1 0 0 0 1 0 1
####
1 0 0 10 0 10 4 0 17 0
2 0 0 10 0 10 4 0 15 0
2 1 0 10 0 10 4 0 16 0
13 3 1 0 0 0 5 0 0 0
####
1 3 0 5 1 0 11
10 11 0 2 1 8 4
6 7 0 2 1 6 6
11 8 0 2 1 9 3
4 5 0 2 1 3 8
5 6 0 2 1 5 7
5 7 1 2 2 5 7
7 12 4 2 5 7 5
1 13 0 5 1 0 11
2 10 6 4 6 0 8
8 9 0 2 1 10 2
0 6 4 4 4 0 9
0 11 7 4 7 0 9
1 9 9 4 9 0 11
7 10 0 2 1 7 5
0 4 2 4 2 0 9
2 5 3 4 3 0 8
0 8 8 4 8 0 9
3 4 0 3 1 1 9
9 12 0 2 1 11 1
