1 0 3 0 2 0 7 0
1 0 3 0 5 0 14 0
1 0 3 0 1 0 4 0
1 0 2 0 2 0 5 0
2 1 2 0 2 1 7 0
1 0 2 0 2 0 7 0
2 1 2 0 2 1 5 0
3 2 1 1 0 3 1 0
4 1 0 2 0 4 0 1
3 2 1 1 1 3 4 0
3 2 1 1 1 3 2 0
4 2 1 2 0 5 1 0
5 2 1 2 1 6 2 0
5 2 0 2 0 7 0 0
2 1 0 0 0 1 0 1
6 2 1 2 0 8 1 0
3 2 1 1 0 3 1 0
4 2 1 2 1 5 3 0
4 2 0 2 0 5 0 0
7 1 0 2 0 9 0 1
####
1 0 0 6 0 14 6 0 8 0
2 0 0 4 0 11 7 0 1 0
2 1 0 4 0 11 7 0 3 0
3 0 0 6 0 14 6 0 4 0
3 1 0 6 0 14 6 0 6 0
3 2 0 4 0 11 7 0 2 0
5 0 0 6 0 14 6 0 7 0
5 1 0 6 0 14 6 0 9 0
5 2 0 3 0 7 9 0 1 0
5 3 0 6 0 14 6 0 5 0
6 4 1 0 0 0 8 0 0 0
9 7 2 0 3 0 9 2 0 0
10 7 2 0 3 0 9 2 0 0
10 9 2 0 3 0 9 2 0 0
16 7 2 0 3 0 9 2 0 0
16 9 2 0 3 0 9 2 0 0
16 10 2 0 3 0 9 2 0 0
11 8 3 0 7 0 9 4 0 0
17 8 3 0 7 0 9 4 0 0
17 11 3 0 7 0 9 0 0 0
18 8 3 0 7 0 9 4 0 0
18 11 3 0 7 0 9 4 0 0
18 17 3 0 7 0 9 4 0 0
13 12 4 0 11 0 7 2 0 0
####
5 9 3 9 2 0 7
3 15 13 6 5 0 5
10 11 0 8 1 3 2
2 18 7 9 3 0 4
0 14 0 8 1 0 7
1 6 0 8 1 0 14
15 19 0 2 1 8 1
4 9 0 7 1 1 7
6 7 0 7 1 1 5
3 10 3 9 2 0 5
6 10 0 7 1 1 5
0 17 7 9 3 0 7
0 11 7 9 3 0 7
2 13 11 7 4 0 4
9 17 0 8 1 3 4
16 18 0 8 1 3 1
11 13 0 6 1 5 1
1 4 0 8 1 0 14
4 16 0 7 1 1 7
2 7 3 9 2 0 4
12 15 0 3 1 6 2
5 16 3 9 2 0 7
1 12 11 7 4 0 14
17 12 0 6 1 5 3
7 8 0 8 1 3 1
