1 0 3 0 3 0 7 0
1 0 2 0 1 0 4 0
1 0 2 0 1 0 4 0
1 0 2 0 1 0 3 0
1 0 3 0 3 0 8 0
1 0 3 0 2 0 7 0
2 1 1 0 1 1 3 0
2 1 2 0 2 1 5 0
3 2 1 1 1 3 2 0
2 2 0 0 0 2 0 0
3 2 1 1 1 3 2 0
2 2 1 0 1 2 3 0
3 2 1 2 1 4 2 0
2 1 0 0 0 1 0 1
4 2 1 2 0 4 1 0
4 2 1 2 0 4 1 0
5 1 0 2 0 5 0 1
4 2 1 2 0 6 1 0
2 2 1 0 0 2 1 0
5 1 0 2 0 7 0 1
5 1 0 2 0 5 0 1
3 2 0 2 0 4 0 0
####
1 0 0 4 0 13 9 0 5 0
3 2 0 2 0 6 10 0 1 0
4 0 0 4 0 13 9 0 6 0
4 2 0 4 0 13 9 0 5 0
5 0 0 4 0 13 9 0 6 0
5 2 0 2 0 6 10 0 1 0
5 3 0 2 0 6 10 0 2 0
5 4 0 4 0 13 9 0 6 0
11 6 1 0 0 0 12 0 0 0
11 7 0 3 0 7 9 0 3 0
11 9 1 0 0 0 12 0 0 0
18 9 1 0 0 0 12 0 0 0
18 11 1 0 0 0 12 0 0 0
12 8 2 0 6 0 10 2 0 0
12 10 2 0 6 0 10 1 0 0
21 8 2 0 6 0 10 0 0 0
21 12 2 0 6 0 10 2 0 0
17 14 3 0 10 0 9 4 0 0
17 15 3 0 10 0 9 4 0 0
19 16 4 0 13 0 9 6 0 0
20 19 4 0 13 0 9 6 0 0
####
5 9 0 12 1 0 7
15 20 0 6 1 4 1
0 14 10 9 3 0 7
2 8 6 10 2 0 4
0 7 0 12 1 0 7
5 18 0 12 1 0 7
12 17 0 7 1 4 2
7 10 0 10 1 1 5
1 10 6 10 2 0 4
8 15 0 7 1 3 2
17 19 0 6 1 6 1
5 11 0 12 1 0 7
1 13 0 12 1 0 4
0 12 6 10 2 0 7
3 9 0 12 1 0 3
18 21 0 10 1 2 1
11 12 0 10 1 2 3
4 11 0 12 1 0 8
4 6 0 12 1 0 8
14 16 0 6 1 4 1
6 8 0 10 1 1 3
4 15 10 9 3 0 8
2 21 6 10 2 0 4
3 18 0 12 1 0 3
10 14 0 7 1 3 2
7 17 4 9 2 1 5
