1 0 2 0 2 0 8 0
1 0 4 0 4 0 9 0
1 0 3 0 2 0 9 0
1 0 4 0 4 0 12 0
2 2 1 0 1 2 4 0
2 2 1 0 1 2 4 0
3 2 1 2 1 4 3 0
3 2 1 2 1 4 3 0
2 2 1 0 1 2 2 0
2 2 1 0 1 2 3 0
4 2 1 2 1 6 2 0
6 1 0 2 0 10 0 1
5 2 1 2 0 7 1 0
4 2 1 4 1 7 2 0
6 2 0 2 0 8 0 0
5 2 1 4 0 9 1 0
####
1 0 0 5 0 10 6 0 5 0
2 0 0 5 0 10 6 0 7 0
2 1 0 5 0 10 6 0 6 0
3 0 0 5 0 10 6 0 7 0
3 1 0 5 0 10 6 0 6 0
3 2 0 5 0 10 6 0 8 0
5 4 1 0 0 0 8 0 0 0
8 4 1 0 0 0 8 0 0 0
8 5 1 4 0 6 10 0 4 1
9 4 1 0 0 0 8 0 0 0
9 5 1 4 0 6 10 0 5 1
9 8 1 4 0 6 10 0 3 1
7 6 2 0 4 0 6 0 0 0
13 10 3 0 6 0 6 2 0 0
15 12 4 0 8 0 6 4 0 0
14 11 5 0 10 0 6 6 0 0
####
4 7 0 6 1 2 4
5 6 0 6 1 2 4
0 7 4 6 2 0 8
2 9 0 8 1 0 9
10 12 0 4 1 6 2
15 11 0 4 1 9 1
1 5 0 8 1 0 9
7 10 0 4 1 4 3
1 10 6 6 3 0 9
8 15 4 6 3 2 2
12 14 0 4 1 7 1
13 15 0 4 1 7 2
3 9 0 8 1 0 12
2 14 10 6 5 0 9
3 5 0 8 1 0 12
9 13 2 6 2 2 3
1 12 8 6 4 0 9
3 8 0 8 1 0 12
0 6 4 6 2 0 8
1 8 0 8 1 0 9
6 13 0 4 1 4 3
3 4 0 8 1 0 12
2 4 0 8 1 0 9
