1 0 3 0 2 0 5 0
1 0 3 0 2 0 8 0
1 0 3 0 3 0 6 0
1 0 3 0 3 0 7 0
1 0 1 0 0 0 1 0
1 0 3 0 3 0 8 0
2 1 1 0 1 1 4 0
2 2 1 0 1 2 3 0
3 2 1 2 1 4 2 0
2 2 1 0 0 2 1 0
2 2 1 0 1 2 2 0
2 1 0 0 0 1 0 1
3 2 1 1 1 3 3 0
4 2 1 2 1 4 2 0
4 2 1 2 0 5 1 0
5 2 1 2 0 6 1 0
3 2 1 2 0 4 1 0
6 1 0 2 0 7 0 1
2 1 0 0 0 1 0 1
5 2 0 2 0 7 0 0
4 2 0 4 0 6 0 0
####
1 0 0 4 0 12 8 0 2 0
2 0 0 4 0 12 8 0 3 0
2 1 0 5 0 14 7 0 4 0
3 0 0 3 0 9 9 0 4 0
3 1 0 5 0 14 7 0 7 0
3 2 0 5 0 14 7 0 5 0
5 0 0 4 0 12 8 0 3 0
5 1 0 4 0 12 8 0 5 0
5 2 0 4 0 12 8 0 6 0
5 3 0 3 0 9 9 0 4 0
9 7 1 0 0 0 12 0 0 0
10 7 1 0 0 0 12 0 0 0
10 9 1 2 0 3 15 0 1 1
12 8 2 0 6 0 9 0 0 0
16 8 2 0 6 0 9 2 0 0
16 12 2 0 6 0 9 1 0 0
14 13 3 0 9 0 9 2 0 0
20 13 3 0 9 0 9 3 0 0
20 14 3 0 9 0 9 5 0 0
19 15 4 0 12 0 8 4 0 0
####
5 9 0 12 1 0 8
0 10 0 12 1 0 5
8 14 0 6 1 4 2
12 13 0 6 1 3 3
3 6 0 12 1 0 7
3 16 6 9 2 0 7
2 15 12 8 4 0 6
9 20 3 9 2 2 1
3 13 9 9 3 0 7
14 19 0 5 1 5 1
13 15 0 5 1 4 2
6 12 0 9 1 1 4
2 14 9 9 3 0 6
4 11 0 12 1 0 1
15 17 0 3 1 6 1
2 7 0 12 1 0 6
5 10 0 12 1 0 8
1 12 6 9 2 0 8
10 16 0 9 1 2 2
0 19 12 8 4 0 5
5 7 0 12 1 0 8
1 18 0 12 1 0 8
1 8 6 9 2 0 8
16 20 0 6 1 4 1
0 9 0 12 1 0 5
7 8 0 9 1 2 3
