1 0 4 0 3 0 10 0
2 1 1 0 1 1 3 0
1 0 3 0 3 0 7 0
1 0 2 0 1 0 5 0
1 0 1 0 1 0 4 0
2 2 1 0 1 2 3 0
1 0 2 0 2 0 7 0
3 2 1 2 1 4 2 0
2 2 1 0 1 2 4 0
2 2 1 0 0 2 1 0
4 2 1 2 0 6 1 0
3 2 0 2 0 4 0 0
5 1 0 2 0 7 0 1
3 2 1 2 1 4 3 0
6 1 0 2 0 8 0 1
4 2 1 2 1 6 2 0
5 2 1 2 0 7 1 0
####
2 0 0 5 0 11 6 0 6 0
3 0 0 5 0 11 6 0 7 0
3 2 0 5 0 11 6 0 5 0
4 0 0 4 0 9 7 0 7 0
4 2 0 4 0 9 7 0 4 0
6 0 0 5 0 11 6 0 8 0
6 2 0 5 0 11 6 0 6 0
6 3 0 5 0 11 6 0 7 0
5 1 1 3 0 5 11 0 4 1
8 1 1 0 0 0 9 0 0 0
8 5 1 0 0 0 9 0 0 0
9 8 1 0 0 0 9 0 0 0
13 7 2 0 4 0 8 3 0 0
13 11 2 0 4 0 8 0 0 0
15 10 3 0 7 0 7 5 0 0
16 12 4 0 9 0 7 7 0 0
####
6 9 0 9 1 0 7
8 13 0 7 1 2 4
3 11 4 8 2 0 5
0 16 9 7 4 0 10
16 14 0 3 1 7 1
2 9 0 9 1 0 7
10 12 0 4 1 6 1
9 11 0 7 1 2 1
7 10 0 5 1 4 2
3 13 4 8 2 0 5
4 5 0 9 1 0 4
13 15 0 5 1 4 3
2 10 7 7 3 0 7
0 5 0 9 1 0 10
0 8 0 9 1 0 10
0 1 0 9 1 0 10
6 8 0 9 1 0 7
5 7 0 7 1 2 3
1 7 0 7 1 1 3
2 15 7 7 3 0 7
15 16 0 4 1 6 2
