1 0 3 0 3 0 7 0
1 0 3 0 4 0 9 0
2 1 2 0 2 1 3 0
1 0 2 0 3 0 9 0
2 2 1 0 1 2 3 0
3 2 1 3 1 5 2 0
2 2 2 0 2 2 4 0
3 2 1 2 0 4 1 0
4 2 1 3 0 6 1 0
3 2 1 2 0 3 1 0
5 1 0 2 0 7 0 1
4 1 0 2 0 5 0 1
4 2 0 2 0 5 0 0
####
1 0 0 4 0 9 4 0 6 0
3 0 0 4 0 9 4 0 6 0
3 1 0 4 0 9 4 0 6 0
4 2 0 3 0 6 4 0 4 0
6 4 1 0 0 0 6 0 0 0
7 5 2 0 3 0 6 1 0 0
9 5 2 0 3 0 6 2 0 0
9 7 2 0 3 0 6 2 0 0
11 8 3 0 6 0 6 3 0 0
12 8 3 0 6 0 6 2 0 0
12 11 3 0 6 0 6 1 0 0
####
6 9 0 6 1 2 4
6 7 0 6 1 2 4
5 8 0 6 1 5 2
4 5 0 6 1 2 3
2 8 3 6 2 1 3
8 10 0 4 1 6 1
0 7 3 6 2 0 7
1 4 0 6 1 0 9
0 12 6 6 3 0 7
1 6 0 6 1 0 9
1 9 3 6 2 0 9
3 6 0 6 1 0 9
7 11 0 6 1 4 1
2 5 0 6 1 1 3
3 4 0 6 1 0 9
0 2 0 6 1 0 7
9 12 0 6 1 3 1
