1 0 4 0 5 0 13 0
6 2 1 2 0 9 1 0
1 0 3 0 4 0 15 0
1 0 3 0 3 0 9 0
1 0 2 0 4 0 9 0
2 1 2 0 3 1 11 0
3 2 1 1 1 3 4 0
2 1 3 0 3 1 7 0
3 2 1 1 1 3 2 0
3 2 2 1 3 3 8 0
4 2 1 2 0 5 1 0
7 2 1 3 0 11 1 0
5 2 1 2 1 6 3 0
7 2 0 4 0 13 0 0
3 2 1 1 1 3 3 0
4 2 2 2 1 4 4 0
4 2 1 2 1 5 3 0
6 2 1 4 1 10 2 0
5 2 1 4 1 8 2 0
2 1 0 0 0 1 0 1
8 2 0 4 0 12 0 0
####
2 0 0 7 0 16 5 0 11 0
3 0 0 7 0 16 5 0 7 0
3 2 0 7 0 16 5 0 10 0
4 0 0 7 0 16 5 0 9 0
4 2 0 7 0 16 5 0 12 0
4 3 0 7 0 16 5 0 8 0
7 5 0 6 0 13 4 0 8 0
19 7 1 0 0 0 7 0 0 0
8 6 2 4 3 7 10 1 4 1
9 6 2 4 3 7 10 2 5 1
9 8 2 4 3 7 10 1 3 1
14 6 2 0 3 0 8 1 0 0
14 8 2 0 3 0 8 2 0 0
14 9 2 5 3 9 9 1 6 1
15 10 3 0 7 0 7 3 0 0
16 10 3 3 7 4 9 3 2 1
16 15 3 0 7 0 7 4 0 0
18 12 4 0 10 0 6 7 0 0
17 1 5 0 12 0 6 5 0 0
13 11 6 0 14 0 6 10 0 0
####
5 9 0 7 1 1 11
14 17 5 6 3 3 3
15 20 6 4 4 4 4
2 8 3 8 2 0 15
5 6 0 7 1 1 11
0 7 0 7 1 0 13
9 18 3 6 2 3 8
7 11 11 5 5 1 7
2 5 0 7 1 0 15
18 1 0 4 1 8 2
15 12 0 5 1 4 4
4 9 3 8 2 0 9
9 15 0 7 1 3 8
3 10 7 7 3 0 9
17 11 0 4 1 10 2
8 10 0 7 1 3 2
12 17 0 4 1 6 3
3 16 7 7 3 0 9
16 18 0 5 1 5 3
7 14 0 7 1 1 7
1 13 0 4 1 9 1
10 13 4 5 3 5 1
2 14 3 8 2 0 15
0 1 12 6 5 0 13
3 12 10 6 4 0 9
4 15 7 7 3 0 9
0 19 0 7 1 0 13
0 6 3 8 2 0 13
11 20 0 3 1 11 1
7 8 0 7 1 1 7
6 16 0 7 1 3 4
