1 0 3 0 4 0 7 0
1 0 3 0 2 0 5 0
2 1 0 0 0 1 0 1
1 0 2 0 2 0 4 0
2 1 2 0 1 1 4 0
3 2 1 1 1 2 2 0
3 2 1 1 1 3 2 0
4 2 1 3 0 5 1 0
2 2 1 0 0 2 1 0
2 2 1 0 0 2 1 0
3 1 0 2 0 3 0 1
5 2 0 4 0 8 0 0
####
1 0 0 4 0 8 4 0 7 0
3 0 0 4 0 8 4 0 5 0
3 1 0 4 0 8 4 0 4 0
8 2 1 0 0 0 7 0 0 0
8 4 0 3 0 4 5 0 3 0
9 4 1 0 0 0 7 0 0 0
9 8 1 0 0 0 7 0 0 0
6 5 2 2 4 1 7 2 2 1
10 5 2 0 4 0 6 2 0 0
10 6 2 0 4 0 6 2 0 0
####
1 2 0 7 1 0 5
6 7 0 4 1 3 2
4 6 0 7 1 1 4
4 5 0 7 1 1 4
8 11 4 5 3 2 1
5 7 0 4 1 2 2
9 10 0 7 1 2 1
3 8 0 7 1 0 4
1 8 0 7 1 0 5
3 9 0 7 1 0 4
0 5 4 6 2 0 7
1 6 4 6 2 0 5
0 4 0 7 1 0 7
0 9 0 7 1 0 7
7 11 0 2 1 5 1
