1 0 3 0 3 0 7 0
1 0 3 0 2 0 7 0
1 0 4 0 2 0 9 0
2 1 1 0 1 1 7 0
7 2 1 2 1 8 2 0
2 1 0 0 0 1 0 1
2 1 0 0 0 1 0 1
3 2 1 1 1 3 6 0
4 2 1 2 1 5 5 0
5 2 1 2 1 6 4 0
8 2 1 2 0 9 1 0
9 2 0 2 0 10 0 0
6 2 1 2 1 7 3 0
####
1 0 0 8 0 9 4 0 11 0
2 0 0 8 0 9 4 0 13 0
2 1 0 8 0 9 4 0 12 0
5 3 1 0 0 0 6 0 0 0
####
4 10 0 2 1 8 2
10 11 0 2 1 9 1
2 9 5 4 4 0 9
2 11 9 4 8 0 9
0 7 3 4 2 0 7
1 4 7 4 6 0 7
0 12 6 4 5 0 7
8 9 0 2 1 5 5
1 8 4 4 3 0 7
12 4 0 2 1 7 3
2 3 0 6 1 0 9
0 10 8 4 7 0 7
1 6 0 6 1 0 7
3 7 0 4 1 1 7
2 5 0 6 1 0 9
7 8 0 2 1 3 6
9 12 0 2 1 6 4
