1 0 3 0 2 0 5 0
1 0 3 0 2 0 7 0
1 0 3 0 1 0 8 0
2 2 1 0 1 2 5 0
2 2 1 0 1 2 5 0
3 2 1 2 1 4 4 0
4 2 1 2 1 6 3 0
5 2 1 2 1 7 2 0
6 2 1 2 0 8 1 0
7 1 0 2 0 9 0 1
2 2 0 0 0 2 0 0
####
1 0 0 6 0 7 4 0 9 0
2 0 0 6 0 7 4 0 9 0
2 1 0 6 0 7 4 0 12 0
4 3 1 5 0 4 7 0 8 1
10 3 1 0 0 0 6 0 0 0
10 4 1 0 0 0 6 0 0 0
####
1 3 0 6 1 0 7
6 7 0 2 1 6 3
4 5 0 4 1 2 5
5 6 0 2 1 4 4
0 7 5 4 4 0 5
2 10 0 6 1 0 8
1 4 0 6 1 0 7
0 6 4 4 3 0 5
1 8 6 4 5 0 7
8 9 0 2 1 8 1
2 3 0 6 1 0 8
0 10 0 6 1 0 5
7 8 0 2 1 7 2
2 4 0 6 1 0 8
3 5 0 4 1 2 5
