1 0 2 0 2 0 5 0
1 0 3 0 3 0 7 0
1 0 2 0 1 0 6 0
3 2 1 2 1 4 3 0
2 1 2 0 2 1 5 0
3 2 1 1 0 2 1 0
4 2 0 2 0 4 0 0
5 2 1 2 0 7 1 0
2 2 1 0 1 2 4 0
4 2 1 2 1 6 2 0
6 1 0 2 0 8 0 1
####
1 0 0 5 0 7 4 0 8 0
2 0 0 5 0 7 4 0 8 0
2 1 0 5 0 7 4 0 8 0
8 4 0 4 0 5 3 0 5 0
5 3 2 0 2 0 5 1 0 0
9 6 3 0 4 0 5 4 0 0
####
8 3 0 4 1 2 4
2 6 4 5 3 0 6
4 9 2 4 2 1 5
1 3 2 5 2 0 7
4 5 0 4 1 1 5
5 6 0 4 1 2 1
2 8 0 5 1 0 6
0 7 6 4 4 0 5
1 4 0 5 1 0 7
1 5 2 5 2 0 7
3 9 0 4 1 4 3
7 10 0 2 1 7 1
0 8 0 5 1 0 5
9 7 0 3 1 6 2
