1 0 4 0 5 0 13 0
1 0 4 0 2 0 7 0
1 0 3 0 2 0 5 0
1 0 3 0 2 0 6 0
2 1 2 0 1 1 5 0
2 1 0 0 0 1 0 1
2 1 0 0 0 1 0 1
4 2 2 2 2 5 4 0
3 2 1 1 1 2 3 0
5 2 1 2 0 6 1 0
3 2 1 1 1 3 3 0
2 1 1 0 1 1 6 0
5 2 1 2 0 6 1 0
6 2 0 2 0 7 0 0
4 2 1 3 1 5 2 0
6 1 0 2 0 7 0 1
5 2 1 2 0 6 1 0
3 2 1 1 2 3 5 0
6 2 0 2 0 7 0 0
2 1 0 0 0 1 0 1
####
1 0 0 5 0 13 7 0 7 0
2 0 0 5 0 13 7 0 8 0
3 0 0 5 0 13 7 0 6 0
3 1 0 5 0 13 7 0 5 0
11 4 1 0 0 0 9 0 0 0
10 8 2 3 5 5 10 2 4 1
17 8 2 0 5 0 7 2 0 0
17 10 2 0 5 0 7 2 0 0
14 7 3 0 8 0 6 5 0 0
16 9 4 0 10 0 7 7 0 0
16 12 4 0 10 0 7 7 0 0
12 9 4 0 10 0 7 6 0 0
15 13 5 0 13 0 7 9 0 0
18 15 5 0 13 0 7 9 0 0
18 13 5 0 13 0 7 8 0 0
####
4 8 0 8 1 1 5
7 12 0 5 1 5 4
17 7 0 5 1 3 5
1 17 5 7 2 0 7
1 6 0 9 1 0 7
3 7 8 6 3 0 6
8 14 0 5 1 2 3
2 19 0 9 1 0 5
0 11 0 9 1 0 13
16 15 0 6 1 6 1
0 4 0 9 1 0 13
2 16 10 7 4 0 5
4 10 0 8 1 1 5
1 13 13 7 5 0 7
2 10 5 7 2 0 5
0 12 10 7 4 0 13
12 18 0 6 1 6 1
1 9 10 7 4 0 7
0 8 5 7 2 0 13
7 9 0 5 1 5 4
3 5 0 9 1 0 6
9 13 0 6 1 6 1
11 17 0 8 1 1 6
14 16 0 5 1 5 2
3 18 13 7 5 0 6
10 14 0 5 1 3 3
