1 0 3 0 3 0 5 0
1 0 2 0 3 0 8 0
2 1 2 0 1 1 3 0
1 0 2 0 2 0 7 0
2 2 1 0 1 2 3 0
3 2 1 1 1 3 2 0
3 2 1 2 1 4 2 0
4 2 1 2 0 5 1 0
4 2 1 2 0 5 1 0
5 1 0 2 0 6 0 1
5 2 0 3 0 6 0 0
####
1 0 0 4 0 6 5 0 4 0
3 0 0 4 0 6 5 0 3 0
3 1 0 4 0 6 5 0 5 0
4 2 1 0 0 0 5 0 0 0
6 5 2 0 2 0 5 2 0 0
8 7 3 0 4 0 5 1 0 0
10 9 4 0 6 0 5 3 0 0
####
1 2 0 5 1 0 8
3 5 2 5 2 0 7
6 7 0 4 1 4 2
4 6 0 4 1 2 3
8 10 0 4 1 5 1
0 7 4 5 3 0 5
2 10 4 4 3 1 3
1 4 0 5 1 0 8
0 6 2 5 2 0 5
2 5 0 4 1 1 3
0 8 4 5 3 0 5
3 4 0 5 1 0 7
5 8 0 4 1 3 2
7 9 0 4 1 5 1
