1 0 3 0 3 0 10 0
2 1 2 0 3 1 8 0
1 0 2 0 2 0 4 0
1 0 3 0 3 0 9 0
5 2 1 2 1 6 3 0
2 2 0 0 0 2 0 0
6 2 1 4 1 8 2 0
3 2 2 1 1 3 6 0
4 1 0 2 0 4 0 1
7 2 1 2 0 9 1 0
3 2 1 1 1 3 3 0
8 1 0 2 0 10 0 1
4 2 1 2 1 4 4 0
####
2 0 0 7 0 9 4 0 10 0
3 0 0 7 0 9 4 0 13 0
3 2 0 7 0 9 4 0 9 0
5 1 1 0 0 0 5 0 0 0
10 7 2 5 2 5 6 2 6 1
12 8 3 0 4 0 5 4 0 0
####
0 1 0 5 1 0 10
6 9 0 2 1 8 2
4 6 0 2 1 6 3
2 9 8 4 6 0 4
7 12 0 4 1 3 6
3 10 2 5 2 0 9
10 6 3 3 3 3 3
0 12 4 5 3 0 10
12 4 0 3 1 4 4
0 5 0 5 1 0 10
9 11 0 2 1 9 1
1 7 0 4 1 1 8
1 10 0 4 1 1 8
3 7 2 5 2 0 9
7 8 0 4 1 3 6
2 4 6 4 4 0 4
3 5 0 5 1 0 9
