1 0 3 0 4 0 8 0
1 0 3 0 3 0 7 0
1 0 1 0 1 0 2 0
2 1 2 0 2 1 7 0
3 2 1 1 1 3 4 0
4 2 1 2 1 4 3 0
3 2 1 1 1 3 2 0
6 2 1 2 0 6 1 0
5 2 1 2 1 5 2 0
4 2 1 2 0 5 1 0
7 2 0 4 0 10 0 0
####
1 0 0 6 0 7 4 0 13 0
2 0 0 6 0 7 4 0 8 0
2 1 0 6 0 7 4 0 7 0
6 4 2 4 1 4 6 2 4 1
9 5 3 3 3 2 6 4 2 1
####
6 9 0 4 1 3 2
2 9 3 5 3 0 2
4 5 0 4 1 3 4
0 7 6 4 5 0 8
1 4 1 5 2 0 7
9 10 2 3 3 5 1
1 8 5 4 4 0 7
0 5 3 5 3 0 8
1 6 1 5 2 0 7
8 7 0 2 1 5 2
7 10 0 2 1 6 1
3 6 0 3 1 1 7
0 3 0 4 1 0 8
3 4 0 3 1 1 7
5 8 0 3 1 4 3
