1 0 3 0 3 0 8 0
1 0 3 0 2 0 6 0
3 2 1 2 1 3 3 0
1 0 3 0 3 0 9 0
4 1 1 2 1 4 2 0
3 2 1 2 1 4 2 0
4 2 1 2 0 5 1 0
6 2 0 2 0 7 0 0
5 2 1 1 0 6 1 0
2 2 1 0 1 2 3 0
5 1 0 2 0 6 0 1
2 2 1 0 1 2 4 0
####
1 0 0 5 0 8 4 0 5 0
3 0 0 5 0 8 4 0 8 0
3 1 0 5 0 8 4 0 5 0
11 9 1 0 0 0 5 0 0 0
5 2 2 0 2 0 5 1 0 0
6 4 3 0 4 0 5 3 0 0
10 8 4 0 6 0 5 5 0 0
####
4 8 0 4 1 4 2
5 6 0 4 1 4 2
0 2 2 5 2 0 8
11 2 0 4 1 2 4
6 10 0 4 1 5 1
3 11 0 5 1 0 9
1 8 6 5 4 0 6
3 9 0 5 1 0 9
0 5 2 5 2 0 8
1 9 0 5 1 0 6
8 7 0 3 1 6 1
1 7 8 4 5 0 6
3 6 4 5 3 0 9
9 5 0 4 1 2 3
0 11 0 5 1 0 8
2 4 0 4 1 3 3
