1 0 3 0 1 0 4 0
1 0 2 0 3 0 8 0
1 0 3 0 3 0 7 0
2 1 2 0 2 1 7 0
2 1 0 0 0 1 0 1
3 2 1 1 1 3 2 0
4 2 1 2 1 5 2 0
4 2 1 2 0 4 1 0
3 2 1 1 1 3 3 0
5 1 0 2 0 5 0 1
5 2 1 2 0 6 1 0
6 2 0 2 0 7 0 0
####
1 0 0 5 0 8 4 0 6 0
2 0 0 5 0 8 4 0 5 0
2 1 0 5 0 8 4 0 7 0
8 5 2 0 2 0 5 2 0 0
7 6 3 0 4 0 5 4 0 0
10 9 4 0 6 0 5 6 0 0
####
2 7 4 5 3 0 7
3 5 0 4 1 1 7
1 3 0 5 1 0 8
10 11 0 3 1 6 1
2 8 2 5 2 0 7
5 7 0 4 1 3 2
6 10 0 4 1 5 2
3 8 0 4 1 1 7
0 6 4 5 3 0 4
0 11 8 4 5 0 4
0 4 0 5 1 0 4
1 10 6 5 4 0 8
8 6 0 4 1 3 3
2 5 2 5 2 0 7
7 9 0 4 1 4 1
