6 1 2 2 2 7 4 0
1 0 1 0 2 0 9 0
1 0 3 0 4 0 11 0
1 0 3 0 3 0 11 0
2 2 1 0 2 2 9 0
3 2 2 2 4 4 8 0
2 2 1 0 1 2 2 0
7 2 2 3 0 8 2 0
4 2 2 2 1 5 7 0
7 2 1 3 0 9 1 0
8 2 0 3 0 11 0 0
8 1 0 2 0 9 0 1
5 2 1 2 2 6 5 0
5 1 0 2 0 6 0 1
####
2 1 0 7 0 9 5 0 11 0
3 1 0 7 0 9 5 0 11 0
3 2 0 7 0 9 5 0 12 0
6 4 1 6 0 7 7 0 7 1
13 12 4 0 4 0 5 4 0 0
9 7 6 1 7 0 7 8 0 1
11 10 7 0 9 0 5 11 0 0
####
6 9 5 4 5 2 2
2 6 0 5 1 0 11
8 13 0 3 1 5 7
3 12 4 5 4 0 11
12 0 0 3 1 6 5
4 5 0 3 1 2 9
2 8 3 4 3 0 11
8 12 0 3 1 5 7
5 7 4 3 4 4 8
0 7 0 3 1 7 4
9 10 0 4 1 9 1
1 5 2 4 2 0 9
3 6 0 5 1 0 11
7 10 0 4 1 8 2
0 9 0 3 1 7 4
7 11 0 4 1 8 2
3 4 0 5 1 0 11
2 4 0 5 1 0 11
5 8 0 2 1 4 8
