1 0 4 0 3 0 7 0
1 0 4 0 7 0 11 0
1 0 4 0 4 0 9 0
5 2 1 2 0 5 1 0
1 0 1 0 1 0 2 0
2 1 2 0 4 1 10 0
2 1 0 0 0 1 0 1
3 2 2 1 2 2 4 0
2 1 1 0 1 1 4 0
5 2 1 2 0 6 1 0
3 2 2 1 2 2 5 0
6 2 0 2 0 7 0 0
4 2 2 2 0 4 2 0
3 2 1 1 1 2 3 0
6 2 0 4 0 9 0 0
4 2 1 2 0 4 1 0
4 2 1 2 1 4 2 0
5 1 0 2 0 5 0 1
5 1 0 2 0 5 0 1
4 2 1 2 1 3 2 0
4 1 0 2 0 3 0 1
####
1 0 0 5 0 15 6 0 7 0
2 0 0 5 0 15 6 0 2 0
2 1 0 5 0 15 6 0 7 0
4 0 0 5 0 15 6 0 3 0
4 2 0 5 0 15 6 0 5 0
8 6 1 0 0 0 7 0 0 0
10 7 2 3 3 9 9 2 3 1
15 12 3 0 6 0 9 4 0 0
16 12 3 0 6 0 9 2 0 0
16 15 3 0 6 0 9 0 0 0
19 12 3 2 6 4 11 4 1 1
19 15 3 0 6 0 9 4 0 0
20 12 3 0 6 0 9 4 0 0
20 15 3 0 6 0 9 4 0 0
20 19 3 0 6 0 9 4 0 0
9 3 4 0 11 0 8 1 0 0
17 9 4 0 11 0 8 2 0 0
17 3 4 0 11 0 8 1 0 0
18 9 4 0 11 0 8 4 0 0
18 17 4 0 11 0 8 6 0 0
18 3 4 0 11 0 8 6 0 0
14 11 5 0 15 0 6 3 0 0
####
8 13 0 6 1 1 4
16 9 0 9 1 4 2
2 8 0 7 1 0 9
7 12 0 8 1 2 4
10 15 0 8 1 2 5
0 16 6 9 3 0 7
2 12 6 9 3 0 9
0 3 11 8 4 0 7
3 14 0 6 1 5 1
7 20 0 8 1 2 4
4 9 11 8 4 0 2
0 15 6 9 3 0 7
13 16 0 8 1 2 3
1 5 0 7 1 0 11
0 11 15 6 5 0 7
9 11 0 6 1 6 1
2 13 3 7 2 0 9
19 3 0 9 1 3 2
1 10 3 7 2 0 11
2 6 0 7 1 0 9
12 14 4 7 2 4 2
10 19 0 8 1 2 5
12 18 0 9 1 4 2
1 19 6 9 3 0 11
15 17 0 9 1 4 1
5 10 0 6 1 1 10
5 7 0 6 1 1 10
1 7 3 7 2 0 11
