1 0 3 0 3 0 16 0
1 0 4 0 5 0 11 0
2 1 2 0 3 1 14 0
1 0 1 0 0 0 1 0
1 0 3 0 4 0 13 0
3 1 1 1 2 2 13 0
2 1 0 0 0 1 0 1
4 2 2 1 2 4 12 0
5 2 2 2 3 6 10 0
6 2 2 2 3 7 7 0
7 2 2 3 2 8 4 0
7 2 1 2 0 8 1 0
5 2 0 2 0 5 0 0
8 1 0 2 0 9 0 1
7 1 0 2 0 8 0 1
8 2 1 2 0 9 1 0
8 2 1 2 0 9 1 0
6 2 1 2 0 7 1 0
9 1 0 2 0 10 0 1
9 2 0 2 0 11 0 0
####
1 0 0 8 0 14 6 0 11 0
3 0 0 8 0 14 6 0 7 0
3 1 0 8 0 14 6 0 4 0
4 0 0 8 0 14 6 0 12 0
4 1 0 8 0 14 6 0 9 0
4 3 0 8 0 14 6 0 5 0
6 2 1 0 0 0 6 0 0 0
12 8 4 0 4 0 6 6 0 0
17 9 5 0 6 0 6 8 0 0
11 10 6 0 8 0 7 10 0 0
14 10 6 0 8 0 7 10 0 0
14 11 6 0 8 0 7 10 0 0
15 13 7 0 11 0 7 12 0 0
16 13 7 0 11 0 7 12 0 0
16 15 7 0 11 0 7 12 0 0
19 18 8 0 14 0 6 14 0 0
####
4 7 3 5 3 0 13
7 12 0 3 1 4 12
1 17 6 6 5 0 11
1 15 11 7 7 0 11
8 9 0 4 1 6 10
10 15 0 6 1 8 4
4 12 4 6 4 0 13
0 16 11 7 7 0 16
15 19 0 5 1 9 1
2 5 0 3 1 1 14
1 11 8 7 6 0 11
4 9 6 6 5 0 13
9 11 0 5 1 7 7
17 14 0 5 1 7 1
16 18 0 5 1 9 1
11 13 0 6 1 8 1
2 10 6 5 5 1 14
9 10 0 5 1 7 7
3 19 14 6 8 0 1
8 17 0 4 1 6 10
10 16 0 6 1 8 4
5 7 0 2 1 2 13
0 6 0 6 1 0 16
1 8 4 6 4 0 11
7 8 0 3 1 4 12
0 2 0 6 1 0 16
