1 0 3 0 4 0 10 0
2 1 3 0 4 1 9 0
1 0 3 0 1 0 6 0
1 0 2 0 3 0 10 0
2 2 1 0 2 2 3 0
2 1 0 0 0 1 0 1
5 2 0 2 0 5 0 0
6 2 1 2 2 7 3 0
3 2 2 1 2 3 8 0
7 2 2 3 0 9 2 0
8 1 0 2 0 10 0 1
4 2 1 3 1 4 5 0
5 2 1 3 1 5 4 0
4 2 1 2 0 4 1 0
8 1 0 2 0 10 0 1
####
2 0 0 7 0 10 5 0 9 0
3 0 0 7 0 10 5 0 12 0
3 2 0 7 0 10 5 0 9 0
4 1 0 6 0 7 5 0 6 0
5 4 1 0 0 0 6 0 0 0
13 11 3 0 4 0 5 4 0 0
12 6 4 0 6 0 5 6 0 0
14 10 7 0 10 0 5 12 0 0
####
0 1 0 6 1 0 10
2 7 8 4 5 0 6
4 9 6 4 5 2 3
9 14 0 3 1 9 2
1 12 3 5 3 1 9
8 13 0 3 1 3 8
12 7 0 3 1 5 4
8 11 0 3 1 3 8
0 13 4 5 3 0 10
11 12 0 4 1 4 5
9 10 0 3 1 9 2
3 8 3 4 2 0 10
1 8 0 4 1 1 9
0 6 6 5 4 0 10
13 6 0 4 1 4 1
2 5 0 6 1 0 6
1 11 1 5 2 1 9
3 4 0 6 1 0 10
2 4 0 6 1 0 6
7 9 0 2 1 7 3
