1 0 2 0 3 0 7 0
1 0 2 0 2 0 9 0
1 0 3 0 3 0 5 0
5 2 1 2 1 6 3 0
2 1 2 0 2 1 8 0
6 2 1 2 1 7 2 0
3 2 0 1 0 2 0 0
7 2 1 2 0 8 1 0
3 2 2 1 1 3 6 0
8 1 0 2 0 9 0 1
4 1 0 2 0 4 0 1
4 2 1 2 1 5 4 0
####
1 0 0 7 0 8 4 0 11 0
2 0 0 7 0 8 4 0 9 0
2 1 0 7 0 8 4 0 10 0
8 6 2 0 1 0 5 2 0 0
11 10 3 0 3 0 5 2 0 0
####
2 7 7 4 6 0 5
3 5 0 2 1 6 3
4 6 0 3 1 1 8
4 8 0 3 1 1 8
8 11 0 4 1 3 6
5 7 0 2 1 7 2
2 11 3 5 3 0 5
8 10 0 4 1 3 6
11 3 0 3 1 5 4
1 4 0 4 1 0 9
2 3 5 4 4 0 5
0 5 6 4 5 0 7
1 6 1 5 2 0 9
0 8 1 5 2 0 7
7 9 0 2 1 8 1
