1 0 2 0 2 0 3 0
1 0 3 0 4 0 9 0
1 0 2 0 1 0 3 0
1 0 2 0 1 0 3 0
1 0 3 0 3 0 6 0
1 0 3 0 3 0 8 0
2 1 1 0 1 1 2 0
2 1 2 0 2 1 4 0
2 1 0 0 0 1 0 1
3 2 1 1 0 3 1 0
3 2 1 1 0 2 1 0
4 2 0 4 0 7 0 0
2 2 1 0 1 2 3 0
3 2 1 2 1 3 2 0
2 2 1 0 0 2 1 0
3 2 0 2 0 4 0 0
3 2 1 1 0 3 1 0
4 2 1 2 0 5 1 0
2 2 1 0 0 2 1 0
5 1 0 2 0 6 0 1
4 1 0 2 0 4 0 1
3 1 0 2 0 3 0 1
####
1 0 0 3 0 12 9 0 4 0
2 0 0 3 0 12 9 0 3 0
2 1 0 3 0 12 9 0 3 0
3 2 0 2 0 6 12 0 1 0
4 1 0 4 0 15 7 0 4 0
5 1 0 4 0 15 7 0 4 0
5 2 0 2 0 6 12 0 1 0
5 3 0 2 0 6 12 0 2 0
5 4 0 4 0 15 7 0 6 0
7 6 0 2 0 6 9 0 2 0
14 8 1 0 0 0 12 0 0 0
14 12 1 0 0 0 12 0 0 0
18 7 1 0 0 0 12 0 0 0
18 12 1 0 0 0 12 0 0 0
18 14 1 0 0 0 12 0 0 0
10 9 0 1 0 0 9 0 0 0
15 9 2 0 6 0 12 0 0 0
15 13 2 0 6 0 12 2 0 0
16 9 2 0 6 0 12 2 0 0
16 13 2 0 6 0 12 1 0 0
21 9 2 0 6 0 12 2 0 0
21 13 2 0 6 0 12 2 0 0
21 15 2 0 6 0 12 2 0 0
21 16 2 0 6 0 12 2 0 0
17 11 3 0 12 0 9 2 0 0
20 11 3 0 12 0 9 4 0 0
20 17 3 0 12 0 9 2 0 0
####
10 11 0 9 1 2 1
1 17 12 9 3 0 9
13 17 0 9 1 3 2
4 12 0 12 1 0 6
7 16 0 12 1 1 4
0 10 6 12 2 0 3
3 14 0 12 1 0 3
2 9 6 12 2 0 3
12 13 0 12 1 2 3
5 12 0 12 1 0 8
6 10 0 12 1 1 2
5 18 0 12 1 0 8
4 13 6 12 2 0 6
9 11 0 9 1 3 1
1 7 0 12 1 0 9
17 19 0 4 1 5 1
4 16 6 12 2 0 6
14 15 0 12 1 2 1
18 21 0 12 1 2 1
7 9 0 12 1 1 4
5 14 0 12 1 0 8
1 18 0 12 1 0 9
3 8 0 12 1 0 3
0 6 0 12 1 0 3
16 20 0 9 1 3 1
2 15 6 12 2 0 3
