1 0 2 0 2 0 6 0
1 0 3 0 3 0 6 0
1 0 2 0 1 0 3 0
2 1 1 0 1 1 2 0
1 0 2 0 2 0 6 0
2 2 1 0 1 2 3 0
2 2 1 0 0 2 1 0
3 2 1 2 1 4 2 0
3 2 1 1 0 3 1 0
4 2 1 2 0 5 1 0
5 1 0 2 0 6 0 1
3 2 0 2 0 4 0 0
4 1 0 2 0 4 0 1
####
1 0 0 4 0 8 5 0 5 0
2 0 0 3 0 6 6 0 3 0
2 1 0 2 0 3 7 0 1 0
4 0 0 4 0 8 5 0 5 0
4 1 0 4 0 8 5 0 6 0
4 2 0 2 0 3 7 0 1 0
6 5 1 0 0 0 7 0 0 0
8 7 2 0 3 0 7 1 0 0
11 7 2 0 3 0 7 2 0 0
11 8 2 0 3 0 7 0 0 0
12 9 3 0 6 0 6 3 0 0
####
4 6 0 7 1 0 6
8 12 0 5 1 3 1
6 11 0 6 1 2 1
4 5 0 7 1 0 6
2 8 3 7 2 0 3
5 7 0 6 1 2 3
2 11 3 7 2 0 3
0 7 3 7 2 0 6
9 10 0 3 1 5 1
1 5 0 7 1 0 6
3 8 0 6 1 1 2
1 6 0 7 1 0 6
1 9 6 6 3 0 6
0 3 0 7 1 0 6
7 9 0 5 1 4 2
