1 0 3 0 2 0 5 0
1 0 2 0 3 0 8 0
1 0 2 0 1 0 4 0
2 1 2 0 2 1 5 0
1 0 1 0 1 0 3 0
2 2 1 0 1 2 2 0
3 2 1 1 1 3 2 0
4 2 1 2 0 5 1 0
3 2 1 1 0 3 1 0
3 2 1 2 0 4 1 0
4 1 0 2 0 4 0 1
2 1 0 0 0 1 0 1
5 2 0 3 0 9 0 0
####
1 0 0 4 0 8 5 0 7 0
2 0 0 4 0 8 5 0 4 0
2 1 0 4 0 8 5 0 7 0
4 0 0 4 0 8 5 0 4 0
4 1 0 4 0 8 5 0 7 0
4 2 0 4 0 8 5 0 4 0
5 3 1 3 0 5 8 0 3 1
8 6 2 0 3 0 7 2 0 0
9 6 2 2 3 2 8 2 1 1
9 8 2 0 3 0 7 0 0 0
10 7 3 0 6 0 6 1 0 0
####
5 9 0 6 1 2 2
2 6 3 7 2 0 4
6 7 0 5 1 3 2
1 3 0 7 1 0 8
4 5 0 7 1 0 3
7 12 0 3 1 5 1
2 11 0 7 1 0 4
8 10 0 5 1 3 1
0 7 6 6 3 0 5
3 8 0 6 1 1 5
1 5 0 7 1 0 8
3 6 0 6 1 1 5
0 9 3 7 2 0 5
0 8 3 7 2 0 5
9 12 2 4 2 4 1
