1 0 3 0 2 0 7 0
1 0 3 0 3 0 6 0
1 0 2 0 1 0 4 0
1 0 1 0 1 0 4 0
2 2 1 0 1 2 3 0
3 2 1 2 1 4 2 0
2 1 1 0 1 1 3 0
3 2 1 1 1 3 2 0
4 2 1 2 0 5 1 0
4 2 1 2 0 5 1 0
5 1 0 2 0 6 0 1
2 1 0 0 0 1 0 1
5 2 0 2 0 6 0 0
####
1 0 0 4 0 7 6 0 5 0
2 0 0 4 0 7 6 0 5 0
2 1 0 4 0 7 6 0 3 0
3 0 0 4 0 7 6 0 5 0
3 1 0 4 0 7 6 0 6 0
7 5 2 0 3 0 6 1 0 0
9 8 3 0 5 0 6 3 0 0
12 10 4 0 7 0 6 5 0 0
####
2 7 3 6 2 0 4
5 9 0 4 1 4 2
7 8 0 4 1 3 2
6 7 0 5 1 1 3
4 5 0 5 1 2 3
2 11 0 7 1 0 4
8 10 0 4 1 5 1
1 4 0 7 1 0 6
0 12 7 6 4 0 7
0 6 0 7 1 0 7
1 8 5 6 3 0 6
0 5 3 6 2 0 7
1 9 5 6 3 0 6
3 4 0 7 1 0 4
9 12 0 4 1 5 1
