1 0 2 0 1 0 3 0
1 0 3 0 3 0 4 0
1 0 3 0 3 0 8 0
2 1 2 0 2 1 7 0
2 1 0 0 0 1 0 1
3 2 1 1 1 2 2 0
4 2 1 2 1 4 2 0
4 2 1 2 0 4 1 0
5 1 0 2 0 5 0 1
5 2 1 2 0 5 1 0
3 2 1 1 1 3 3 0
6 2 0 2 0 6 0 0
####
2 0 0 4 0 6 5 0 4 0
2 1 0 5 0 8 4 0 7 0
10 5 2 0 2 0 5 2 0 0
7 6 3 0 4 0 5 4 0 0
9 8 4 0 6 0 5 6 0 0
####
6 9 0 4 1 4 2
3 10 0 4 1 1 7
5 7 0 4 1 2 2
2 11 8 4 5 0 8
10 6 0 4 1 3 3
0 7 4 5 3 0 3
9 11 0 3 1 5 1
2 3 0 5 1 0 8
1 6 4 5 3 0 4
1 9 6 5 4 0 4
0 4 0 5 1 0 3
1 10 2 5 2 0 4
2 5 2 5 2 0 8
7 8 0 4 1 4 1
3 5 0 4 1 1 7
