1 0 2 0 3 0 9 0
1 0 3 0 2 0 6 0
1 0 3 0 3 0 7 0
2 1 2 0 2 1 8 0
2 1 0 0 0 1 0 1
4 2 1 2 2 4 6 0
5 2 2 2 2 5 5 0
6 2 1 2 0 7 1 0
6 2 1 2 1 7 2 0
7 2 1 3 0 8 1 0
8 1 0 2 0 9 0 1
3 2 1 1 1 2 7 0
7 2 0 2 0 8 0 0
####
1 0 0 7 0 9 4 0 8 0
2 0 0 7 0 9 4 0 10 0
2 1 0 7 0 9 4 0 6 0
8 7 5 0 5 0 5 8 0 0
12 9 6 0 7 0 5 10 0 0
####
2 6 4 4 4 0 7
6 7 0 3 1 5 5
6 8 0 3 1 5 5
11 5 0 2 1 2 7
5 6 0 2 1 4 6
7 12 0 4 1 7 1
3 11 0 3 1 1 8
1 4 0 5 1 0 6
9 10 0 3 1 8 1
8 9 0 4 1 7 2
1 8 5 5 5 0 6
3 9 5 4 5 1 8
2 5 3 4 3 0 7
2 12 7 5 6 0 7
0 11 2 4 2 0 9
1 7 5 5 5 0 6
0 3 0 5 1 0 9
