1 0 2 0 1 0 3 0
1 0 3 0 3 0 9 0
1 0 2 0 2 0 4 0
2 1 1 0 1 1 2 0
1 0 2 0 2 0 6 0
2 2 1 0 1 2 3 0
4 2 1 2 0 6 1 0
2 2 1 0 0 2 1 0
3 2 1 2 1 4 2 0
3 2 1 1 0 3 1 0
3 1 0 2 0 3 0 1
5 2 0 2 0 7 0 0
4 1 0 2 0 4 0 1
####
1 0 0 4 0 8 5 0 5 0
2 0 0 4 0 8 5 0 3 0
2 1 0 4 0 8 5 0 4 0
4 0 0 4 0 8 5 0 5 0
4 1 0 4 0 8 5 0 6 0
4 2 0 4 0 8 5 0 4 0
5 3 1 0 0 0 7 0 0 0
7 3 1 0 0 0 7 0 0 0
7 5 1 0 0 0 7 0 0 0
9 8 2 0 3 0 7 2 0 0
10 8 2 0 3 0 7 2 0 0
10 9 2 0 3 0 7 2 0 0
12 6 3 0 6 0 6 1 0 0
####
4 7 0 7 1 0 6
2 6 6 6 3 0 4
1 3 0 7 1 0 9
2 9 3 7 2 0 4
5 8 0 6 1 2 3
6 11 0 3 1 6 1
4 5 0 7 1 0 6
1 5 0 7 1 0 9
0 11 8 5 4 0 3
3 9 0 6 1 1 2
7 10 0 6 1 2 1
1 7 0 7 1 0 9
8 6 0 5 1 4 2
0 8 3 7 2 0 3
9 12 0 5 1 3 1
