1 0 4 0 3 0 7 0
1 0 3 0 1 0 5 0
1 0 2 0 2 0 7 0
2 1 1 0 1 1 2 0
2 2 1 0 1 2 3 0
2 2 1 0 1 2 2 0
5 2 0 2 0 7 0 0
2 1 0 0 0 1 0 1
3 2 1 2 0 3 1 0
4 1 0 2 0 4 0 1
3 2 1 2 1 4 2 0
4 2 1 2 0 6 1 0
####
1 0 0 4 0 8 4 0 6 0
2 0 0 4 0 8 4 0 6 0
2 1 0 4 0 8 4 0 6 0
4 3 0 3 0 4 5 0 3 0
5 3 1 0 0 0 7 0 0 0
5 4 1 0 0 0 7 0 0 0
7 4 1 0 0 0 7 0 0 0
10 8 2 0 4 0 5 1 0 0
11 9 3 0 6 0 5 4 0 0
####
4 10 0 6 1 2 3
10 11 0 4 1 4 2
11 6 0 3 1 6 1
3 11 2 6 2 1 2
1 4 0 7 1 0 5
8 9 0 4 1 3 1
2 5 0 7 1 0 7
0 5 0 7 1 0 7
0 10 4 5 2 0 7
1 6 8 4 4 0 5
1 7 0 7 1 0 5
0 3 0 7 1 0 7
0 8 4 5 2 0 7
2 4 0 7 1 0 7
5 8 0 6 1 2 2
