1 0 2 0 1 0 6 0
1 0 3 0 3 0 9 0
1 0 3 0 4 0 8 0
2 1 2 0 3 1 8 0
3 2 2 1 2 3 5 0
4 2 1 2 1 5 4 0
5 2 1 2 1 6 3 0
6 2 1 4 1 7 2 0
3 2 1 1 0 3 1 0
7 2 1 2 0 8 1 0
8 2 0 2 0 9 0 0
2 1 0 0 0 1 0 1
4 1 0 2 0 4 0 1
####
1 0 0 7 0 9 4 0 10 0
2 0 0 7 0 9 4 0 9 0
2 1 0 7 0 9 4 0 11 0
8 4 2 0 2 0 5 2 0 0
12 5 3 0 4 0 5 4 0 0
####
4 7 3 3 3 3 5
1 3 0 5 1 0 9
6 7 0 2 1 6 3
2 9 8 4 6 0 8
8 12 0 4 1 3 1
4 5 0 4 1 3 5
5 6 0 3 1 5 4
2 8 2 5 2 0 8
9 10 0 2 1 8 1
3 8 0 4 1 1 8
0 11 0 5 1 0 6
0 5 4 5 3 0 6
1 6 6 4 4 0 9
1 10 9 4 7 0 9
3 4 0 4 1 1 8
2 4 2 5 2 0 8
7 9 0 2 1 7 2
