1 0 3 0 2 0 6 0
1 0 2 0 3 0 8 0
1 0 3 0 3 0 8 0
1 0 3 0 3 0 6 0
2 1 2 0 2 1 5 0
3 2 1 2 1 4 2 0
3 2 1 1 1 3 2 0
4 2 1 2 0 5 1 0
2 2 1 0 0 2 1 0
3 2 1 1 0 3 1 0
4 2 1 2 0 5 1 0
4 1 0 2 0 4 0 1
2 2 1 0 1 2 3 0
5 1 0 2 0 6 0 1
5 2 0 2 0 6 0 0
3 1 0 2 0 3 0 1
####
1 0 0 4 0 10 6 0 4 0
2 0 0 4 0 10 6 0 3 0
2 1 0 4 0 10 6 0 5 0
3 0 0 4 0 10 6 0 6 0
3 1 0 2 0 3 8 0 2 0
3 2 0 4 0 10 6 0 5 0
8 4 1 0 0 0 7 0 0 0
12 8 1 0 0 0 7 0 0 0
6 5 2 0 3 0 8 0 0 0
9 6 2 0 3 0 8 2 0 0
9 5 2 0 3 0 8 0 0 0
15 6 2 0 3 0 8 2 0 0
15 9 2 0 3 0 8 2 0 0
15 5 2 0 3 0 8 2 0 0
10 7 3 0 7 0 7 2 0 0
11 10 3 0 7 0 7 2 0 0
11 7 3 0 7 0 7 2 0 0
14 13 4 0 10 0 6 4 0 0
####
2 6 3 8 2 0 8
4 9 0 7 1 1 5
4 6 0 7 1 1 5
3 12 0 7 1 0 6
2 9 3 8 2 0 8
0 14 10 6 4 0 6
5 7 0 7 1 4 2
7 13 0 5 1 5 1
6 10 0 7 1 3 2
1 4 0 7 1 0 8
0 12 0 7 1 0 6
12 5 0 7 1 2 3
3 8 0 7 1 0 6
1 8 0 7 1 0 8
9 11 0 7 1 3 1
10 14 0 5 1 5 1
0 10 7 7 3 0 6
3 7 7 7 3 0 6
2 5 3 8 2 0 8
8 15 0 7 1 2 1
