1 0 3 0 2 0 5 0
1 0 2 0 3 0 9 0
1 0 4 0 4 0 14 0
1 0 2 0 3 0 14 0
1 0 2 0 1 0 3 0
2 1 2 0 3 1 12 0
2 1 0 0 0 1 0 1
3 2 2 1 3 3 9 0
4 2 2 2 2 5 8 0
2 1 2 0 1 1 8 0
9 2 1 2 0 13 1 0
3 2 1 1 1 3 6 0
3 2 1 1 0 3 1 0
5 2 1 4 1 8 5 0
4 2 0 2 0 5 0 0
6 2 1 2 1 9 4 0
7 2 1 3 1 10 3 0
8 2 1 2 1 11 2 0
3 2 0 1 0 3 0 0
5 2 1 2 0 7 1 0
6 1 0 2 0 8 0 1
10 1 0 2 0 14 0 1
####
1 0 0 9 0 16 6 0 7 0
2 0 0 9 0 16 6 0 10 0
2 1 0 9 0 16 6 0 15 0
3 0 0 9 0 16 6 0 10 0
3 1 0 9 0 16 6 0 15 0
3 2 0 9 0 16 6 0 18 0
4 2 0 3 0 7 7 0 1 0
4 3 0 3 0 7 7 0 3 0
9 5 0 8 0 13 4 0 13 0
11 7 2 7 3 9 10 1 11 1
12 7 2 0 3 0 9 2 0 0
12 11 2 0 3 0 9 1 0 0
18 7 2 0 3 0 9 1 0 0
18 11 2 0 3 0 9 2 0 0
18 12 2 0 3 0 9 0 0 0
14 8 3 0 7 0 7 1 0 0
19 13 4 0 9 0 7 2 0 0
20 15 5 0 11 0 7 4 0 0
####
8 13 0 4 1 5 8
4 18 3 9 2 0 3
1 17 14 6 7 0 9
3 11 3 9 2 0 14
10 21 0 2 1 13 1
4 12 3 9 2 0 3
7 16 6 5 4 3 9
0 10 15 6 8 0 5
8 19 0 4 1 5 8
9 18 0 7 1 1 8
16 17 0 2 1 10 3
2 9 0 8 1 0 14
5 12 0 7 1 1 12
9 11 0 7 1 1 8
11 13 2 6 2 3 6
12 14 0 6 1 3 1
17 10 0 2 1 11 2
13 15 0 4 1 8 5
2 14 7 7 3 0 14
19 20 0 4 1 7 1
3 5 0 8 1 0 14
2 7 3 9 2 0 14
7 8 0 6 1 3 9
0 19 9 7 4 0 5
5 7 0 7 1 1 12
0 6 0 8 1 0 5
1 8 7 7 3 0 9
2 15 11 7 5 0 14
15 16 0 3 1 9 4
