1 0 4 0 5 0 8 0
1 0 3 0 4 0 8 0
5 2 2 2 1 5 4 0
1 0 1 0 2 0 4 0
6 1 0 2 0 6 0 1
7 2 1 2 0 7 1 0
2 1 1 0 2 1 7 0
2 2 2 0 1 2 3 0
3 2 2 1 2 2 6 0
3 2 1 2 0 3 1 0
6 2 1 4 1 6 2 0
4 1 0 2 0 4 0 1
8 2 0 3 0 10 0 0
4 2 1 2 2 3 5 0
####
1 0 0 7 0 10 4 0 10 0
3 0 0 7 0 10 4 0 5 0
3 1 0 7 0 10 4 0 7 0
7 6 0 6 0 8 3 0 5 0
10 4 5 0 7 0 5 2 0 0
####
10 5 0 3 1 6 2
13 2 0 3 1 3 5
6 8 0 4 1 1 7
8 13 0 4 1 2 6
7 12 8 3 6 2 3
1 13 4 5 3 0 8
5 12 0 2 1 7 1
8 10 3 4 3 2 6
0 7 0 5 1 0 8
2 10 0 3 1 5 4
1 8 2 5 2 0 8
9 11 0 4 1 3 1
0 5 9 4 6 0 8
1 6 0 5 1 0 8
2 4 0 3 1 5 4
0 9 2 5 2 0 8
3 7 0 5 1 0 4
0 2 6 4 4 0 8
7 9 0 4 1 2 3
