1 0 3 0 4 0 9 0
5 2 2 2 1 5 3 0
1 0 4 0 5 0 10 0
2 1 2 0 2 1 9 0
3 2 1 1 2 3 8 0
5 2 1 2 1 5 2 0
6 1 0 2 0 6 0 1
6 2 1 2 0 6 1 0
6 2 1 3 0 6 1 0
7 1 0 2 0 7 0 1
4 2 2 2 3 4 7 0
7 2 0 2 0 7 0 0
####
2 0 0 6 0 8 4 0 9 0
5 1 4 0 3 0 4 4 0 0
7 6 5 0 5 0 5 6 0 0
8 6 5 0 5 0 5 6 0 0
8 7 5 0 5 0 5 6 0 0
11 9 6 0 8 0 4 8 0 0
####
0 1 3 4 4 0 9
4 10 0 2 1 3 8
10 5 0 3 1 4 7
8 11 0 5 1 6 1
5 7 0 5 1 5 2
2 11 8 4 6 0 10
0 7 5 5 5 0 9
2 10 2 3 3 0 10
3 8 4 4 4 1 9
1 8 0 5 1 5 3
2 3 0 3 1 0 10
1 6 0 5 1 5 3
10 1 0 3 1 4 7
0 4 1 3 2 0 9
2 5 3 4 4 0 10
3 4 0 2 1 1 9
7 9 0 5 1 6 1
