1 0 3 0 4 0 8 0
1 0 3 0 2 0 7 0
1 0 3 0 3 0 5 0
1 0 3 0 2 0 7 0
2 1 2 0 2 1 7 0
1 0 2 0 1 0 8 0
2 1 1 0 1 1 5 0
3 2 1 1 1 3 6 0
4 2 1 3 1 4 5 0
2 2 0 0 0 2 0 0
5 2 1 2 1 5 4 0
6 2 1 2 1 6 3 0
3 2 1 1 1 2 4 0
7 2 1 2 1 8 2 0
5 2 1 2 1 6 2 0
6 2 1 2 0 7 1 0
7 1 0 2 0 8 0 1
8 2 1 2 0 10 1 0
4 2 1 2 1 4 3 0
9 2 0 2 0 11 0 0
####
2 0 0 8 0 14 6 0 8 0
2 1 0 6 0 11 7 0 7 0
3 0 0 8 0 14 6 0 9 0
3 1 0 6 0 11 7 0 8 0
3 2 0 8 0 14 6 0 3 0
5 0 0 8 0 14 6 0 13 0
5 1 0 1 0 0 8 0 0 0
5 2 0 8 0 14 6 0 7 0
5 3 0 8 0 14 6 0 8 0
9 6 1 0 0 0 8 0 0 0
16 13 6 0 11 0 7 3 0 0
####
5 9 0 8 1 0 8
4 7 0 5 1 1 7
10 11 0 4 1 5 4
4 8 2 5 2 1 7
13 17 0 3 1 8 2
1 6 0 8 1 0 7
0 10 7 7 4 0 8
8 10 0 4 1 4 5
0 11 9 7 5 0 8
0 4 0 8 1 0 8
11 13 0 4 1 6 3
17 19 0 2 1 10 1
3 13 11 7 6 0 7
12 18 0 4 1 2 4
14 15 0 4 1 6 2
3 19 14 6 8 0 7
1 9 0 8 1 0 7
6 12 0 5 1 1 5
2 14 7 7 4 0 5
2 17 13 6 7 0 5
7 8 0 4 1 3 6
1 12 3 7 2 0 7
5 7 3 7 2 0 8
18 14 0 4 1 4 3
3 18 5 7 3 0 7
2 15 9 7 5 0 5
15 16 0 4 1 7 1
