1 0 3 0 3 0 6 0
1 0 2 0 2 0 8 0
1 0 3 0 4 0 10 0
2 1 2 0 2 1 9 0
3 2 1 1 1 3 2 0
3 2 1 1 1 3 5 0
4 2 1 2 2 5 4 0
5 2 2 2 1 6 3 0
6 1 0 2 0 7 0 1
4 2 1 2 0 4 1 0
6 2 1 2 0 7 1 0
5 1 0 2 0 5 0 1
7 2 0 2 0 8 0 0
####
1 0 0 6 0 9 4 0 7 0
2 0 0 6 0 9 4 0 9 0
2 1 0 6 0 9 4 0 8 0
5 4 2 0 1 0 5 2 0 0
9 6 3 0 3 0 5 1 0 0
11 7 4 0 5 0 5 3 0 0
10 8 5 0 7 0 5 6 0 0
####
7 8 0 4 1 6 3
4 9 0 4 1 3 2
6 7 0 4 1 5 4
2 9 3 5 3 0 10
5 6 0 4 1 3 5
10 12 0 3 1 7 1
0 7 5 5 4 0 6
2 10 7 5 5 0 10
1 4 1 5 2 0 8
0 12 9 4 6 0 6
9 11 0 4 1 4 1
2 3 0 4 1 0 10
0 5 1 5 2 0 6
7 10 0 4 1 6 3
1 6 3 5 3 0 8
3 4 0 3 1 1 9
3 5 0 3 1 1 9
