1 0 4 0 2 0 8 0
1 0 3 0 3 0 7 0
1 0 2 0 2 0 8 0
2 2 1 0 1 2 3 0
2 2 1 0 2 2 6 0
6 2 1 2 0 8 1 0
7 2 0 2 0 9 0 0
3 2 2 2 1 4 5 0
4 2 1 2 1 5 3 0
4 1 0 2 0 5 0 1
2 1 0 0 0 1 0 1
5 2 1 3 1 7 2 0
####
1 0 0 6 0 8 4 0 10 0
2 0 0 6 0 8 4 0 11 0
2 1 0 6 0 8 4 0 11 0
4 3 1 5 0 5 7 0 6 1
10 4 1 0 0 0 6 0 0 0
9 8 3 0 4 0 5 4 0 0
####
4 7 0 4 1 2 6
1 3 0 6 1 0 7
11 5 0 2 1 7 2
5 6 0 2 1 8 1
8 11 0 3 1 5 3
3 11 3 4 3 2 3
0 6 8 4 6 0 8
1 8 4 5 3 0 7
2 3 0 6 1 0 8
0 10 0 6 1 0 8
0 5 7 4 5 0 8
0 4 0 6 1 0 8
1 7 3 4 2 0 7
7 8 0 3 1 4 5
2 4 0 6 1 0 8
7 9 0 3 1 4 5
