1 0 2 0 2 0 4 0
1 0 3 0 2 0 6 0
1 0 2 0 2 0 6 0
1 0 2 0 2 0 6 0
2 1 1 0 1 1 2 0
2 2 1 0 1 2 2 0
3 2 1 2 0 4 1 0
2 2 1 0 1 2 2 0
3 2 1 2 0 4 1 0
3 2 1 1 0 3 1 0
4 1 0 2 0 4 0 1
4 2 0 2 0 6 0 0
4 1 0 2 0 5 0 1
####
1 0 0 3 0 6 7 0 1 0
2 0 0 3 0 6 7 0 3 0
2 1 0 3 0 6 7 0 3 0
3 0 0 3 0 6 7 0 3 0
3 1 0 3 0 6 7 0 3 0
3 2 0 3 0 6 7 0 4 0
7 5 1 0 0 0 7 0 0 0
8 6 2 0 3 0 7 2 0 0
9 6 2 0 3 0 7 0 0 0
9 8 2 0 3 0 7 1 0 0
11 10 3 0 6 0 7 2 0 0
12 10 3 0 6 0 7 3 0 0
12 11 3 0 6 0 7 1 0 0
####
2 7 0 7 1 0 6
4 9 0 6 1 1 2
8 12 0 6 1 4 1
6 11 0 6 1 4 1
5 6 0 6 1 2 2
1 4 0 7 1 0 6
9 10 0 6 1 3 1
0 6 3 7 2 0 4
1 8 3 7 2 0 6
0 9 3 7 2 0 4
3 7 0 7 1 0 6
2 5 0 7 1 0 6
1 11 6 7 3 0 6
7 8 0 6 1 2 2
3 5 0 7 1 0 6
