1 0 4 0 2 0 8 0
2 1 1 0 1 1 3 0
1 0 4 0 2 0 6 0
3 2 1 1 1 3 2 0
2 2 1 0 1 2 3 0
3 2 1 2 1 3 2 0
2 2 0 0 0 2 0 0
4 2 1 3 0 6 1 0
2 1 0 0 0 1 0 1
5 1 0 2 0 7 0 1
####
2 0 0 4 0 7 3 0 9 0
4 1 1 3 0 3 7 0 4 1
6 1 1 0 0 0 6 0 0 0
6 4 1 0 0 0 6 0 0 0
8 1 1 0 0 0 6 0 0 0
8 4 1 0 0 0 6 0 0 0
8 6 1 0 0 0 6 0 0 0
5 3 2 2 4 1 5 2 2 1
####
0 1 0 6 1 0 8
2 6 0 6 1 0 6
1 3 0 6 1 1 3
4 5 0 6 1 2 3
5 7 0 3 1 3 2
0 6 0 6 1 0 8
2 3 4 4 2 0 6
0 4 0 6 1 0 8
3 7 0 3 1 3 2
2 5 4 4 2 0 6
0 8 0 6 1 0 8
2 4 0 6 1 0 6
7 9 0 2 1 6 1
