1 0 4 0 4 0 9 0
1 0 2 0 1 0 3 0
2 1 1 0 1 1 2 0
1 0 3 0 3 0 9 0
2 2 2 0 2 2 5 0
2 2 0 0 0 2 0 0
3 2 1 2 1 3 4 0
5 2 1 2 1 5 2 0
3 2 1 1 0 3 1 0
4 1 0 2 0 4 0 1
6 2 1 2 0 7 1 0
4 2 1 3 1 4 3 0
7 1 0 2 0 8 0 1
####
1 0 0 6 0 9 4 0 6 0
3 0 0 6 0 9 4 0 10 0
3 1 0 6 0 9 4 0 6 0
4 2 1 0 0 0 6 0 0 0
5 4 1 0 0 0 6 0 0 0
8 6 2 0 3 0 5 2 0 0
11 9 3 0 5 0 5 4 0 0
####
11 7 0 3 1 4 3
4 6 0 5 1 2 5
6 11 0 4 1 3 4
2 8 0 5 1 1 2
10 12 0 2 1 7 1
0 7 7 4 4 0 9
3 8 3 5 2 0 9
1 5 0 6 1 0 3
0 6 3 5 2 0 9
8 9 0 4 1 3 1
7 10 0 2 1 5 2
0 4 0 6 1 0 9
1 10 8 4 5 0 3
3 4 0 6 1 0 9
0 2 0 6 1 0 9
4 11 2 5 2 2 5
3 5 0 6 1 0 9
