5 1 3 2 3 5 5 0
1 0 1 0 1 0 3 0
1 0 3 0 4 0 9 0
1 0 3 0 3 0 10 0
6 2 1 1 1 6 2 0
2 2 1 0 2 2 8 0
2 2 1 0 1 2 2 0
7 2 1 3 0 7 1 0
3 2 2 2 1 3 7 0
6 2 1 3 0 8 1 0
7 1 0 2 0 9 0 1
8 2 0 4 0 8 0 0
4 2 1 2 3 4 6 0
####
2 1 0 6 0 7 5 0 7 0
3 1 0 6 0 7 5 0 8 0
3 2 0 7 0 9 4 0 12 0
6 5 1 5 0 5 7 0 5 1
9 4 5 0 5 0 5 8 0 0
10 7 6 0 7 0 5 10 0 0
####
6 9 3 4 4 2 2
4 7 0 4 1 6 2
12 0 0 2 1 4 6
8 12 0 2 1 3 7
2 8 2 4 2 0 9
8 11 6 2 5 3 7
0 7 2 3 2 5 5
9 10 0 4 1 8 1
1 6 0 5 1 0 3
2 12 3 4 3 0 9
3 6 0 5 1 0 10
0 4 0 3 1 5 5
0 9 0 3 1 5 5
7 11 0 3 1 7 1
2 5 0 5 1 0 9
3 4 5 5 5 0 10
5 8 0 3 1 2 8
3 5 0 5 1 0 10
