1 0 4 0 3 0 14 0
1 0 3 0 3 0 12 0
6 2 2 2 3 8 7 0
1 0 3 0 2 0 10 0
1 0 3 0 4 0 11 0
2 1 2 0 2 1 8 0
2 1 1 0 1 1 11 0
3 2 1 1 2 3 5 0
7 2 2 4 2 11 4 0
8 2 1 2 0 12 1 0
8 2 1 2 0 12 1 0
3 2 1 1 1 3 10 0
7 2 1 3 1 10 2 0
9 2 0 2 0 13 0 0
2 1 0 0 0 1 0 1
2 1 0 0 0 1 0 1
8 2 1 2 0 11 1 0
4 2 1 2 1 5 9 0
5 2 1 2 2 7 8 0
9 2 0 4 0 15 0 0
####
1 0 0 8 0 14 6 0 18 0
3 0 0 8 0 14 6 0 17 0
3 1 0 8 0 14 6 0 15 0
4 0 0 8 0 14 6 0 18 0
4 1 0 8 0 14 6 0 16 0
4 3 0 8 0 14 6 0 15 0
6 5 0 7 0 10 6 0 13 0
15 6 1 0 0 0 8 0 0 0
11 7 2 6 4 8 8 1 9 1
12 8 6 2 9 3 8 11 2 1
10 9 7 0 11 0 7 14 0 0
16 9 7 0 11 0 7 13 0 0
16 10 7 1 11 0 9 13 0 1
19 13 8 0 14 0 6 18 0 0
####
4 18 7 5 4 0 11
2 8 0 3 1 8 7
0 7 4 6 2 0 14
8 9 0 5 1 11 4
2 12 0 3 1 8 7
12 16 0 5 1 10 2
3 17 6 5 3 0 10
1 11 4 6 2 0 12
1 2 8 5 5 0 12
0 15 0 8 1 0 14
5 12 5 6 5 1 8
1 14 0 8 1 0 12
8 10 0 5 1 11 4
3 16 11 7 7 0 10
4 10 11 7 7 0 11
3 13 14 6 8 0 10
6 11 0 6 1 1 11
4 5 0 8 1 0 11
18 2 0 2 1 7 8
10 19 0 5 1 12 1
16 19 0 5 1 11 1
17 18 0 2 1 5 9
9 13 0 5 1 12 1
11 17 0 3 1 3 10
5 7 0 6 1 1 8
0 6 0 8 1 0 14
0 9 11 7 7 0 14
7 8 3 4 4 3 5
