1 0 3 0 3 0 11 0
1 0 4 0 4 0 9 0
1 0 3 0 4 0 10 0
2 1 1 0 0 1 1 0
1 0 3 0 3 0 13 0
2 2 1 0 2 2 8 0
2 2 1 0 0 2 1 0
3 2 2 2 2 4 7 0
9 2 1 2 0 11 1 0
6 2 1 4 1 8 4 0
2 2 1 0 0 2 1 0
4 2 1 2 1 6 6 0
7 2 1 2 1 9 3 0
3 2 0 3 0 5 0 0
8 2 1 2 1 10 2 0
3 1 0 2 0 3 0 1
10 1 0 2 0 12 0 1
5 2 1 2 1 7 5 0
####
1 0 0 9 0 13 5 0 14 0
2 0 0 9 0 13 5 0 15 0
2 1 0 9 0 13 5 0 13 0
4 0 0 9 0 13 5 0 16 0
4 1 0 9 0 13 5 0 14 0
4 2 0 9 0 13 5 0 15 0
5 3 1 0 0 0 8 0 0 0
6 3 0 1 0 0 7 0 0 0
6 5 1 0 0 0 8 0 0 0
10 5 1 0 0 0 8 0 0 0
10 6 1 0 0 0 8 0 0 0
13 7 2 0 4 0 7 2 0 0
15 7 2 0 4 0 7 1 0 0
15 13 2 0 4 0 7 2 0 0
####
10 15 0 7 1 2 1
1 6 0 8 1 0 9
7 11 0 4 1 4 7
0 3 0 8 1 0 11
1 11 7 5 3 0 9
0 17 8 5 4 0 11
8 16 0 2 1 11 1
4 10 0 8 1 0 13
12 14 0 2 1 9 3
3 13 0 7 1 1 1
4 5 0 8 1 0 13
2 10 0 8 1 0 10
0 5 0 8 1 0 11
2 14 11 5 7 0 10
7 9 2 4 3 4 7
2 7 4 7 2 0 10
11 17 0 2 1 6 6
17 9 0 2 1 7 5
4 6 0 8 1 0 13
1 12 10 5 6 0 9
5 7 0 7 1 2 8
1 8 12 5 8 0 9
6 13 0 7 1 2 1
14 8 0 2 1 10 2
9 12 0 2 1 8 4
