1 0 2 0 4 0 7 0
1 0 3 0 3 0 8 0
2 1 1 0 1 1 2 0
1 0 2 0 3 0 8 0
3 2 1 2 2 4 3 0
3 2 1 1 0 3 1 0
5 2 0 4 0 8 0 0
3 2 1 2 0 4 1 0
4 2 2 2 0 5 2 0
2 2 2 0 2 2 6 0
4 1 0 2 0 5 0 1
5 1 0 2 0 6 0 1
####
1 0 0 4 0 7 5 0 5 0
3 0 0 4 0 7 5 0 6 0
3 1 0 4 0 7 5 0 5 0
9 2 0 3 0 5 4 0 3 0
5 4 2 2 2 2 8 1 1 1
7 5 2 0 2 0 6 1 0 0
7 4 2 0 2 0 6 2 0 0
10 8 3 0 5 0 5 4 0 0
11 6 4 0 7 0 5 6 0 0
####
1 2 0 5 1 0 8
3 5 2 6 2 0 8
4 8 0 5 1 4 3
5 6 2 5 2 3 1
8 11 0 4 1 5 2
1 4 2 6 2 0 8
3 9 0 5 1 0 8
7 10 0 5 1 4 1
1 7 2 6 2 0 8
0 9 0 5 1 0 7
8 6 0 4 1 5 2
2 5 0 5 1 1 2
0 8 5 5 3 0 7
9 4 0 5 1 2 6
9 7 0 5 1 2 6
