1 0 3 0 2 0 5 0
1 0 2 0 3 0 8 0
1 0 3 0 2 0 6 0
2 1 0 0 0 1 0 1
2 1 2 0 2 1 7 0
3 2 1 1 1 2 2 0
4 2 1 2 1 5 2 0
4 2 1 2 0 4 1 0
5 2 1 2 0 6 1 0
5 2 0 2 0 6 0 0
3 2 1 1 1 3 3 0
6 1 0 2 0 7 0 1
####
1 0 0 5 0 8 4 0 7 0
2 0 0 5 0 8 4 0 5 0
2 1 0 5 0 8 4 0 6 0
10 5 2 0 2 0 5 2 0 0
7 6 3 0 4 0 5 4 0 0
9 8 4 0 6 0 5 2 0 0
####
2 7 4 5 3 0 6
4 10 0 4 1 1 7
2 6 4 5 3 0 6
6 8 0 4 1 5 2
4 5 0 4 1 1 7
8 11 0 3 1 6 1
5 7 0 4 1 2 2
10 6 0 4 1 3 3
1 4 0 5 1 0 8
1 5 2 5 2 0 8
2 3 0 5 1 0 6
0 10 2 5 2 0 5
0 9 6 5 4 0 5
0 8 6 5 4 0 5
7 9 0 4 1 4 1
