1 0 4 0 5 0 11 0
1 0 2 0 1 0 3 0
1 0 2 0 2 0 6 0
1 0 3 0 4 0 9 0
1 0 2 0 3 0 10 0
2 2 1 0 1 2 3 0
2 1 2 0 2 1 4 0
2 2 2 0 2 2 5 0
3 2 1 1 0 3 1 0
3 2 1 1 0 3 1 0
4 2 1 2 0 5 1 0
5 1 0 2 0 6 0 1
3 2 1 2 1 4 2 0
3 2 0 2 0 4 0 0
4 2 0 2 0 4 0 0
4 2 1 2 0 6 1 0
4 1 0 2 0 4 0 1
3 2 2 2 1 4 3 0
5 1 0 2 0 7 0 1
4 1 0 2 0 5 0 1
####
1 0 0 4 0 13 7 0 3 0
2 0 0 4 0 13 7 0 5 0
2 1 0 4 0 13 7 0 4 0
3 0 0 4 0 13 7 0 5 0
3 2 0 3 0 8 10 0 3 0
4 0 0 4 0 13 7 0 5 0
4 1 0 4 0 13 7 0 4 0
4 2 0 4 0 13 7 0 6 0
4 3 0 4 0 13 7 0 5 0
7 5 1 0 0 0 8 0 0 0
9 8 2 0 3 0 10 2 0 0
12 8 2 0 3 0 10 1 0 0
12 9 2 0 3 0 10 0 0 0
13 9 2 0 3 0 10 1 0 0
13 12 2 0 3 0 10 1 0 0
17 8 2 0 3 0 10 1 0 0
17 9 2 0 3 0 10 1 0 0
17 12 2 0 3 0 10 1 0 0
17 13 2 0 3 0 10 2 0 0
14 10 3 0 8 0 10 3 0 0
15 14 3 0 8 0 10 2 0 0
15 10 3 0 8 0 10 3 0 0
16 14 3 0 8 0 10 4 0 0
16 15 3 0 8 0 10 3 0 0
16 10 3 0 8 0 10 3 0 0
19 14 3 0 8 0 10 3 0 0
19 15 3 0 8 0 10 3 0 0
19 16 3 0 8 0 10 3 0 0
19 10 3 0 8 0 10 4 0 0
18 11 4 0 13 0 7 5 0 0
####
6 9 0 8 1 1 4
4 7 0 8 1 0 10
10 11 0 7 1 5 1
2 8 3 10 2 0 6
0 7 0 8 1 0 11
1 15 8 10 3 0 3
0 10 8 10 3 0 11
2 5 0 8 1 0 6
3 17 3 10 2 0 9
3 14 8 10 3 0 9
5 12 0 8 1 2 3
3 6 0 8 1 0 9
15 18 0 7 1 6 1
8 16 0 10 1 3 1
17 19 0 10 1 4 3
9 14 0 10 1 3 1
4 5 0 8 1 0 10
17 10 0 10 1 4 3
1 13 3 10 2 0 3
0 12 3 10 2 0 11
12 15 0 10 1 4 2
6 8 0 8 1 1 4
7 13 0 8 1 2 5
7 17 0 8 1 2 5
0 9 3 10 2 0 11
