1 0 4 0 3 0 9 0
1 0 3 0 3 0 8 0
7 2 1 2 0 9 1 0
1 0 3 0 3 0 10 0
2 2 1 0 1 2 7 0
2 2 1 0 0 2 1 0
3 1 1 2 2 3 6 0
2 2 1 0 1 2 3 0
4 2 2 1 1 5 5 0
5 1 0 2 0 6 0 1
8 2 0 4 0 11 0 0
2 1 0 0 0 1 0 1
5 2 1 2 1 6 3 0
6 2 1 3 1 8 2 0
####
1 0 0 7 0 10 4 0 12 0
3 0 0 7 0 10 4 0 15 0
3 1 0 7 0 10 4 0 13 0
5 4 1 6 0 6 8 0 5 1
7 4 1 6 0 6 8 0 7 1
7 5 1 6 0 6 8 0 2 1
11 5 1 0 0 0 7 0 0 0
12 9 4 0 6 0 5 6 0 0
####
5 10 6 5 6 2 1
4 6 0 5 1 2 7
13 2 0 2 1 8 2
8 12 0 3 1 5 5
12 13 0 3 1 6 3
6 8 0 2 1 3 6
7 13 4 5 4 2 3
0 7 0 7 1 0 9
2 10 0 2 1 9 1
8 9 0 3 1 5 5
1 5 0 7 1 0 8
1 8 5 4 3 0 8
0 12 6 5 4 0 9
0 4 0 7 1 0 9
3 7 0 7 1 0 10
1 11 0 7 1 0 8
3 4 0 7 1 0 10
0 2 9 4 6 0 9
3 5 0 7 1 0 10
