1 0 4 0 3 0 7 0
1 0 3 0 1 0 4 0
1 0 2 0 3 0 7 0
2 1 1 0 0 1 1 0
1 0 2 0 3 0 7 0
2 1 2 0 3 1 6 0
3 2 2 1 1 3 4 0
1 0 2 0 2 0 5 0
2 2 1 0 1 2 2 0
3 2 1 1 1 2 2 0
4 2 1 2 1 5 2 0
5 2 1 4 0 7 1 0
3 2 1 2 0 3 1 0
6 2 0 2 0 9 0 0
4 2 0 3 0 6 0 0
2 2 1 0 0 2 1 0
2 1 0 0 0 1 0 1
4 1 0 2 0 4 0 1
3 1 0 2 0 3 0 1
2 1 0 0 0 1 0 1
####
1 0 0 5 0 14 6 0 2 0
2 0 0 5 0 14 6 0 5 0
2 1 0 5 0 14 6 0 3 0
4 0 0 5 0 14 6 0 7 0
4 1 0 5 0 14 6 0 5 0
4 2 0 5 0 14 6 0 8 0
7 0 0 3 0 10 8 0 4 0
7 1 0 2 0 6 9 0 2 0
7 2 0 3 0 10 8 0 3 0
8 3 0 2 0 4 9 0 1 0
15 8 1 0 0 0 11 0 0 0
16 8 1 0 0 0 11 0 0 0
19 15 1 0 0 0 11 0 0 0
9 6 2 3 6 4 10 2 3 1
18 12 2 0 6 0 9 2 0 0
14 10 3 0 10 0 8 2 0 0
17 10 3 0 10 0 8 2 0 0
17 14 3 0 10 0 8 2 0 0
####
5 9 0 10 1 1 6
10 11 0 4 1 5 2
5 6 0 10 1 1 6
1 15 0 11 1 0 4
0 16 0 11 1 0 7
0 10 10 8 3 0 7
6 17 0 7 1 3 4
3 14 4 9 2 1 1
4 9 6 9 2 0 7
7 15 0 11 1 0 5
6 10 0 7 1 3 4
9 11 3 5 2 2 2
15 18 0 10 1 2 1
11 13 0 2 1 7 1
2 6 6 9 2 0 7
12 14 0 7 1 3 1
4 5 0 11 1 0 7
1 13 14 6 5 0 4
0 12 6 9 2 0 7
1 19 0 11 1 0 4
2 3 0 11 1 0 7
0 8 0 11 1 0 7
8 12 0 10 1 2 2
7 8 0 11 1 0 5
