1 0 4 0 5 0 9 0
1 0 4 0 6 0 12 0
4 1 2 2 2 5 9 0
1 0 2 0 1 0 13 0
1 0 3 0 3 0 13 0
5 2 1 1 1 6 2 0
2 1 0 0 0 1 0 1
6 2 2 2 3 8 6 0
7 2 2 2 1 9 3 0
2 1 3 0 1 1 6 0
7 2 1 2 0 10 1 0
2 2 1 0 1 2 11 0
2 2 1 0 1 2 8 0
3 1 0 1 0 2 0 1
8 2 1 4 1 13 2 0
9 2 1 4 0 15 1 0
10 2 0 4 0 16 0 0
3 2 1 1 1 2 3 0
5 2 1 3 2 7 7 0
3 1 0 1 0 2 0 1
8 2 0 2 0 11 0 0
3 2 1 2 2 4 10 0
####
1 0 0 9 0 17 5 0 13 0
3 0 0 9 0 17 5 0 13 0
3 1 0 9 0 17 5 0 18 0
4 0 0 9 0 17 5 0 14 0
4 1 0 9 0 17 5 0 19 0
4 3 0 9 0 17 5 0 19 0
11 6 1 0 0 0 8 0 0 0
11 9 0 8 0 13 5 0 11 0
12 9 0 8 0 13 5 0 8 0
12 11 1 8 0 13 9 0 13 1
17 13 2 0 4 0 8 2 0 0
19 13 2 0 4 0 8 2 0 0
19 17 2 0 4 0 8 2 0 0
21 17 0 7 0 9 5 0 9 0
18 5 4 5 9 6 7 5 5 1
10 8 6 0 12 0 6 10 0 0
20 14 7 0 14 0 6 3 0 0
####
1 21 4 8 2 0 12
0 20 14 6 7 0 9
2 18 0 3 1 5 9
21 2 0 5 1 4 10
3 11 0 8 1 0 13
4 12 0 8 1 0 13
0 10 12 6 6 0 9
2 5 0 3 1 5 9
8 14 0 4 1 9 3
0 17 4 8 2 0 9
9 17 0 8 1 1 6
7 10 0 3 1 8 6
3 6 0 8 1 0 13
8 16 3 3 3 9 3
17 14 6 6 5 2 3
4 5 9 6 4 0 13
12 18 5 6 3 2 8
5 15 5 3 4 6 2
14 15 0 3 1 13 2
11 21 0 8 1 2 11
4 11 0 8 1 0 13
7 8 0 3 1 8 6
9 13 0 8 1 1 6
1 12 0 8 1 0 12
18 7 0 3 1 7 7
1 8 12 6 6 0 12
10 20 0 4 1 10 1
1 7 11 5 5 0 12
0 9 0 8 1 0 9
9 19 0 8 1 1 6
15 16 0 2 1 15 1
