1 0 3 0 5 0 7 0
1 0 3 0 3 0 9 0
1 0 2 0 2 0 9 0
5 2 1 2 0 6 1 0
2 2 1 0 2 2 4 0
2 2 1 0 2 2 3 0
6 2 0 4 0 7 0 0
3 2 2 2 1 4 3 0
3 2 2 2 0 4 2 0
4 1 0 2 0 5 0 1
4 2 1 2 1 5 2 0
4 1 0 2 0 5 0 1
####
1 0 0 5 0 8 4 0 7 0
2 0 0 5 0 8 4 0 7 0
2 1 0 5 0 8 4 0 8 0
5 4 1 0 0 0 5 0 0 0
8 7 2 0 2 0 5 0 0 0
10 9 3 0 4 0 6 2 0 0
11 9 3 0 4 0 6 2 0 0
11 10 3 0 4 0 6 2 0 0
####
4 7 0 4 1 2 4
1 3 7 4 4 0 9
7 6 4 3 3 4 3
8 11 0 5 1 4 2
0 7 2 5 2 0 7
1 4 0 5 1 0 9
8 9 0 5 1 4 2
1 5 0 5 1 0 9
0 10 4 6 3 0 7
7 10 0 5 1 4 3
3 6 0 2 1 6 1
2 5 0 5 1 0 9
0 8 2 5 2 0 7
10 3 0 4 1 5 2
2 4 0 5 1 0 9
5 8 0 4 1 2 3
