4 1 3 2 2 4 6 0
1 0 2 0 2 0 9 0
1 0 4 0 4 0 9 0
5 2 2 1 1 5 3 0
5 2 1 1 1 5 2 0
2 2 1 0 1 2 8 0
5 1 0 1 0 5 0 1
6 2 1 2 0 7 1 0
6 2 1 2 0 6 1 0
3 2 1 2 3 3 7 0
7 2 0 3 0 9 0 0
####
2 1 0 6 0 8 3 0 14 0
4 3 4 2 3 2 6 6 3 1
6 3 4 0 3 0 5 6 0 0
6 4 4 0 3 0 5 6 0 0
8 7 5 1 6 0 5 9 0 1
####
5 9 0 2 1 2 8
9 0 0 2 1 3 7
4 7 0 5 1 5 2
2 8 6 4 5 0 9
8 10 0 3 1 6 1
3 8 0 5 1 5 3
1 5 0 3 1 0 9
0 6 0 4 1 4 6
2 5 0 3 1 0 9
2 3 3 5 4 0 9
1 9 1 3 2 0 9
7 10 0 3 1 7 1
0 4 0 4 1 4 6
3 7 0 5 1 5 3
0 3 0 4 1 4 6
2 4 3 5 4 0 9
