1 0 2 0 3 0 10 0
1 0 3 0 3 0 8 0
2 1 1 0 0 1 1 0
1 0 3 0 4 0 7 0
1 0 3 0 2 0 9 0
2 1 2 0 4 1 7 0
2 2 2 0 2 2 6 0
3 2 2 1 0 3 2 0
3 2 2 1 1 3 3 0
2 2 2 0 2 2 6 0
3 2 1 2 1 4 2 0
3 2 1 2 1 4 2 0
3 2 0 1 0 3 0 0
4 1 0 2 0 4 0 1
4 2 0 2 0 4 0 0
4 2 1 4 0 9 1 0
4 2 1 2 0 5 1 0
5 1 0 2 0 6 0 1
4 1 0 2 0 4 0 1
5 1 0 2 0 10 0 1
####
1 0 0 4 0 14 6 0 7 0
3 0 0 4 0 14 6 0 5 0
3 1 0 4 0 14 6 0 6 0
4 0 0 4 0 14 6 0 7 0
4 1 0 4 0 14 6 0 8 0
4 3 0 4 0 14 6 0 6 0
5 2 1 0 0 0 8 0 0 0
6 5 0 3 0 10 6 0 4 0
9 5 0 3 0 10 6 0 4 0
9 6 1 3 0 10 10 0 4 1
8 7 2 0 4 0 9 2 0 0
10 8 0 2 0 5 7 0 2 0
11 10 2 0 4 0 9 4 0 0
12 7 2 0 4 0 9 2 0 0
12 8 2 0 4 0 9 2 0 0
12 10 2 0 4 0 9 2 0 0
12 11 2 0 4 0 9 2 0 0
14 13 3 0 9 0 9 4 0 0
15 13 3 0 9 0 9 4 0 0
15 14 3 0 9 0 9 4 0 0
16 15 3 0 9 0 9 6 0 0
18 13 3 0 9 0 9 4 0 0
18 14 3 0 9 0 9 4 0 0
18 15 3 0 9 0 9 4 0 0
19 17 4 0 14 0 6 8 0 0
####
11 16 0 10 1 4 2
8 13 0 10 1 3 3
10 15 0 10 1 4 2
4 12 4 9 2 0 9
1 6 0 8 1 0 8
2 12 0 9 1 1 1
15 19 0 7 1 9 1
3 7 4 9 2 0 7
5 8 0 9 1 1 7
3 14 9 9 3 0 7
16 17 0 7 1 5 1
4 9 0 8 1 0 9
1 16 9 9 3 0 8
6 10 0 9 1 2 6
9 11 0 9 1 2 6
8 15 0 10 1 3 3
7 14 0 10 1 3 2
6 11 0 9 1 2 6
7 18 0 10 1 3 2
9 10 0 9 1 2 6
0 5 0 8 1 0 10
1 9 0 8 1 0 8
4 6 0 8 1 0 9
5 7 0 9 1 1 7
3 8 4 9 2 0 7
0 2 0 8 1 0 10
