1 0 4 0 4 0 14 0
1 0 4 0 3 0 7 0
1 0 3 0 3 0 7 0
1 0 3 0 2 0 6 0
2 1 2 0 1 1 3 0
2 1 2 0 2 1 8 0
2 1 0 0 0 1 0 1
3 2 1 1 1 3 5 0
3 2 1 1 0 3 1 0
4 1 0 2 0 4 0 1
4 2 1 2 1 5 4 0
3 2 1 1 1 3 2 0
3 2 0 1 0 2 0 0
5 2 1 2 1 6 3 0
6 2 1 2 1 7 2 0
4 2 1 2 0 5 1 0
7 2 1 2 0 9 1 0
2 1 0 0 0 1 0 1
8 2 0 4 0 12 0 0
2 1 0 0 0 1 0 1
####
1 0 0 7 0 15 5 0 11 0
2 0 0 7 0 15 5 0 14 0
2 1 0 7 0 15 5 0 9 0
3 0 0 7 0 15 5 0 12 0
3 1 0 7 0 15 5 0 7 0
3 2 0 7 0 15 5 0 10 0
5 4 1 0 0 0 9 0 0 0
17 4 1 0 0 0 9 0 0 0
17 5 1 0 0 0 9 0 0 0
8 7 2 0 5 0 8 2 0 0
11 7 2 5 5 6 9 2 5 1
11 8 2 0 5 0 8 2 0 0
12 7 2 0 5 0 8 2 0 0
12 8 2 0 5 0 8 2 0 0
12 11 2 0 5 0 8 2 0 0
10 9 3 0 9 0 7 4 0 0
15 9 3 0 9 0 7 4 0 0
15 10 3 4 9 3 8 4 3 1
####
4 8 0 9 1 1 3
8 9 0 7 1 3 1
4 12 0 9 1 1 3
1 6 0 9 1 0 7
1 11 5 8 2 0 7
3 14 13 5 5 0 6
3 10 9 7 3 0 6
1 16 14 5 6 0 7
0 17 0 9 1 0 14
2 13 12 5 4 0 7
7 10 0 7 1 3 5
0 4 0 9 1 0 14
15 18 3 4 4 5 1
16 18 0 2 1 9 1
5 11 0 9 1 1 8
10 13 0 4 1 5 4
0 12 5 8 2 0 14
0 5 0 9 1 0 14
3 19 0 9 1 0 6
2 7 5 8 2 0 7
14 16 0 2 1 7 2
13 14 0 2 1 6 3
5 7 0 9 1 1 8
1 8 5 8 2 0 7
2 15 9 7 3 0 7
11 15 0 7 1 3 2
