1 0 3 0 3 0 8 0
1 0 3 0 2 0 9 0
1 0 3 0 1 0 6 0
1 0 4 0 5 0 9 0
1 0 2 0 3 0 5 0
2 1 1 0 1 1 2 0
2 1 1 0 1 1 6 0
2 2 2 0 0 2 2 0
2 2 1 0 0 2 1 0
3 2 1 1 0 2 1 0
6 2 1 2 1 8 2 0
7 2 1 2 0 9 1 0
3 2 1 1 1 3 5 0
4 2 0 4 0 6 0 0
8 2 0 2 0 10 0 0
2 1 0 0 0 1 0 1
4 2 1 2 1 5 4 0
5 2 1 2 1 7 3 0
2 1 0 0 0 1 0 1
3 1 0 2 0 3 0 1
3 1 0 2 0 3 0 1
####
1 0 0 7 0 15 6 0 10 0
2 0 0 7 0 15 6 0 7 0
2 1 0 7 0 15 6 0 9 0
3 0 0 7 0 15 6 0 9 0
3 1 0 7 0 15 6 0 11 0
3 2 0 7 0 15 6 0 8 0
4 0 0 3 0 10 7 0 3 0
4 1 0 2 0 6 9 0 2 0
4 3 0 3 0 10 7 0 2 0
7 5 0 2 0 4 8 0 1 0
8 6 1 0 0 0 11 0 0 0
8 7 1 0 0 0 11 0 0 0
18 15 1 0 0 0 11 0 0 0
19 12 2 0 6 0 9 2 0 0
20 12 2 0 6 0 9 1 0 0
20 19 2 0 6 0 9 2 0 0
16 13 3 0 10 0 7 2 0 0
####
5 9 0 10 1 1 2
4 7 0 11 1 0 5
10 11 0 2 1 8 2
4 8 0 11 1 0 5
2 18 0 11 1 0 6
3 11 14 6 6 0 9
8 19 0 10 1 2 1
0 16 10 7 3 0 8
1 6 0 11 1 0 9
11 14 0 2 1 9 1
12 16 0 6 1 3 5
3 7 0 11 1 0 9
7 20 0 10 1 2 2
16 17 0 3 1 5 4
3 10 13 6 5 0 9
1 14 15 6 7 0 9
2 15 0 11 1 0 6
17 10 0 2 1 7 3
0 5 0 11 1 0 8
6 12 0 10 1 1 6
2 17 12 6 4 0 6
9 13 0 6 1 2 1
3 12 6 9 2 0 9
7 13 4 8 2 2 2
1 8 0 11 1 0 9
0 9 6 9 2 0 8
