1 0 3 0 3 0 8 0
1 0 3 0 4 0 9 0
1 0 2 0 2 0 4 0
2 1 2 0 2 1 8 0
3 2 1 1 1 3 5 0
4 2 1 2 1 4 4 0
3 2 1 1 1 3 2 0
4 2 1 2 0 5 1 0
6 2 1 2 1 7 2 0
7 2 1 2 0 8 1 0
8 2 0 4 0 11 0 0
5 2 1 2 1 5 3 0
####
1 0 0 7 0 8 4 0 15 0
2 0 0 7 0 8 4 0 10 0
2 1 0 7 0 8 4 0 11 0
6 4 2 5 1 5 6 0 5 1
7 5 3 4 3 3 6 2 3 1
####
2 7 3 5 3 0 4
1 3 0 4 1 0 9
6 7 0 4 1 3 2
5 11 0 3 1 4 4
4 5 0 4 1 3 5
11 8 0 2 1 5 3
2 8 6 4 5 0 4
9 10 0 2 1 8 1
1 5 3 5 3 0 9
0 6 1 5 2 0 8
8 9 0 2 1 7 2
0 11 5 4 4 0 8
1 9 7 4 6 0 9
7 10 3 3 4 5 1
0 4 1 5 2 0 8
3 6 0 3 1 1 8
3 4 0 3 1 1 8
