1 0 4 0 3 0 13 0
1 0 3 0 2 0 8 0
1 0 2 0 3 0 5 0
2 1 1 0 1 1 7 0
5 2 2 2 2 7 4 0
1 0 3 0 2 0 12 0
6 2 1 2 0 8 1 0
2 2 1 0 1 2 3 0
6 2 1 2 0 8 1 0
4 2 1 2 0 6 1 0
7 2 0 2 0 9 0 0
2 2 1 0 1 2 3 0
3 2 1 2 1 4 2 0
3 2 1 1 1 3 6 0
5 1 0 2 0 7 0 1
4 2 1 2 2 5 5 0
7 1 0 2 0 9 0 1
####
1 0 0 6 0 11 6 0 8 0
2 0 0 6 0 11 6 0 7 0
2 1 0 6 0 11 6 0 5 0
5 0 0 6 0 11 6 0 9 0
5 1 0 6 0 11 6 0 7 0
5 2 0 6 0 11 6 0 6 0
7 3 1 0 0 0 7 0 0 0
11 3 1 0 0 0 7 0 0 0
11 7 1 3 0 4 9 0 4 1
13 12 2 0 3 0 6 3 0 0
15 9 3 0 5 0 6 5 0 0
14 4 4 0 7 0 6 7 0 0
8 6 5 0 9 0 6 8 0 0
16 10 6 0 11 0 6 10 0 0
####
4 8 0 4 1 7 4
7 12 0 5 1 2 3
5 13 3 6 2 0 12
0 7 0 7 1 0 13
1 15 5 6 3 0 8
0 3 0 7 1 0 13
12 9 0 4 1 4 2
6 10 0 4 1 8 1
0 11 0 7 1 0 13
15 4 0 4 1 5 5
1 10 11 6 6 0 8
8 16 0 4 1 8 1
2 6 9 6 5 0 5
9 14 0 4 1 6 1
3 13 0 5 1 1 7
5 11 0 7 1 0 12
13 15 0 4 1 3 6
1 9 5 6 3 0 8
0 8 9 6 5 0 13
11 12 0 5 1 2 3
4 6 0 4 1 7 4
5 7 0 7 1 0 12
2 4 7 6 4 0 5
