1 0 3 0 3 0 10 0
1 0 2 0 3 0 12 0
1 0 3 0 2 0 6 0
1 0 3 0 2 0 5 0
2 1 2 0 2 1 11 0
1 0 2 0 1 0 3 0
3 1 0 1 0 2 0 1
3 1 2 1 2 2 9 0
4 2 1 1 1 4 4 0
4 2 1 1 1 3 3 0
5 2 1 2 1 6 3 0
5 2 1 2 1 5 2 0
2 2 1 0 0 2 1 0
6 2 1 2 1 8 2 0
3 2 0 2 0 4 0 0
7 2 1 2 0 9 1 0
8 1 0 2 0 10 0 1
2 1 0 0 0 1 0 1
6 2 1 2 0 7 1 0
7 2 0 2 0 9 0 0
####
1 0 0 7 0 14 6 0 10 0
2 0 0 7 0 14 6 0 6 0
2 1 0 7 0 14 6 0 8 0
3 0 0 7 0 14 6 0 7 0
3 1 0 7 0 14 6 0 9 0
3 2 0 7 0 14 6 0 5 0
5 0 0 6 0 12 7 0 2 0
5 1 0 6 0 12 7 0 5 0
5 2 0 6 0 12 7 0 1 0
7 6 2 0 3 0 8 2 0 0
9 8 3 0 6 0 7 4 0 0
11 10 4 0 8 0 7 1 0 0
18 13 5 0 10 0 7 3 0 0
19 15 6 0 12 0 7 5 0 0
####
3 15 12 7 6 0 5
4 7 0 6 1 1 11
2 18 10 7 5 0 6
5 19 12 7 6 0 3
18 19 0 4 1 7 1
3 17 0 8 1 0 5
3 10 8 7 4 0 5
5 12 0 8 1 0 3
8 10 0 4 1 4 4
0 11 8 7 4 0 10
9 11 0 4 1 3 3
2 13 10 7 5 0 6
11 18 0 4 1 5 2
12 14 0 6 1 2 1
10 13 0 4 1 6 3
13 15 0 4 1 8 2
1 4 0 8 1 0 12
0 12 0 8 1 0 10
1 9 6 7 3 0 12
2 14 3 8 2 0 6
0 8 6 7 3 0 10
7 9 0 5 1 2 9
7 8 0 5 1 2 9
4 6 0 6 1 1 11
15 16 0 3 1 9 1
