1 0 3 0 3 0 8 0
1 0 3 0 4 0 9 0
1 0 2 0 1 0 2 0
2 1 2 0 2 1 8 0
3 2 1 1 1 3 3 0
4 2 1 2 1 4 2 0
3 2 1 1 1 3 3 0
5 2 1 2 0 5 1 0
5 2 1 2 0 6 1 0
6 2 0 2 0 7 0 0
6 1 0 2 0 6 0 1
4 2 1 2 1 4 2 0
####
1 0 0 5 0 7 5 0 7 0
2 0 0 5 0 7 5 0 4 0
2 1 0 5 0 7 5 0 5 0
6 4 2 0 1 0 5 0 0 0
11 5 3 0 3 0 5 2 0 0
8 7 4 0 5 0 5 4 0 0
10 9 5 0 7 0 5 6 0 0
####
1 3 0 4 1 0 9
2 9 7 5 5 0 2
6 11 0 4 1 3 3
4 5 0 4 1 3 3
11 8 0 4 1 4 2
5 7 0 4 1 4 2
2 8 5 5 4 0 2
8 9 0 4 1 6 1
1 5 3 5 3 0 9
0 6 1 5 2 0 8
0 11 3 5 3 0 8
7 10 0 4 1 5 1
0 4 1 5 2 0 8
3 6 0 3 1 1 8
3 4 0 3 1 1 8
1 7 5 5 4 0 9
