1 0 3 0 3 0 7 0
1 0 2 0 0 0 2 0
1 0 3 0 4 0 8 0
2 1 0 0 0 1 0 1
2 1 2 0 2 1 7 0
3 2 1 1 0 3 1 0
4 2 0 2 0 5 0 0
4 2 1 2 1 4 3 0
5 2 1 2 1 5 2 0
6 2 1 2 0 6 1 0
7 1 0 2 0 7 0 1
3 2 1 1 1 3 4 0
####
1 0 0 3 0 4 5 0 1 0
2 0 0 6 0 8 4 0 9 0
2 1 0 3 0 4 5 0 2 0
11 5 2 0 2 0 5 0 0 0
7 6 3 0 4 0 5 2 0 0
####
11 7 0 4 1 3 4
1 3 0 5 1 0 2
2 9 7 4 5 0 8
4 5 0 4 1 1 7
5 6 0 4 1 3 1
2 8 6 4 4 0 8
0 7 4 5 3 0 7
9 10 0 2 1 6 1
8 9 0 2 1 5 2
0 11 2 5 2 0 7
0 5 2 5 2 0 7
1 6 4 5 3 0 2
7 8 0 3 1 4 3
2 4 0 5 1 0 8
4 11 0 4 1 1 7
