1 0 4 0 6 0 8 0
2 1 3 0 2 1 4 0
1 0 2 0 2 0 7 0
2 1 0 0 0 1 0 1
4 2 1 2 0 4 1 0
3 1 0 1 0 2 0 1
4 2 1 3 0 5 1 0
2 2 2 0 2 2 5 0
3 2 1 2 1 3 2 0
3 2 1 2 1 4 2 0
5 2 0 4 0 8 0 0
####
2 0 0 4 0 8 3 0 11 0
7 1 1 3 0 5 6 0 6 1
7 3 1 0 0 0 5 0 0 0
8 5 2 0 3 0 5 2 0 0
9 5 2 0 3 0 5 3 0 0
9 8 2 2 3 2 6 3 2 1
6 4 3 1 6 0 5 5 0 1
####
0 1 0 5 1 0 8
4 10 0 3 1 4 1
2 7 0 5 1 0 7
7 8 0 6 1 2 5
7 9 0 6 1 2 5
6 10 0 3 1 5 1
0 7 0 5 1 0 8
1 5 0 6 1 1 4
2 3 0 5 1 0 7
1 6 3 5 2 1 4
1 9 0 6 1 1 4
0 4 6 4 3 0 8
0 8 3 5 2 0 8
9 6 0 5 1 4 2
8 4 0 5 1 3 2
