1 0 3 0 3 0 7 0
1 0 2 0 1 0 4 0
2 1 2 0 2 1 3 0
1 0 2 0 2 0 6 0
2 2 1 0 1 2 3 0
3 2 1 3 1 5 2 0
2 1 0 0 0 1 0 1
4 2 1 3 0 6 1 0
5 2 0 2 0 7 0 0
2 2 1 0 0 2 1 0
3 1 0 2 0 3 0 1
####
1 0 0 4 0 7 4 0 6 0
3 0 0 4 0 7 4 0 6 0
3 1 0 4 0 7 4 0 6 0
4 2 0 3 0 3 5 0 4 0
6 2 1 0 0 0 7 0 0 0
9 2 1 0 0 0 7 0 0 0
9 4 1 0 0 0 7 0 0 0
9 6 1 0 0 0 7 0 0 0
10 5 2 0 4 0 5 2 0 0
####
2 7 2 5 2 1 3
7 8 0 2 1 6 1
4 5 0 6 1 2 3
5 7 0 3 1 5 2
1 4 0 7 1 0 4
9 10 0 6 1 2 1
0 6 0 7 1 0 7
1 8 7 4 4 0 4
3 9 0 7 1 0 6
0 9 0 7 1 0 7
2 5 0 6 1 1 3
3 4 0 7 1 0 6
0 2 0 7 1 0 7
