1 0 3 0 3 0 11 0
1 0 3 0 5 0 14 0
1 0 2 0 2 0 8 0
1 0 2 0 2 0 9 0
6 2 1 4 1 10 4 0
2 1 0 0 0 1 0 1
2 1 1 0 1 1 4 0
2 1 3 0 5 1 13 0
3 2 2 1 2 3 9 0
3 2 2 1 3 2 7 0
4 2 2 2 1 5 7 0
9 2 1 3 0 14 1 0
10 1 0 2 0 15 0 1
7 2 1 3 1 12 3 0
4 1 0 2 0 4 0 1
4 2 2 2 1 4 6 0
8 2 1 2 1 13 2 0
5 2 1 3 1 6 5 0
5 2 0 2 0 6 0 0
5 2 0 2 0 6 0 0
####
1 0 0 9 0 15 5 0 18 0
2 0 0 9 0 15 5 0 13 0
2 1 0 9 0 15 5 0 15 0
3 0 0 9 0 15 5 0 14 0
3 1 0 9 0 15 5 0 16 0
3 2 0 9 0 15 5 0 11 0
7 6 0 8 0 12 4 0 12 0
9 8 2 7 3 10 7 2 11 1
14 10 3 0 5 0 7 2 0 0
15 10 3 6 5 7 8 4 9 1
15 14 3 0 5 0 7 4 0 0
18 17 4 0 8 0 7 6 0 0
19 17 4 0 8 0 7 4 0 0
19 18 4 0 8 0 7 6 0 0
####
10 17 0 6 1 5 7
2 5 0 7 1 0 8
8 14 0 5 1 3 9
9 15 0 5 1 2 7
3 10 5 7 3 0 9
1 16 13 5 7 0 14
8 10 0 5 1 3 9
13 16 0 2 1 12 3
4 13 0 2 1 10 4
9 11 9 3 6 2 7
15 18 0 6 1 4 6
15 4 3 4 2 4 6
1 7 0 7 1 0 14
16 11 0 2 1 13 2
10 19 0 6 1 5 7
1 9 3 6 2 0 14
0 8 3 6 2 0 11
11 12 0 2 1 14 1
17 4 0 4 1 6 5
7 9 0 5 1 1 13
0 19 8 7 4 0 11
0 6 0 7 1 0 11
3 18 8 7 4 0 9
6 13 9 4 5 1 4
7 17 5 6 3 1 13
2 15 5 7 3 0 8
7 8 0 5 1 1 13
