1 0 4 0 5 0 12 0
2 1 2 0 1 1 3 0
1 0 1 0 1 0 5 0
8 2 1 2 1 11 2 0
1 0 4 0 2 0 9 0
3 1 0 1 0 2 0 1
1 0 3 0 4 0 13 0
2 1 3 0 3 1 10 0
2 2 1 0 1 2 4 0
3 2 1 2 0 4 1 0
9 2 1 3 0 12 1 0
10 1 0 2 0 13 0 1
5 2 1 2 1 6 5 0
4 1 0 2 0 5 0 1
2 2 0 0 0 2 0 0
6 2 1 2 1 7 4 0
3 2 1 1 1 3 7 0
2 1 0 0 0 1 0 1
4 2 1 2 1 5 6 0
7 2 1 4 1 10 3 0
####
2 0 0 9 0 15 5 0 11 0
4 0 0 9 0 15 5 0 13 0
4 2 0 9 0 15 5 0 10 0
6 0 0 9 0 15 5 0 16 0
6 2 0 9 0 15 5 0 13 0
6 4 0 9 0 15 5 0 15 0
7 1 0 2 0 3 7 0 2 0
8 7 1 8 0 10 10 0 10 1
14 7 1 0 0 0 9 0 0 0
14 8 1 0 0 0 9 0 0 0
17 14 1 0 0 0 9 0 0 0
9 5 2 0 5 0 7 2 0 0
16 5 2 0 5 0 7 1 0 0
16 9 2 0 5 0 7 1 0 0
18 13 3 0 8 0 6 3 0 0
####
10 11 0 2 1 12 1
4 18 8 6 3 0 9
2 8 0 9 1 0 5
8 19 7 6 5 2 4
4 12 10 5 4 0 9
7 16 0 8 1 1 10
0 16 5 7 2 0 12
15 19 0 2 1 7 4
0 3 13 5 7 0 12
6 14 0 9 1 0 13
6 7 0 9 1 0 13
18 12 0 3 1 5 6
0 15 11 5 5 0 12
3 10 0 2 1 11 2
1 5 0 8 1 1 3
19 3 0 2 1 10 3
7 10 9 6 7 1 10
16 18 0 5 1 3 7
4 14 0 9 1 0 9
1 9 0 8 1 1 3
7 9 0 8 1 1 10
0 1 0 9 1 0 12
9 13 0 5 1 4 1
12 15 0 2 1 6 5
6 8 0 9 1 0 13
4 17 0 9 1 0 9
