1 0 3 0 3 0 8 0
1 0 4 0 4 0 9 0
4 1 1 2 0 5 1 0
1 0 3 0 3 0 11 0
1 0 2 0 2 0 4 0
2 2 1 0 0 2 1 0
2 2 1 0 1 2 4 0
5 2 1 2 0 6 1 0
5 2 0 3 0 8 0 0
2 2 1 0 0 2 1 0
3 1 0 2 0 3 0 1
3 2 1 2 1 4 3 0
2 2 1 0 1 2 3 0
3 2 1 2 1 4 2 0
6 1 0 2 0 7 0 1
4 2 1 2 1 5 2 0
####
1 0 0 5 0 11 5 0 7 0
3 0 0 5 0 11 5 0 8 0
3 1 0 5 0 11 5 0 7 0
4 0 0 4 0 9 6 0 3 0
4 1 0 4 0 9 6 0 5 0
4 3 0 4 0 9 6 0 4 0
9 5 1 0 0 0 8 0 0 0
9 6 1 0 0 0 8 0 0 0
12 5 1 3 0 5 10 0 2 1
12 6 1 0 0 0 8 0 0 0
12 9 1 0 0 0 8 0 0 0
11 10 2 0 4 0 7 2 0 0
13 10 2 0 4 0 7 2 0 0
13 11 2 0 4 0 7 1 0 0
15 2 3 0 7 0 6 3 0 0
8 7 4 0 9 0 6 5 0 0
####
2 8 0 4 1 5 1
0 7 9 6 4 0 8
1 15 7 6 3 0 9
1 11 4 7 2 0 9
5 8 5 6 3 2 1
4 9 0 8 1 0 4
12 13 0 7 1 2 3
1 5 0 8 1 0 9
3 6 0 8 1 0 11
7 14 0 3 1 6 1
13 2 0 5 1 4 2
6 11 0 7 1 2 4
4 5 0 8 1 0 4
9 10 0 7 1 2 1
3 9 0 8 1 0 11
15 7 0 4 1 5 2
3 12 0 8 1 0 11
1 12 0 8 1 0 9
0 13 4 7 2 0 8
0 6 0 8 1 0 8
11 15 0 5 1 4 3
