1 0 2 0 2 0 3 0
1 0 3 0 3 0 5 0
1 0 2 0 1 0 5 0
1 0 2 0 2 0 6 0
2 2 1 0 1 2 3 0
2 1 1 0 1 1 2 0
3 2 1 2 1 4 2 0
3 2 1 1 0 2 1 0
4 2 1 2 0 5 1 0
2 2 1 0 0 2 1 0
3 2 0 2 0 4 0 0
4 1 0 2 0 3 0 1
5 1 0 2 0 6 0 1
####
2 1 0 4 0 8 5 0 5 0
3 1 0 4 0 8 5 0 5 0
3 2 0 4 0 8 5 0 6 0
9 4 1 0 0 0 7 0 0 0
10 6 2 0 3 0 7 1 0 0
####
6 8 0 5 1 4 2
4 6 0 6 1 2 3
8 12 0 3 1 5 1
5 7 0 6 1 1 2
0 7 3 7 2 0 3
2 10 3 7 2 0 5
9 10 0 6 1 2 1
1 8 6 6 3 0 5
3 9 0 7 1 0 6
0 5 0 7 1 0 3
1 6 3 7 2 0 5
1 9 0 7 1 0 5
7 11 0 5 1 2 1
3 4 0 7 1 0 6
2 4 0 7 1 0 5
