1 0 2 0 1 0 3 0
1 0 3 0 3 0 5 0
1 0 3 0 3 0 9 0
2 1 2 0 2 1 7 0
2 1 0 0 0 1 0 1
3 2 1 1 1 3 4 0
5 2 1 2 1 5 2 0
4 2 1 2 1 4 3 0
3 2 1 1 0 3 1 0
4 1 0 2 0 4 0 1
6 2 1 2 0 6 1 0
7 2 0 2 0 8 0 0
####
1 0 0 6 0 8 4 0 4 0
2 0 0 6 0 8 4 0 5 0
2 1 0 6 0 8 4 0 9 0
4 3 1 0 0 0 5 0 0 0
8 5 2 0 2 0 5 2 0 0
9 7 3 0 4 0 5 4 0 0
####
2 7 4 5 3 0 9
10 11 0 2 1 6 1
7 6 0 3 1 4 3
5 7 0 4 1 3 4
6 10 0 2 1 5 2
3 8 0 4 1 1 7
1 5 2 5 2 0 5
8 9 0 4 1 3 1
0 11 8 4 6 0 3
2 3 0 5 1 0 9
1 6 6 4 4 0 5
1 10 7 4 5 0 5
0 8 2 5 2 0 3
2 4 0 5 1 0 9
3 5 0 4 1 1 7
