1 0 3 0 2 0 7 0
1 0 3 0 3 0 6 0
1 0 4 0 2 0 8 0
2 2 1 0 1 2 5 0
2 2 1 0 0 2 1 0
3 2 1 2 1 4 4 0
2 1 0 0 0 1 0 1
4 2 1 2 1 5 3 0
6 2 1 2 0 7 1 0
5 2 1 2 1 6 2 0
7 2 0 3 0 9 0 0
2 1 0 0 0 1 0 1
####
1 0 0 6 0 8 4 0 10 0
2 0 0 6 0 8 4 0 11 0
2 1 0 6 0 8 4 0 11 0
4 3 1 5 0 4 8 0 4 1
6 4 1 0 0 0 7 0 0 0
11 3 1 0 0 0 7 0 0 0
11 4 1 0 0 0 7 0 0 0
####
4 10 4 5 5 2 1
1 3 0 7 1 0 6
2 8 7 4 5 0 8
7 9 0 2 1 5 3
5 7 0 2 1 4 4
2 11 0 7 1 0 8
8 10 0 2 1 7 1
9 8 0 2 1 6 2
0 6 0 7 1 0 7
0 5 4 4 2 0 7
1 9 6 4 4 0 6
0 4 0 7 1 0 7
1 7 5 4 3 0 6
2 3 0 7 1 0 8
2 4 0 7 1 0 8
3 5 0 5 1 2 5
