1 0 3 0 2 0 5 0
1 0 2 0 2 0 5 0
1 0 2 0 2 0 4 0
1 0 2 0 3 0 8 0
1 0 3 0 2 0 8 0
1 0 2 0 2 0 6 0
2 1 1 0 1 1 4 0
2 2 1 0 1 2 3 0
3 2 1 2 1 4 2 0
2 2 1 0 0 2 1 0
2 1 2 0 1 1 3 0
4 2 1 2 0 6 1 0
4 2 1 2 1 5 2 0
5 2 0 2 0 7 0 0
3 2 1 1 1 3 3 0
5 2 1 2 0 6 1 0
3 2 1 1 0 3 1 0
3 1 0 1 0 2 0 1
6 1 0 2 0 7 0 1
4 1 0 2 0 4 0 1
3 2 0 2 0 4 0 0
####
1 0 0 5 0 14 7 0 5 0
2 0 0 2 0 4 11 0 1 0
3 1 0 4 0 12 8 0 4 0
3 2 0 3 0 9 9 0 3 0
4 0 0 5 0 14 7 0 7 0
4 1 0 5 0 14 7 0 6 0
4 3 0 4 0 12 8 0 5 0
5 0 0 2 0 4 11 0 1 0
5 1 0 4 0 12 8 0 4 0
5 2 0 2 0 4 11 0 2 0
5 3 0 4 0 12 8 0 6 0
5 4 0 4 0 12 8 0 5 0
9 7 1 0 0 0 10 0 0 0
10 7 1 0 0 0 10 0 0 0
14 8 2 0 4 0 11 1 0 0
16 8 2 0 4 0 11 2 0 0
17 8 2 0 4 0 11 2 0 0
17 16 2 0 4 0 11 2 0 0
20 8 2 0 4 0 11 2 0 0
20 14 2 0 4 0 11 0 0 0
20 16 2 0 4 0 11 1 0 0
12 11 3 0 9 0 9 0 0 0
19 11 3 0 9 0 9 4 0 0
15 13 4 0 12 0 8 2 0 0
####
5 9 0 10 1 0 6
10 17 0 9 1 1 3
0 20 4 11 2 0 5
4 8 4 11 2 0 8
0 14 4 11 2 0 5
3 7 0 10 1 0 8
1 11 9 9 3 0 5
6 14 0 9 1 1 4
2 9 0 10 1 0 4
0 15 12 8 4 0 5
3 10 0 10 1 0 8
4 13 12 8 4 0 8
15 18 0 3 1 6 1
11 13 0 5 1 6 1
2 16 4 11 2 0 4
9 20 0 9 1 2 1
8 11 0 8 1 4 2
16 19 0 8 1 3 1
12 15 0 5 1 5 2
4 6 0 10 1 0 8
1 12 9 9 3 0 5
10 16 0 9 1 1 3
5 7 0 10 1 0 6
14 12 0 8 1 3 3
7 8 0 9 1 2 3
