1 0 3 0 1 0 3 0
1 0 3 0 4 0 8 0
1 0 2 0 2 0 6 0
2 1 2 0 2 1 7 0
3 2 1 1 1 3 2 0
2 1 0 0 0 1 0 1
4 2 1 2 1 4 2 0
5 2 1 2 0 5 1 0
4 2 1 2 0 5 1 0
6 1 0 2 0 6 0 1
5 2 0 2 0 6 0 0
3 2 1 1 1 2 3 0
####
1 0 0 4 0 6 5 0 4 0
2 0 0 4 0 6 5 0 3 0
2 1 0 5 0 8 4 0 6 0
11 4 2 0 2 0 5 2 0 0
8 6 3 0 4 0 5 4 0 0
10 7 4 0 6 0 5 6 0 0
####
2 6 4 5 3 0 6
6 7 0 4 1 4 2
1 3 0 5 1 0 8
4 8 0 4 1 3 2
8 10 0 4 1 5 1
0 8 4 5 3 0 3
3 11 0 4 1 1 7
0 5 0 5 1 0 3
0 10 6 5 4 0 3
1 7 6 5 4 0 8
1 11 2 5 2 0 8
3 4 0 4 1 1 7
2 4 2 5 2 0 6
11 6 0 4 1 2 3
7 9 0 3 1 5 1
