1 0 4 0 6 0 9 0
1 0 3 0 2 0 7 0
2 1 3 0 2 1 8 0
3 2 1 1 1 2 4 0
3 2 1 1 1 3 4 0
4 2 1 2 1 4 3 0
3 2 0 1 0 3 0 0
6 2 1 2 0 8 1 0
7 1 0 2 0 9 0 1
4 2 1 2 1 4 3 0
5 2 1 4 1 7 2 0
####
1 0 0 6 0 8 3 0 12 0
4 3 2 4 1 4 6 2 6 1
6 3 2 0 1 0 5 2 0 0
6 4 2 0 1 0 5 2 0 0
9 5 3 3 4 2 5 4 4 1
####
2 6 0 4 1 1 8
4 9 0 5 1 3 4
5 10 0 3 1 4 3
10 7 0 2 1 7 2
0 2 0 3 1 0 9
0 7 7 3 5 0 9
1 4 1 5 2 0 7
9 10 0 3 1 4 3
1 5 4 4 3 0 7
2 3 0 4 1 1 8
1 6 1 5 2 0 7
0 9 4 4 3 0 9
0 3 1 5 2 0 9
7 8 0 2 1 8 1
2 4 0 4 1 1 8
3 5 0 5 1 2 4
