1 0 3 0 4 0 11 0
1 0 3 0 4 0 12 0
1 0 3 0 3 0 7 0
1 0 2 0 1 0 7 0
1 0 4 0 4 0 8 0
2 1 0 0 0 1 0 1
2 1 2 0 2 1 8 0
2 1 2 0 2 1 10 0
3 2 1 1 0 3 1 0
3 2 1 1 2 2 6 0
3 2 1 1 1 3 2 0
3 2 1 1 1 3 5 0
6 2 1 2 1 6 2 0
4 2 1 2 0 5 1 0
4 2 1 2 2 4 4 0
4 2 2 2 1 4 5 0
5 2 2 2 1 6 3 0
5 2 0 2 0 7 0 0
7 2 1 4 0 14 1 0
8 2 0 2 0 15 0 0
5 2 1 2 1 5 3 0
5 1 0 2 0 5 0 1
6 1 0 2 0 7 0 1
4 1 0 2 0 4 0 1
####
1 0 0 7 0 18 6 0 11 0
2 0 0 7 0 18 6 0 8 0
2 1 0 7 0 18 6 0 7 0
3 0 0 7 0 18 6 0 10 0
3 1 0 7 0 18 6 0 9 0
3 2 0 7 0 18 6 0 6 0
4 0 0 7 0 18 6 0 10 0
4 1 0 7 0 18 6 0 9 0
4 2 0 7 0 18 6 0 6 0
4 3 0 7 0 18 6 0 8 0
7 6 0 6 0 15 4 0 9 0
10 8 2 0 3 0 9 1 0 0
10 9 2 0 3 0 9 2 0 0
11 8 2 0 3 0 9 2 0 0
11 9 0 5 0 11 5 0 7 0
11 10 2 0 3 0 9 1 0 0
14 13 3 0 7 0 9 3 0 0
15 13 3 0 7 0 9 4 0 0
15 14 0 4 0 7 5 0 5 0
23 13 3 0 7 0 9 3 0 0
23 14 3 0 7 0 9 4 0 0
17 16 4 0 11 0 9 5 0 0
20 16 0 3 0 3 5 0 3 0
20 17 4 0 11 0 9 6 0 0
21 17 4 0 11 0 9 6 0 0
21 20 4 0 11 0 9 6 0 0
####
8 23 0 8 1 3 1
15 20 0 8 1 4 5
2 8 3 9 2 0 7
3 11 3 9 2 0 7
0 7 0 8 1 0 11
13 17 0 8 1 5 1
1 6 0 8 1 0 12
18 19 0 2 1 14 1
11 14 0 8 1 3 5
2 5 0 8 1 0 7
3 17 11 9 4 0 7
20 12 0 6 1 5 3
4 19 18 6 7 0 8
9 15 0 8 1 2 6
1 14 7 9 3 0 12
4 13 7 9 3 0 8
16 22 0 6 1 6 3
7 10 0 7 1 1 10
1 10 3 9 2 0 12
16 18 2 5 2 6 3
2 16 11 9 4 0 7
6 11 0 7 1 1 8
10 13 0 8 1 3 2
0 12 15 7 5 0 11
12 18 0 3 1 6 2
4 20 11 9 4 0 8
7 9 0 7 1 1 10
14 16 0 8 1 4 4
6 8 0 7 1 1 8
4 15 7 9 3 0 8
15 21 0 8 1 4 5
0 9 3 9 2 0 11
