1 0 3 0 4 0 9 0
1 0 2 0 2 0 8 0
1 0 3 0 3 0 5 0
2 1 2 0 2 1 8 0
3 2 1 1 1 3 5 0
3 2 1 1 1 3 2 0
4 2 1 2 1 4 4 0
5 2 1 2 1 6 3 0
7 2 1 2 0 8 1 0
4 2 1 2 0 5 1 0
6 2 1 2 1 7 2 0
8 2 0 4 0 11 0 0
####
1 0 0 7 0 8 4 0 15 0
2 0 0 7 0 8 4 0 12 0
2 1 0 7 0 8 4 0 11 0
5 4 2 5 1 5 6 2 5 1
9 6 3 4 3 3 6 4 3 1
####
2 7 5 4 4 0 5
10 8 0 2 1 7 2
5 9 0 4 1 3 2
6 7 0 3 1 4 4
4 6 0 4 1 3 5
2 9 3 5 3 0 5
8 11 0 2 1 8 1
1 4 1 5 2 0 8
2 10 6 4 5 0 5
1 5 1 5 2 0 8
0 6 3 5 3 0 9
9 11 3 3 4 5 1
7 10 0 2 1 6 3
0 3 0 4 1 0 9
0 8 7 4 6 0 9
3 4 0 3 1 1 8
3 5 0 3 1 1 8
