1 0 4 0 3 0 5 0
1 0 3 0 3 0 5 0
1 0 3 0 3 0 8 0
2 2 1 0 1 2 3 0
3 2 1 2 1 3 2 0
2 2 1 0 1 2 4 0
3 2 1 2 1 3 3 0
4 2 1 2 1 4 2 0
4 2 1 2 0 4 1 0
5 2 1 2 0 5 1 0
2 1 0 0 0 1 0 1
6 2 0 4 0 10 0 0
####
1 0 0 5 0 8 4 0 7 0
2 0 0 5 0 8 4 0 10 0
2 1 0 5 0 8 4 0 11 0
5 3 1 4 0 5 7 0 5 1
10 3 1 0 0 0 6 0 0 0
6 4 2 3 3 3 6 2 3 1
8 7 3 2 5 1 6 4 1 1
####
6 7 0 4 1 3 3
2 9 7 4 4 0 8
4 8 0 4 1 3 2
5 6 0 5 1 2 4
7 9 0 3 1 4 2
8 11 1 3 2 4 1
1 5 0 6 1 0 5
9 11 0 2 1 5 1
2 3 0 6 1 0 8
0 10 0 6 1 0 5
1 6 3 5 2 0 5
0 4 3 5 2 0 5
2 5 0 6 1 0 8
0 3 0 6 1 0 5
0 8 5 5 3 0 5
3 4 0 5 1 2 3
1 7 5 5 3 0 5
