1 0 3 0 2 0 6 0
1 0 3 0 4 0 9 0
1 0 3 0 3 0 8 0
2 1 2 0 1 1 3 0
1 0 3 0 5 0 14 0
2 1 2 0 3 1 13 0
3 1 0 1 0 2 0 1
3 2 2 1 2 2 8 0
4 2 2 2 1 4 6 0
5 2 1 2 1 5 4 0
4 2 1 2 1 5 2 0
5 2 1 3 0 7 1 0
6 2 0 2 0 9 0 0
4 2 0 2 0 4 0 0
3 2 1 1 1 3 3 0
8 2 1 2 0 10 1 0
5 1 0 2 0 5 0 1
9 1 0 2 0 11 0 1
6 2 1 2 1 6 3 0
7 2 1 2 1 8 2 0
####
1 0 0 8 0 15 5 0 3 0
2 0 0 8 0 15 5 0 6 0
2 1 0 8 0 15 5 0 7 0
4 0 0 8 0 15 5 0 8 0
4 1 0 8 0 15 5 0 9 0
4 2 0 8 0 15 5 0 12 0
5 3 0 4 0 9 4 0 4 0
14 6 2 0 2 0 7 1 0 0
14 7 2 0 2 0 7 2 0 0
13 8 3 0 5 0 7 4 0 0
13 10 3 0 5 0 7 0 0 0
10 8 3 0 5 0 7 4 0 0
11 9 4 0 8 0 7 6 0 0
16 9 4 0 8 0 7 2 0 0
16 11 4 0 8 0 7 6 0 0
18 12 5 0 11 0 6 2 0 0
####
4 7 2 7 2 0 14
1 3 0 6 1 0 9
10 11 0 6 1 5 2
2 18 11 6 5 0 8
2 8 5 7 3 0 8
3 11 6 5 3 1 3
8 9 0 6 1 4 6
19 15 0 2 1 8 2
18 19 0 3 1 6 3
0 10 5 7 3 0 6
2 12 11 6 5 0 8
9 18 0 5 1 5 4
4 9 8 7 4 0 14
0 15 14 5 7 0 6
1 14 2 7 2 0 9
3 6 0 5 1 1 3
8 16 0 6 1 4 6
14 10 0 6 1 3 3
4 5 0 6 1 0 14
1 19 13 5 6 0 9
11 12 0 5 1 7 1
15 17 0 2 1 10 1
7 13 0 6 1 2 8
0 13 5 7 3 0 6
5 7 0 5 1 1 13
5 14 0 5 1 1 13
7 8 0 6 1 2 8
