1 0 3 0 6 0 15 0
1 0 4 0 3 0 12 0
1 0 2 0 2 0 4 0
1 0 3 0 2 0 5 0
2 1 0 0 0 1 0 1
2 1 3 0 4 1 14 0
5 2 1 2 1 6 2 0
5 2 2 2 2 5 4 0
6 1 1 2 0 7 1 0
3 2 2 1 2 2 6 0
3 2 1 1 1 3 4 0
3 2 1 1 0 3 1 0
6 2 1 2 0 7 1 0
4 2 0 2 0 5 0 0
7 1 0 2 0 8 0 1
6 2 1 4 0 6 1 0
4 2 1 2 1 5 3 0
7 2 0 1 0 9 0 0
7 1 0 2 0 7 0 1
4 2 1 2 2 3 5 0
####
1 0 0 6 0 13 7 0 7 0
2 0 0 6 0 13 7 0 8 0
2 1 0 6 0 13 7 0 7 0
3 0 0 6 0 13 7 0 5 0
3 1 0 6 0 13 7 0 4 0
3 2 0 6 0 13 7 0 3 0
10 9 2 0 2 0 7 2 0 0
11 9 2 0 2 0 7 2 0 0
11 10 2 0 2 0 7 2 0 0
16 13 3 0 5 0 7 4 0 0
19 13 3 0 5 0 7 4 0 0
19 16 3 0 5 0 7 4 0 0
7 6 4 0 8 0 6 6 0 0
12 8 5 0 10 0 7 8 0 0
15 8 5 0 10 0 7 8 0 0
15 12 5 0 10 0 7 8 0 0
17 14 6 0 13 0 7 10 0 0
18 17 6 0 13 0 7 10 0 0
18 14 6 0 13 0 7 10 0 0
####
5 9 0 5 1 1 14
16 6 0 5 1 5 3
7 12 0 5 1 5 4
3 11 2 7 2 0 5
3 17 13 7 6 0 5
7 15 0 5 1 5 4
9 15 5 6 3 2 6
19 7 0 5 1 3 5
15 18 0 6 1 6 1
1 10 2 7 2 0 12
11 13 0 6 1 3 1
2 16 5 7 3 0 4
2 6 8 6 4 0 4
12 14 0 6 1 7 1
5 11 0 5 1 1 14
1 13 5 7 3 0 12
1 4 0 6 1 0 12
0 5 0 6 1 0 15
8 17 0 6 1 7 1
3 12 10 7 5 0 5
5 10 0 5 1 1 14
6 8 0 5 1 6 2
10 16 0 6 1 3 4
0 19 5 7 3 0 15
1 7 8 6 4 0 12
0 9 2 7 2 0 15
9 19 0 6 1 2 6
