1 0 3 0 4 0 8 0
1 0 3 0 2 0 5 0
1 0 1 0 1 0 3 0
2 1 2 0 2 1 7 0
3 2 1 1 1 3 2 0
3 2 1 1 1 3 3 0
4 2 1 2 0 4 1 0
4 2 1 2 1 4 2 0
5 2 1 2 0 5 1 0
5 2 0 2 0 6 0 0
6 1 0 2 0 6 0 1
####
1 0 0 5 0 7 4 0 7 0
2 0 0 4 0 5 5 0 5 0
2 1 0 4 0 5 5 0 2 0
5 4 2 0 1 0 5 2 0 0
7 6 3 0 3 0 5 4 0 0
9 8 4 0 5 0 5 6 0 0
####
7 8 0 4 1 4 2
6 9 0 4 1 4 1
4 6 0 4 1 3 2
5 7 0 4 1 3 3
8 10 0 3 1 5 1
0 7 3 5 3 0 8
1 5 1 5 2 0 5
1 8 5 5 4 0 5
0 6 3 5 3 0 8
1 9 5 5 4 0 5
0 3 0 4 1 0 8
3 4 0 3 1 1 7
2 4 1 5 2 0 3
3 5 0 3 1 1 7
