1 0 3 0 3 0 9 0
6 2 2 2 3 8 6 0
1 0 3 0 4 0 15 0
1 0 2 0 2 0 9 0
7 1 2 2 2 9 5 0
2 1 1 0 2 1 11 0
1 0 3 0 5 0 15 0
3 2 2 1 2 3 10 0
2 2 2 0 0 2 2 0
4 2 2 2 2 5 8 0
8 2 1 3 1 10 2 0
4 2 0 2 0 5 0 0
9 2 1 4 0 11 1 0
2 2 1 0 1 2 2 0
3 1 0 2 0 3 0 1
10 2 0 2 0 12 0 0
8 2 1 3 0 11 1 0
9 1 0 2 0 12 0 1
3 1 0 2 0 3 0 1
5 2 1 2 2 6 7 0
####
2 0 0 9 0 15 5 0 12 0
3 0 0 9 0 15 5 0 10 0
3 2 0 9 0 15 5 0 14 0
6 0 0 9 0 15 5 0 11 0
6 2 0 9 0 15 5 0 15 0
6 3 0 9 0 15 5 0 13 0
8 5 1 0 0 0 7 0 0 0
13 5 0 7 0 10 5 0 7 0
13 8 1 0 0 0 7 0 0 0
14 7 2 0 3 0 7 2 0 0
18 7 2 0 3 0 7 2 0 0
18 14 2 0 3 0 7 2 0 0
11 9 3 0 6 0 6 4 0 0
16 10 7 0 11 0 6 5 0 0
17 12 8 0 13 0 6 7 0 0
####
3 15 15 5 9 0 9
2 8 0 7 1 0 15
7 11 0 5 1 3 10
2 5 0 7 1 0 15
16 17 0 4 1 11 1
8 14 0 6 1 2 2
2 19 8 5 4 0 15
6 7 3 7 2 0 15
10 12 0 4 1 10 2
13 16 8 5 6 2 2
0 11 6 6 3 0 9
4 10 0 3 1 9 5
1 4 0 2 1 8 6
4 16 0 3 1 9 5
9 10 3 4 4 5 8
3 9 6 6 3 0 9
7 9 0 5 1 3 10
0 1 9 5 5 0 9
12 15 0 3 1 11 1
6 8 0 7 1 0 15
1 12 3 3 3 8 6
5 7 0 6 1 1 11
0 13 0 7 1 0 9
19 1 0 2 1 6 7
8 18 0 6 1 2 2
6 13 0 7 1 0 15
9 19 0 3 1 5 8
