1 0 4 0 4 0 9 0
1 0 3 0 3 0 8 0
1 0 2 0 2 0 6 0
1 0 1 0 2 0 5 0
2 1 2 0 2 1 5 0
3 2 1 1 1 3 4 0
2 1 0 0 0 1 0 1
4 2 1 2 0 5 1 0
4 2 1 3 1 4 3 0
2 2 2 0 1 2 4 0
5 2 1 2 1 6 2 0
6 2 1 2 0 7 1 0
5 1 0 2 0 6 0 1
3 1 0 2 0 3 0 1
7 2 0 2 0 8 0 0
3 2 1 2 1 4 2 0
####
1 0 0 6 0 11 5 0 6 0
2 0 0 6 0 11 5 0 7 0
2 1 0 6 0 11 5 0 9 0
3 0 0 4 0 8 6 0 6 0
3 1 0 4 0 8 6 0 5 0
9 6 1 0 0 0 7 0 0 0
15 5 2 0 3 0 7 0 0 0
15 13 2 0 3 0 7 2 0 0
8 7 3 0 6 0 6 2 0 0
12 10 4 0 8 0 6 3 0 0
####
9 13 0 6 1 2 4
10 11 0 3 1 6 2
4 8 3 5 2 1 5
4 5 0 6 1 1 5
7 12 0 4 1 5 1
9 15 0 6 1 2 4
8 10 0 4 1 4 3
1 15 3 7 2 0 8
1 5 3 7 2 0 8
0 11 10 5 5 0 9
3 9 0 7 1 0 5
0 6 0 7 1 0 9
0 10 8 6 4 0 9
11 14 0 2 1 7 1
15 7 0 5 1 4 2
0 9 0 7 1 0 9
2 14 11 5 6 0 6
2 4 0 7 1 0 6
5 8 0 5 1 3 4
1 7 6 6 3 0 8
