1 0 3 0 4 0 10 0
2 1 2 0 2 1 8 0
1 0 3 0 3 0 7 0
1 0 2 0 1 0 8 0
7 2 1 2 2 8 3 0
2 1 0 0 0 1 0 1
3 2 1 1 1 3 7 0
8 2 2 2 0 9 2 0
4 2 1 2 1 5 6 0
5 2 1 2 1 6 5 0
9 1 0 2 0 10 0 1
6 2 1 3 1 7 4 0
9 2 0 2 0 10 0 0
####
2 0 0 8 0 8 5 0 12 0
3 0 0 8 0 8 5 0 13 0
3 2 0 8 0 8 5 0 11 0
5 1 1 0 0 0 5 0 0 0
12 10 8 0 8 0 5 14 0 0
####
0 1 0 5 1 0 10
4 7 0 2 1 8 3
3 12 8 5 8 0 8
6 8 0 2 1 3 7
2 9 4 4 4 0 7
11 4 0 2 1 7 4
7 12 0 3 1 9 2
2 8 3 4 3 0 7
0 7 7 4 7 0 10
8 9 0 2 1 5 6
9 11 0 2 1 6 5
0 5 0 5 1 0 10
1 6 0 3 1 1 8
7 10 0 3 1 9 2
3 6 2 4 2 0 8
1 11 3 3 4 1 8
2 4 6 4 6 0 7
