1 0 4 0 4 0 11 0
1 0 2 0 3 0 4 0
1 0 3 0 3 0 4 0
2 1 2 0 2 1 10 0
3 2 1 1 1 2 5 0
3 2 1 1 1 3 3 0
4 2 1 2 1 4 2 0
5 2 1 2 2 5 3 0
6 2 2 2 0 6 2 0
5 2 1 2 0 5 1 0
7 1 0 2 0 7 0 1
4 2 1 2 1 3 4 0
7 1 0 2 0 7 0 1
6 2 0 2 0 6 0 0
####
1 0 0 6 0 9 5 0 7 0
2 0 0 5 0 7 5 0 7 0
5 4 2 0 1 0 5 2 0 0
11 6 3 0 3 0 5 4 0 0
9 7 4 0 5 0 5 6 0 0
13 8 5 0 7 0 5 8 0 0
12 10 6 0 9 0 5 10 0 0
####
7 8 0 4 1 5 3
11 7 0 4 1 3 4
9 13 0 4 1 5 1
2 6 3 5 3 0 4
6 9 0 4 1 4 2
2 9 5 5 4 0 4
8 12 0 4 1 6 2
5 6 0 4 1 3 3
0 13 7 5 5 0 11
8 10 0 4 1 6 2
0 3 0 4 1 0 11
0 11 3 5 3 0 11
1 8 7 5 5 0 4
0 4 1 5 2 0 11
2 5 1 5 2 0 4
1 7 5 5 4 0 4
3 4 0 3 1 1 10
4 11 0 4 1 2 5
3 5 0 3 1 1 10
