1 0 3 0 3 0 7 0
1 0 4 0 6 0 10 0
6 2 2 4 0 8 2 0
7 1 0 2 0 9 0 1
2 1 2 0 3 1 9 0
3 2 1 1 1 3 5 0
4 2 1 2 1 4 4 0
3 2 2 1 2 2 5 0
4 2 1 2 0 4 1 0
5 2 1 2 2 5 3 0
4 2 1 2 2 3 3 0
7 2 0 4 0 10 0 0
####
1 0 0 6 0 8 4 0 13 0
7 5 2 4 1 5 6 2 6 1
8 6 3 3 3 2 7 1 2 1
10 6 3 3 3 2 7 4 3 1
10 8 3 3 3 2 7 4 1 1
11 3 6 0 8 0 4 9 0 0
####
6 9 0 4 1 4 4
4 7 0 3 1 1 9
9 2 0 2 1 5 3
4 5 0 3 1 1 9
5 6 0 5 1 3 5
8 11 2 5 3 4 1
2 11 0 3 1 8 2
1 4 0 3 1 0 10
1 10 3 5 3 0 10
2 3 0 3 1 8 2
0 5 1 4 2 0 7
7 10 0 5 1 2 5
1 7 1 4 2 0 10
0 9 6 3 4 0 7
1 6 3 5 3 0 10
0 8 3 5 3 0 7
7 8 0 5 1 2 5
10 2 1 4 2 3 3
