1 0 3 0 3 0 6 0
1 0 2 0 1 0 4 0
1 0 3 0 2 0 6 0
1 0 1 0 1 0 4 0
2 1 1 0 1 1 3 0
2 2 1 0 1 2 3 0
3 2 1 1 1 2 2 0
3 2 1 2 1 4 2 0
4 2 1 2 0 4 1 0
4 2 1 2 0 6 1 0
2 1 0 0 0 1 0 1
5 2 0 2 0 7 0 0
5 1 0 2 0 5 0 1
####
1 0 0 4 0 7 6 0 4 0
2 0 0 4 0 7 6 0 4 0
2 1 0 4 0 7 6 0 5 0
3 0 0 4 0 7 6 0 4 0
3 1 0 4 0 7 6 0 6 0
3 2 0 4 0 7 6 0 5 0
9 8 3 0 5 0 6 2 0 0
12 11 4 0 7 0 6 4 0 0
####
2 7 3 6 2 0 6
3 5 0 7 1 0 4
6 8 0 4 1 2 2
4 6 0 5 1 1 3
8 12 0 4 1 4 1
2 8 5 6 3 0 6
5 7 0 5 1 2 3
2 10 0 7 1 0 6
1 5 0 7 1 0 4
0 6 3 6 2 0 6
9 11 0 4 1 6 1
0 4 0 7 1 0 6
0 9 5 6 3 0 6
1 11 7 6 4 0 4
7 9 0 4 1 4 2
