1 0 3 0 2 0 6 0
1 0 3 0 2 0 5 0
1 0 2 0 2 0 6 0
2 2 1 0 0 2 1 0
2 1 1 0 1 1 3 0
5 1 0 2 0 7 0 1
3 2 0 2 0 3 0 0
3 2 1 3 1 5 2 0
2 1 0 0 0 1 0 1
4 2 1 2 0 6 1 0
2 2 1 0 1 2 3 0
####
1 0 0 4 0 7 4 0 6 0
2 0 0 4 0 7 4 0 6 0
2 1 0 4 0 7 4 0 6 0
4 3 1 0 0 0 7 0 0 0
10 3 1 0 0 0 7 0 0 0
10 4 0 3 0 3 5 0 4 0
10 8 1 0 0 0 7 0 0 0
7 6 2 0 4 0 5 2 0 0
####
4 7 0 6 1 1 3
10 7 0 6 1 2 3
2 10 0 7 1 0 6
0 6 4 5 2 0 6
1 8 0 7 1 0 5
2 3 0 7 1 0 6
1 9 6 4 3 0 5
3 6 0 6 1 2 1
0 4 0 7 1 0 6
1 10 0 7 1 0 5
9 5 0 2 1 6 1
0 3 0 7 1 0 6
7 9 0 3 1 5 2
