1 0 3 0 1 0 4 0
1 0 2 0 1 0 4 0
1 0 3 0 2 0 6 0
1 0 2 0 2 0 7 0
1 0 3 0 5 0 13 0
2 1 2 0 2 1 6 0
3 2 1 1 1 3 3 0
2 1 2 0 1 1 5 0
3 2 1 1 1 3 3 0
2 1 0 0 0 1 0 1
3 2 1 1 0 3 1 0
3 2 0 1 0 3 0 0
4 2 1 2 1 5 2 0
4 2 1 2 1 5 2 0
4 2 0 2 0 4 0 0
5 2 1 2 0 7 1 0
6 1 0 2 0 8 0 1
5 2 1 2 0 6 1 0
2 1 0 0 0 1 0 1
6 1 0 2 0 7 0 1
####
2 0 0 5 0 13 7 0 4 0
3 0 0 5 0 13 7 0 3 0
3 1 0 5 0 13 7 0 5 0
3 2 0 5 0 13 7 0 5 0
4 0 0 5 0 13 7 0 5 0
4 1 0 5 0 13 7 0 6 0
4 2 0 5 0 13 7 0 7 0
4 3 0 5 0 13 7 0 7 0
7 5 1 0 0 0 9 0 0 0
8 6 2 0 4 0 9 2 0 0
10 6 2 0 4 0 9 0 0 0
10 8 2 0 4 0 9 2 0 0
11 6 2 0 4 0 9 2 0 0
11 8 2 0 4 0 9 2 0 0
11 10 2 0 4 0 9 2 0 0
13 12 3 0 8 0 8 1 0 0
14 12 3 0 8 0 8 4 0 0
14 13 3 0 8 0 8 2 0 0
17 15 4 0 11 0 7 3 0 0
19 16 5 0 13 0 7 5 0 0
####
4 7 0 9 1 0 13
5 6 0 8 1 1 6
7 11 0 8 1 1 5
0 15 11 7 4 0 4
0 11 4 9 2 0 4
12 17 0 5 1 5 2
17 19 0 4 1 6 1
2 6 4 9 2 0 6
3 13 8 8 3 0 7
4 5 0 9 1 0 13
13 15 0 5 1 5 2
0 18 0 9 1 0 4
2 10 4 9 2 0 6
1 9 0 9 1 0 4
2 14 8 8 3 0 6
7 8 0 8 1 1 5
5 10 0 8 1 1 6
1 12 8 8 3 0 4
8 12 0 7 1 3 3
4 17 11 7 4 0 13
3 8 4 9 2 0 7
10 14 0 7 1 3 1
6 13 0 7 1 3 3
15 16 0 4 1 7 1
