1 0 3 0 2 0 8 0
1 0 2 0 3 0 8 0
1 0 3 0 2 0 4 0
2 1 2 0 2 1 7 0
2 1 0 0 0 1 0 1
3 2 1 1 1 3 3 0
3 2 1 1 1 3 2 0
4 2 1 2 1 4 2 0
4 2 1 2 0 5 1 0
5 2 1 2 0 6 1 0
6 1 0 2 0 7 0 1
5 2 0 2 0 6 0 0
####
1 0 0 5 0 8 4 0 7 0
2 0 0 5 0 8 4 0 4 0
2 1 0 5 0 8 4 0 5 0
6 5 2 0 2 0 5 0 0 0
8 7 3 0 4 0 5 2 0 0
11 9 4 0 6 0 5 4 0 0
####
3 5 0 4 1 1 7
1 3 0 5 1 0 8
6 8 0 4 1 3 2
2 9 6 5 4 0 4
2 8 4 5 3 0 4
8 11 0 4 1 5 1
5 7 0 4 1 3 3
2 11 6 5 4 0 4
9 10 0 3 1 6 1
0 6 2 5 2 0 8
0 5 2 5 2 0 8
3 6 0 4 1 1 7
0 4 0 5 1 0 8
1 7 4 5 3 0 8
7 9 0 4 1 4 2
