1 0 3 0 2 0 8 0
2 1 1 0 1 1 2 0
1 0 3 0 2 0 4 0
1 0 2 0 2 0 6 0
3 2 1 1 0 3 1 0
4 2 0 2 0 5 0 0
3 2 1 2 1 4 2 0
4 2 1 2 0 5 1 0
5 1 0 2 0 6 0 1
2 2 1 0 1 2 3 0
2 1 0 0 0 1 0 1
####
2 0 0 4 0 7 4 0 5 0
3 0 0 4 0 7 4 0 6 0
3 2 0 4 0 7 4 0 5 0
9 1 1 0 0 0 6 0 0 0
10 1 1 0 0 0 6 0 0 0
10 9 1 0 0 0 6 0 0 0
6 4 2 0 3 0 5 2 0 0
7 5 3 0 5 0 5 4 0 0
####
0 1 0 6 1 0 8
2 7 5 5 3 0 4
7 8 0 3 1 5 1
2 6 3 5 2 0 4
6 7 0 4 1 4 2
4 5 0 4 1 3 1
1 4 0 5 1 1 2
3 9 0 6 1 0 6
0 10 0 6 1 0 8
9 6 0 5 1 2 3
0 9 0 6 1 0 8
2 5 5 5 3 0 4
3 4 3 5 2 0 6
