1 0 2 0 2 0 7 0
1 0 3 0 1 0 3 0
1 0 3 0 4 0 8 0
2 1 0 0 0 1 0 1
2 1 2 0 2 1 7 0
3 2 1 1 1 3 2 0
4 2 1 2 1 4 2 0
5 2 1 2 0 5 1 0
3 2 1 1 1 3 3 0
4 2 1 2 0 5 1 0
6 1 0 2 0 6 0 1
5 2 0 2 0 6 0 0
####
1 0 0 4 0 6 5 0 3 0
2 0 0 5 0 8 4 0 7 0
2 1 0 4 0 6 5 0 4 0
8 5 2 0 2 0 5 0 0 0
9 6 3 0 4 0 5 2 0 0
11 7 4 0 6 0 5 4 0 0
####
2 7 6 5 4 0 8
5 9 0 4 1 3 2
2 6 4 5 3 0 8
6 7 0 4 1 4 2
1 3 0 5 1 0 3
4 8 0 4 1 1 7
4 5 0 4 1 1 7
0 8 2 5 2 0 7
9 11 0 4 1 5 1
0 5 2 5 2 0 7
1 9 4 5 3 0 3
7 10 0 3 1 5 1
8 6 0 4 1 3 3
1 11 6 5 4 0 3
2 4 0 5 1 0 8
