1 0 1 0 0 0 1 0
1 0 3 0 3 0 7 0
1 0 3 0 4 0 11 0
1 0 4 0 4 0 9 0
1 0 2 0 2 0 7 0
2 2 1 0 1 2 3 0
2 1 1 0 1 1 3 0
2 1 3 0 2 1 5 0
3 2 1 1 1 3 2 0
3 2 1 1 1 3 2 0
2 2 2 0 2 2 5 0
3 2 1 3 1 5 2 0
4 2 1 3 0 6 1 0
2 1 0 0 0 1 0 1
5 2 0 2 0 8 0 0
4 2 1 2 0 4 1 0
4 2 1 2 0 6 1 0
3 2 1 1 0 3 1 0
4 2 0 3 0 4 0 0
5 1 0 2 0 5 0 1
5 1 0 2 0 7 0 1
####
1 0 0 4 0 13 8 0 3 0
2 1 0 4 0 13 8 0 5 0
3 0 0 4 0 13 8 0 3 0
3 1 0 4 0 13 8 0 6 0
3 2 0 4 0 13 8 0 6 0
4 0 0 4 0 13 8 0 2 0
4 1 0 4 0 13 8 0 5 0
4 2 0 4 0 13 8 0 7 0
4 3 0 4 0 13 8 0 7 0
7 5 1 0 0 0 10 0 0 0
10 5 1 3 0 8 13 0 4 1
10 6 0 3 0 8 8 0 3 0
13 5 1 0 0 0 10 0 0 0
13 7 1 0 0 0 10 0 0 0
9 8 2 0 5 0 9 1 0 0
11 8 2 0 5 0 9 2 0 0
11 9 2 0 5 0 9 1 0 0
17 8 2 0 5 0 9 2 0 0
17 9 2 0 5 0 9 0 0 0
17 11 2 0 5 0 9 2 0 0
15 12 3 0 9 0 9 3 0 0
16 12 3 0 9 0 9 4 0 0
16 15 3 0 9 0 9 4 0 0
18 12 3 0 9 0 9 3 0 0
18 15 3 0 9 0 9 4 0 0
18 16 3 0 9 0 9 4 0 0
19 14 4 0 13 0 8 5 0 0
20 14 4 0 13 0 8 6 0 0
20 19 4 0 13 0 8 6 0 0
####
11 16 0 8 1 5 2
6 9 0 9 1 1 3
10 11 0 9 1 2 5
0 14 13 8 4 0 1
1 15 9 9 3 0 7
1 6 0 10 1 0 7
15 19 0 7 1 4 1
2 5 0 10 1 0 11
3 17 5 9 2 0 9
3 10 0 10 1 0 9
10 12 4 9 2 2 5
2 13 0 10 1 0 11
3 16 9 9 3 0 9
8 15 0 8 1 3 2
4 10 0 10 1 0 7
12 14 0 7 1 6 1
5 11 0 9 1 2 3
4 5 0 10 1 0 7
7 18 4 9 2 1 5
3 9 5 9 2 0 9
16 20 0 7 1 6 1
17 18 0 8 1 3 1
2 7 0 10 1 0 11
1 8 5 9 2 0 7
7 17 0 9 1 1 5
7 8 0 9 1 1 5
9 12 0 8 1 3 2
