1 0 3 0 3 0 8 0
1 0 2 0 3 0 9 0
1 0 3 0 2 0 4 0
2 1 2 0 2 1 8 0
3 2 1 1 1 3 3 0
3 2 1 1 1 3 3 0
4 2 1 2 1 5 2 0
5 2 1 2 0 6 1 0
4 2 1 2 1 4 2 0
5 2 1 2 0 5 1 0
6 2 0 2 0 7 0 0
6 1 0 2 0 7 0 1
####
1 0 0 5 0 7 5 0 7 0
2 0 0 5 0 7 5 0 5 0
2 1 0 5 0 7 5 0 6 0
5 4 2 0 1 0 5 0 0 0
8 6 3 0 3 0 5 2 0 0
9 7 4 0 5 0 5 4 0 0
11 10 5 0 7 0 5 6 0 0
####
2 7 5 5 4 0 4
2 6 3 5 3 0 4
6 7 0 4 1 5 2
4 6 0 4 1 3 3
1 3 0 4 1 0 9
2 10 7 5 5 0 4
9 10 0 4 1 5 1
8 9 0 4 1 4 2
0 5 1 5 2 0 8
1 9 5 5 4 0 9
0 4 1 5 2 0 8
7 11 0 4 1 6 1
0 8 3 5 3 0 8
3 4 0 3 1 1 8
5 8 0 4 1 3 3
3 5 0 3 1 1 8
