1 0 3 0 4 0 7 0
1 0 2 0 1 0 5 0
2 1 2 0 1 1 2 0
1 0 3 0 2 0 7 0
2 1 0 0 0 1 0 1
2 2 1 0 1 2 3 0
3 2 1 3 1 5 2 0
4 2 1 2 0 6 1 0
5 1 0 2 0 7 0 1
3 2 1 1 0 3 1 0
4 2 0 3 0 4 0 0
2 2 1 0 1 2 3 0
####
1 0 0 4 0 8 4 0 6 0
3 0 0 4 0 8 4 0 7 0
3 1 0 4 0 8 4 0 7 0
5 2 1 0 0 0 7 0 0 0
11 4 1 0 0 0 7 0 0 0
11 5 1 3 0 4 8 0 4 1
9 6 2 0 4 0 5 2 0 0
10 7 3 0 6 0 5 4 0 0
####
6 7 0 4 1 5 2
2 9 0 6 1 1 2
5 6 0 6 1 2 3
3 11 0 7 1 0 7
1 4 0 7 1 0 5
0 7 6 5 3 0 7
9 10 0 4 1 3 1
2 10 2 6 2 1 2
3 9 4 5 2 0 7
0 5 0 7 1 0 7
1 11 0 7 1 0 5
7 8 0 3 1 6 1
0 2 0 7 1 0 7
11 6 0 6 1 2 3
3 5 0 7 1 0 7
