1 0 3 0 3 0 5 0
1 0 3 0 2 0 8 0
1 0 3 0 4 0 10 0
5 2 2 2 1 5 6 0
6 2 1 2 1 7 4 0
2 1 1 0 1 1 9 0
6 2 0 2 0 6 0 0
9 2 1 2 0 10 1 0
3 2 1 1 1 2 8 0
7 2 1 2 1 8 3 0
10 1 0 2 0 11 0 1
8 2 1 2 1 9 2 0
4 2 1 2 2 4 7 0
####
1 0 0 9 0 9 4 0 10 0
2 0 0 9 0 9 4 0 12 0
2 1 0 9 0 9 4 0 14 0
6 4 5 0 4 0 5 4 0 0
####
11 7 0 2 1 9 2
4 9 0 3 1 7 4
1 12 2 4 3 0 8
8 12 0 2 1 2 8
2 8 1 4 2 0 10
0 7 8 4 8 0 5
12 3 0 2 1 4 7
9 11 0 2 1 8 3
2 3 3 4 4 0 10
1 6 4 5 5 0 8
7 10 0 2 1 10 1
0 4 4 5 5 0 5
0 9 6 4 6 0 5
3 6 0 3 1 5 6
2 5 0 4 1 0 10
1 11 7 4 7 0 8
3 4 0 3 1 5 6
5 8 0 2 1 1 9
