1 0 3 0 5 0 9 0
2 1 3 0 1 1 4 0
1 0 3 0 3 0 7 0
1 0 1 0 1 0 5 0
1 0 2 0 4 0 11 0
2 1 2 0 3 1 10 0
1 0 1 0 1 0 2 0
3 2 2 1 0 3 2 0
2 2 1 0 0 2 1 0
6 2 2 2 1 7 3 0
7 2 1 2 1 8 2 0
9 2 0 4 0 12 0 0
4 2 0 2 0 5 0 0
3 2 1 1 1 3 6 0
3 1 0 2 0 3 0 1
3 1 0 1 0 2 0 1
4 2 1 2 1 4 5 0
4 1 0 2 0 4 0 1
5 2 1 2 2 6 4 0
8 2 1 3 0 11 1 0
####
2 0 0 8 0 14 6 0 8 0
3 0 0 8 0 14 6 0 6 0
3 2 0 8 0 14 6 0 10 0
4 0 0 8 0 14 6 0 9 0
4 2 0 8 0 14 6 0 13 0
4 3 0 8 0 14 6 0 11 0
6 0 0 2 0 3 9 0 2 0
5 1 0 7 0 11 4 0 7 0
8 1 1 0 0 0 8 0 0 0
13 7 2 0 3 0 9 2 0 0
14 7 2 0 3 0 9 1 0 0
15 7 2 0 3 0 9 1 0 0
15 14 2 0 3 0 9 2 0 0
16 12 3 0 7 0 8 4 0 0
17 12 3 0 7 0 8 3 0 0
17 16 3 0 7 0 8 4 0 0
####
7 12 0 7 1 3 2
5 13 0 7 1 1 10
0 7 3 9 2 0 9
1 15 0 7 1 1 4
19 11 0 2 1 11 1
8 14 0 7 1 2 1
4 9 11 6 5 0 11
13 16 0 7 1 3 6
2 13 3 9 2 0 7
9 11 2 2 3 7 3
18 9 0 2 1 6 4
16 18 0 4 1 4 5
2 16 7 8 3 0 7
4 5 0 8 1 0 11
10 19 0 2 1 8 2
2 10 12 6 6 0 7
9 10 0 2 1 7 3
1 19 10 4 6 1 4
0 8 0 8 1 0 9
0 1 0 8 1 0 9
6 8 0 8 1 0 2
1 12 4 6 2 1 4
5 7 0 7 1 1 10
3 18 10 6 4 0 5
7 17 0 7 1 3 2
