5 1 2 2 3 5 6 0
1 0 4 0 1 0 4 0
1 0 3 0 3 0 10 0
1 0 4 0 5 0 13 0
2 1 1 0 1 1 9 0
1 0 2 0 3 0 11 0
2 2 2 0 3 2 8 0
2 1 0 0 0 1 0 1
3 2 1 2 0 4 1 0
8 2 1 2 1 10 2 0
2 2 1 0 0 2 1 0
3 2 1 1 1 2 8 0
6 2 2 3 1 8 5 0
7 2 1 2 1 9 3 0
9 2 1 3 0 11 1 0
3 1 0 2 0 3 0 1
4 2 1 2 2 4 7 0
7 2 0 2 0 10 0 0
10 1 0 2 0 12 0 1
4 2 0 2 0 5 0 0
####
2 1 0 6 0 11 6 0 5 0
3 1 0 6 0 11 6 0 4 0
3 2 0 9 0 15 5 0 15 0
5 1 0 6 0 11 6 0 2 0
5 2 0 9 0 15 5 0 13 0
5 3 0 9 0 15 5 0 12 0
6 4 0 8 0 11 5 0 11 0
10 6 1 0 0 0 8 0 0 0
15 8 2 0 4 0 7 2 0 0
19 16 3 0 7 0 6 2 0 0
17 13 6 0 11 0 6 10 0 0
####
11 16 0 5 1 2 8
5 6 0 8 1 0 11
0 14 4 2 4 5 6
1 17 11 6 6 0 4
10 15 0 7 1 2 1
8 19 0 5 1 4 1
12 13 0 3 1 8 5
3 10 0 8 1 0 13
14 18 0 2 1 11 1
2 13 11 6 6 0 10
12 17 0 3 1 8 5
3 6 0 8 1 0 13
3 16 7 6 3 0 13
9 14 0 2 1 10 2
0 12 0 2 1 5 6
3 9 13 5 7 0 13
16 0 0 3 1 4 7
1 19 7 6 3 0 4
6 12 6 5 4 2 8
4 11 0 7 1 1 9
5 10 0 8 1 0 11
6 8 0 7 1 2 8
2 11 4 7 2 0 10
1 8 4 7 2 0 4
1 7 0 8 1 0 4
13 9 0 3 1 9 3
2 4 0 8 1 0 10
