1 0 2 0 2 0 11 0
4 1 3 2 3 6 7 0
1 0 4 0 3 0 7 0
1 0 3 0 3 0 14 0
6 2 1 3 1 8 5 0
2 1 0 0 0 1 0 1
1 0 2 0 3 0 10 0
7 2 1 2 1 9 4 0
2 1 2 0 3 1 12 0
8 2 1 3 1 10 3 0
9 2 1 2 1 12 2 0
2 2 2 0 2 2 9 0
10 2 1 2 0 13 1 0
3 2 2 1 0 3 2 0
4 2 0 2 0 5 0 0
11 1 0 2 0 14 0 1
3 2 1 3 3 5 8 0
5 2 1 3 1 7 6 0
4 2 0 2 0 4 0 0
2 1 0 0 0 1 0 1
####
2 0 0 10 0 15 5 0 11 0
3 0 0 10 0 15 5 0 18 0
3 2 0 10 0 15 5 0 11 0
6 0 0 10 0 15 5 0 18 0
6 2 0 10 0 15 5 0 11 0
6 3 0 10 0 15 5 0 18 0
8 5 1 0 0 0 8 0 0 0
11 8 0 9 0 11 5 0 16 0
16 13 2 0 4 0 6 2 0 0
14 1 3 0 6 0 7 2 0 0
18 14 3 0 6 0 7 2 0 0
18 1 3 0 6 0 7 4 0 0
####
11 16 0 6 1 2 9
4 7 0 2 1 8 5
8 13 0 6 1 1 12
2 18 6 7 3 0 7
0 14 6 7 3 0 11
1 17 0 4 1 6 7
2 19 0 8 1 0 7
6 7 11 5 6 0 10
10 12 0 2 1 12 2
0 11 0 8 1 0 11
2 13 4 6 2 0 7
8 16 0 6 1 1 12
6 11 0 8 1 0 10
1 4 1 4 2 6 7
2 10 13 5 8 0 7
9 10 0 2 1 10 3
1 9 3 4 4 6 7
17 4 0 2 1 7 6
3 5 0 8 1 0 14
7 9 0 2 1 9 4
12 15 0 2 1 13 1
11 17 5 5 3 2 9
3 12 14 5 9 0 14
13 14 0 5 1 3 2
16 1 0 5 1 5 8
3 8 0 8 1 0 14
13 18 0 5 1 3 2
