4 1 3 2 2 5 12 0
1 0 2 0 1 0 6 0
1 0 4 0 6 0 15 0
1 0 3 0 2 0 14 0
1 0 2 0 2 0 15 0
5 1 2 1 2 6 10 0
5 1 0 1 0 6 0 1
6 2 2 1 3 7 8 0
8 2 1 2 1 11 2 0
6 2 1 1 1 8 4 0
2 2 1 0 1 2 14 0
7 2 2 2 1 8 3 0
8 2 0 2 0 9 0 0
2 1 0 0 0 1 0 1
7 2 1 3 1 10 3 0
9 2 1 2 0 12 1 0
10 1 0 2 0 13 0 1
8 2 1 2 0 9 1 0
9 2 0 3 0 10 0 0
3 2 1 2 3 4 13 0
####
2 1 0 9 0 15 5 0 13 0
3 1 0 9 0 15 5 0 12 0
3 2 0 9 0 15 5 0 17 0
4 1 0 9 0 15 5 0 13 0
4 2 0 9 0 15 5 0 18 0
4 3 0 9 0 15 5 0 17 0
6 5 4 0 4 0 6 6 0 0
9 7 5 4 6 7 7 8 6 1
14 11 6 0 8 0 6 11 0 0
12 8 7 0 10 0 7 13 0 0
17 12 7 0 10 0 7 12 0 0
17 8 7 0 10 0 7 13 0 0
18 15 8 0 13 0 6 15 0 0
####
5 9 0 4 1 6 10
19 0 0 2 1 4 13
7 11 0 4 1 7 8
8 15 0 5 1 11 2
4 10 0 6 1 0 15
7 14 0 4 1 7 8
9 14 0 4 1 8 4
1 13 0 6 1 0 6
10 19 0 3 1 2 14
0 18 9 3 5 5 12
2 10 0 6 1 0 15
0 5 0 3 1 5 12
3 19 2 5 2 0 14
1 9 6 6 5 0 6
11 12 0 5 1 8 3
17 18 0 5 1 9 1
2 7 6 6 5 0 15
11 17 0 5 1 8 3
3 12 10 7 7 0 14
5 7 0 4 1 6 10
2 11 8 6 6 0 15
4 17 10 7 7 0 15
3 8 10 7 7 0 14
0 6 0 3 1 5 12
2 15 13 6 8 0 15
15 16 0 3 1 12 1
14 8 0 5 1 10 3
