1 0 4 0 4 0 12 0
1 0 1 0 1 0 3 0
1 0 4 0 2 0 7 0
1 0 2 0 2 0 4 0
2 1 1 0 1 1 5 0
3 2 1 1 1 3 4 0
2 1 0 0 0 1 0 1
1 0 4 0 4 0 8 0
6 2 1 2 0 8 1 0
2 2 2 0 1 2 4 0
2 2 1 0 0 2 1 0
3 2 0 2 0 3 0 0
3 2 1 2 1 3 2 0
2 1 0 0 0 1 0 1
7 2 0 2 0 9 0 0
4 2 1 2 1 4 3 0
4 2 1 2 0 5 1 0
3 1 0 2 0 3 0 1
5 2 1 2 1 6 2 0
5 1 0 2 0 6 0 1
####
1 0 0 6 0 14 6 0 7 0
2 0 0 6 0 14 6 0 9 0
2 1 0 6 0 14 6 0 6 0
3 0 0 6 0 14 6 0 6 0
3 1 0 6 0 14 6 0 3 0
3 2 0 6 0 14 6 0 5 0
7 0 0 4 0 11 7 0 6 0
7 2 0 2 0 5 9 0 2 0
7 3 0 4 0 11 7 0 4 0
6 4 1 0 0 0 10 0 0 0
9 4 1 0 0 0 10 0 0 0
9 6 1 0 0 0 10 0 0 0
10 9 1 0 0 0 10 0 0 0
13 9 1 0 0 0 10 0 0 0
13 10 1 0 0 0 10 0 0 0
11 5 2 0 5 0 9 1 0 0
12 5 2 0 5 0 9 2 0 0
12 11 2 0 5 0 9 2 0 0
17 5 2 0 5 0 9 2 0 0
17 11 2 0 5 0 9 2 0 0
17 12 2 0 5 0 9 2 0 0
16 15 3 0 9 0 7 4 0 0
19 18 4 0 11 0 7 6 0 0
####
10 11 0 9 1 2 1
7 12 5 9 2 0 8
12 16 0 6 1 3 2
18 8 0 3 1 6 2
2 5 5 9 2 0 7
8 14 0 2 1 8 1
0 15 9 7 3 0 12
9 17 0 9 1 2 4
7 10 0 10 1 0 8
0 4 0 10 1 0 12
3 16 9 7 3 0 4
15 18 0 4 1 4 3
4 5 0 9 1 1 5
2 10 0 10 1 0 7
5 15 0 6 1 3 4
16 19 0 4 1 5 1
2 14 14 6 6 0 7
7 9 0 10 1 0 8
7 13 0 10 1 0 8
2 11 5 9 2 0 7
1 18 11 7 4 0 3
3 8 13 6 5 0 4
0 6 0 10 1 0 12
0 9 0 10 1 0 12
9 12 0 9 1 2 4
