1 0 2 0 3 0 7 0
2 1 2 0 1 1 3 0
1 0 4 0 4 0 14 0
1 0 3 0 3 0 11 0
1 0 3 0 5 0 15 0
2 1 1 0 1 1 14 0
7 2 2 2 3 8 8 0
3 2 1 1 1 3 13 0
4 2 1 2 1 4 12 0
5 2 1 2 2 5 11 0
8 2 2 2 1 9 3 0
8 2 1 2 1 9 3 0
9 2 1 3 0 12 1 0
9 2 1 2 1 11 2 0
9 2 0 3 0 12 0 0
10 2 1 2 0 12 1 0
6 2 2 2 2 7 10 0
10 2 0 2 0 13 0 0
11 1 0 2 0 13 0 1
7 1 0 2 0 8 0 1
####
2 0 0 10 0 15 5 0 10 0
3 0 0 10 0 15 5 0 7 0
3 2 0 10 0 15 5 0 13 0
4 0 0 10 0 15 5 0 11 0
4 2 0 10 0 15 5 0 17 0
4 3 0 10 0 15 5 0 14 0
5 1 0 8 0 11 4 0 8 0
19 6 6 0 6 0 6 8 0 0
11 10 7 0 8 0 6 10 0 0
13 12 8 0 10 0 7 1 0 0
14 12 8 0 10 0 7 2 0 0
14 13 8 0 10 0 7 1 0 0
17 15 9 0 13 0 6 3 0 0
####
3 15 13 6 9 0 11
16 6 0 3 1 7 10
2 8 3 5 3 0 14
8 9 0 2 1 4 12
3 17 13 6 9 0 11
2 9 4 5 4 0 14
6 10 0 4 1 8 8
1 14 8 5 7 1 3
10 12 0 5 1 9 3
12 17 0 5 1 12 1
15 18 0 3 1 12 1
3 16 5 5 5 0 11
11 13 0 5 1 9 3
4 10 8 6 7 0 15
6 11 0 4 1 8 8
4 5 0 6 1 0 15
13 15 0 5 1 11 2
9 16 0 2 1 5 11
16 19 0 3 1 7 10
0 1 0 6 1 0 7
2 7 2 5 2 0 14
4 6 6 6 6 0 15
1 12 8 5 7 1 3
5 7 0 3 1 1 14
2 11 8 6 7 0 14
0 13 10 7 8 0 7
10 14 0 5 1 9 3
7 8 0 2 1 3 13
