1 0 2 0 3 0 7 0
2 1 2 0 2 1 3 0
1 0 3 0 2 0 4 0
1 0 2 0 2 0 6 0
3 2 1 1 1 3 2 0
2 2 1 0 1 2 3 0
3 2 1 2 1 4 2 0
4 2 1 3 0 4 1 0
4 2 1 2 0 5 1 0
5 2 0 4 0 9 0 0
2 1 0 0 0 1 0 1
####
2 0 0 4 0 7 4 0 8 0
3 0 0 4 0 7 4 0 11 0
3 2 0 4 0 7 4 0 7 0
5 1 1 3 0 4 7 0 4 1
6 4 2 2 3 2 6 2 2 1
8 7 3 1 5 0 6 4 0 1
####
0 1 0 6 1 0 7
4 7 0 4 1 3 2
2 6 3 5 2 0 4
3 5 0 6 1 0 6
6 8 0 4 1 4 2
5 6 0 5 1 2 3
2 8 5 5 3 0 4
1 4 0 5 1 1 3
2 10 0 6 1 0 4
8 9 0 3 1 5 1
0 5 0 6 1 0 7
1 7 2 5 2 1 3
3 4 3 5 2 0 6
7 9 0 3 1 4 1
