1 0 3 0 3 0 8 0
1 0 2 0 1 0 2 0
1 0 3 0 2 0 6 0
1 0 1 0 1 0 5 0
2 2 1 0 1 2 4 0
2 1 1 0 1 1 2 0
3 2 1 2 1 3 3 0
4 2 1 2 1 5 2 0
3 2 1 1 0 3 1 0
5 2 1 2 0 7 1 0
2 1 0 0 0 1 0 1
4 1 0 2 0 4 0 1
6 2 0 2 0 8 0 0
####
1 0 0 5 0 8 5 0 5 0
2 0 0 5 0 8 5 0 6 0
2 1 0 5 0 8 5 0 3 0
3 0 0 5 0 8 5 0 8 0
3 1 0 5 0 8 5 0 5 0
3 2 0 5 0 8 5 0 6 0
5 4 1 0 0 0 7 0 0 0
8 6 2 0 3 0 6 2 0 0
11 7 3 0 5 0 6 4 0 0
####
2 7 5 6 3 0 6
6 7 0 4 1 3 3
4 6 0 5 1 2 4
1 12 8 5 5 0 2
2 8 3 6 2 0 6
8 11 0 4 1 3 1
2 10 0 7 1 0 6
0 6 3 6 2 0 8
9 12 0 2 1 7 1
0 5 0 7 1 0 8
1 9 7 5 4 0 2
0 4 0 7 1 0 8
3 4 0 7 1 0 5
5 8 0 5 1 1 2
7 9 0 3 1 5 2
