1 0 3 0 2 0 9 0
1 0 3 0 3 0 8 0
1 0 2 0 3 0 7 0
2 1 1 0 1 1 8 0
3 2 1 1 2 3 7 0
4 2 2 2 2 5 6 0
5 2 1 2 1 6 3 0
6 2 1 2 1 7 2 0
7 2 1 2 0 8 1 0
5 2 1 2 0 6 1 0
6 1 0 2 0 7 0 1
8 2 0 2 0 9 0 0
####
1 0 0 7 0 8 4 0 11 0
2 0 0 7 0 8 4 0 10 0
2 1 0 7 0 8 4 0 9 0
9 6 4 0 3 0 5 6 0 0
10 7 5 0 5 0 5 8 0 0
####
7 8 0 3 1 7 2
5 9 0 3 1 5 6
6 7 0 4 1 6 3
4 5 0 2 1 3 7
5 6 0 3 1 5 6
8 11 0 2 1 8 1
2 8 7 4 6 0 7
1 4 1 4 2 0 8
0 7 5 5 5 0 9
9 10 0 4 1 6 1
0 11 8 4 7 0 9
2 5 2 4 3 0 7
1 6 3 5 4 0 8
1 9 3 5 4 0 8
0 3 0 4 1 0 9
3 4 0 2 1 1 8
