1 0 3 0 2 0 6 0
1 0 4 0 5 0 9 0
2 1 2 0 3 1 7 0
3 2 2 1 1 2 4 0
3 2 1 1 1 3 3 0
4 2 1 2 1 4 2 0
4 2 0 2 0 4 0 0
5 2 1 4 0 7 1 0
6 1 0 2 0 8 0 1
4 2 1 2 1 4 2 0
2 1 0 0 0 1 0 1
####
1 0 0 5 0 8 3 0 10 0
10 2 1 0 0 0 4 0 0 0
4 3 2 3 2 4 5 2 4 1
6 5 3 0 4 0 5 1 0 0
9 5 3 2 4 1 6 1 2 1
9 6 3 0 4 0 5 0 0 0
####
1 2 0 4 1 0 9
1 3 2 4 2 0 9
4 5 0 5 1 3 3
5 7 0 4 1 4 2
1 10 0 4 1 0 9
1 5 4 5 3 0 9
0 6 4 5 3 0 6
3 9 0 5 1 2 4
2 3 0 4 1 1 7
3 6 0 5 1 2 4
0 4 2 4 2 0 6
0 9 4 5 3 0 6
7 8 0 2 1 7 1
2 4 0 4 1 1 7
9 7 0 4 1 4 2
