1 0 4 0 4 0 7 0
1 0 3 0 3 0 9 0
1 0 2 0 2 0 5 0
1 0 3 0 3 0 12 0
8 2 1 2 2 10 3 0
2 1 0 0 0 1 0 1
1 0 2 0 2 0 13 0
4 2 1 2 1 5 7 0
9 2 2 2 1 11 2 0
5 2 1 2 1 6 6 0
10 2 1 2 0 13 1 0
6 2 1 2 1 8 5 0
2 2 1 0 1 2 9 0
11 2 0 4 0 14 0 0
2 2 1 0 1 2 2 0
3 2 1 2 0 4 1 0
7 2 1 2 1 9 4 0
4 1 0 2 0 5 0 1
3 2 1 2 1 4 8 0
####
1 0 0 10 0 13 6 0 13 0
2 0 0 10 0 13 6 0 6 0
2 1 0 10 0 13 6 0 9 0
3 0 0 10 0 13 6 0 14 0
3 1 0 10 0 13 6 0 17 0
3 2 0 10 0 13 6 0 10 0
6 0 0 10 0 13 6 0 14 0
6 1 0 10 0 13 6 0 17 0
6 2 0 10 0 13 6 0 10 0
6 3 0 10 0 13 6 0 18 0
14 12 1 0 0 0 8 0 0 0
18 15 2 0 3 0 7 1 0 0
17 7 3 0 5 0 7 3 0 0
####
11 16 0 2 1 8 5
3 15 3 7 2 0 12
8 13 1 2 2 11 2
4 8 0 2 1 10 3
0 16 9 6 6 0 7
6 14 0 8 1 0 13
8 10 0 2 1 11 2
0 11 8 6 5 0 7
9 11 0 2 1 6 6
16 4 0 2 1 9 4
10 13 0 2 1 13 1
1 4 10 6 7 0 9
2 10 12 6 9 0 5
12 18 0 5 1 2 9
3 9 7 6 4 0 12
0 5 0 8 1 0 7
14 15 0 5 1 2 2
6 12 0 8 1 0 13
2 14 0 8 1 0 5
0 8 11 6 8 0 7
7 9 0 3 1 5 7
15 17 0 4 1 4 1
3 12 0 8 1 0 12
1 18 3 7 2 0 9
18 7 0 4 1 4 8
1 7 5 7 3 0 9
