1 0 2 0 2 0 8 0
1 0 3 0 2 0 4 0
2 1 2 0 2 1 6 0
1 0 2 0 2 0 6 0
3 2 1 1 1 3 2 0
3 2 1 1 1 3 2 0
2 1 0 0 0 1 0 1
4 2 1 2 0 5 1 0
4 2 1 2 0 5 1 0
5 2 0 2 0 6 0 0
5 1 0 2 0 6 0 1
####
1 0 0 4 0 6 5 0 4 0
3 0 0 4 0 6 5 0 5 0
3 1 0 4 0 6 5 0 3 0
6 2 1 0 0 0 5 0 0 0
5 4 2 0 2 0 5 2 0 0
8 7 3 0 4 0 5 4 0 0
10 9 4 0 6 0 5 6 0 0
####
4 7 0 4 1 3 2
0 2 0 5 1 0 8
8 9 0 4 1 5 1
0 6 0 5 1 0 8
1 8 4 5 3 0 4
1 9 6 5 4 0 4
7 10 0 4 1 5 1
1 7 4 5 3 0 4
2 5 0 4 1 1 6
3 4 2 5 2 0 6
2 4 0 4 1 1 6
5 8 0 4 1 3 2
3 5 2 5 2 0 6
