1 0 2 0 4 0 7 0
1 0 3 0 3 0 9 0
1 0 3 0 3 0 8 0
1 0 1 0 1 0 4 0
1 0 2 0 2 0 4 0
2 1 2 0 3 1 6 0
2 1 2 0 3 1 7 0
3 2 2 1 1 2 3 0
3 2 2 1 1 3 4 0
2 2 1 0 1 2 3 0
4 2 1 4 1 7 2 0
3 2 1 1 0 3 1 0
4 2 1 2 0 4 1 0
4 2 0 3 0 7 0 0
5 2 0 2 0 6 0 0
3 2 1 1 0 2 1 0
4 1 0 2 0 3 0 1
6 1 0 2 0 9 0 1
5 2 1 2 0 8 1 0
4 1 0 2 0 3 0 1
####
1 0 0 4 0 12 7 0 3 0
2 0 0 4 0 12 7 0 4 0
2 1 0 5 0 14 6 0 7 0
3 1 0 5 0 14 6 0 7 0
3 2 0 5 0 14 6 0 6 0
4 1 0 5 0 14 6 0 7 0
4 2 0 5 0 14 6 0 6 0
4 3 0 5 0 14 6 0 6 0
6 5 0 2 0 4 8 0 2 0
9 6 0 4 0 11 4 0 5 0
11 7 2 0 3 0 9 2 0 0
11 8 2 1 3 0 14 0 0 1
15 8 2 0 3 0 9 2 0 0
12 10 3 0 7 0 10 1 0 0
13 10 3 0 7 0 10 4 0 0
13 12 3 0 7 0 10 4 0 0
16 12 3 0 7 0 10 4 0 0
16 13 3 0 7 0 10 4 0 0
19 10 3 0 7 0 10 4 0 0
19 13 3 0 7 0 10 4 0 0
18 14 4 0 12 0 7 3 0 0
####
8 13 0 9 1 3 4
7 12 0 9 1 2 3
4 18 12 7 4 0 4
2 8 3 9 2 0 8
0 7 3 9 2 0 7
1 15 3 9 2 0 9
7 16 0 9 1 2 3
2 12 7 10 3 0 8
1 6 0 8 1 0 9
15 19 0 9 1 2 1
4 9 0 8 1 0 4
1 14 12 7 4 0 9
8 10 0 9 1 3 4
10 18 0 7 1 7 2
6 15 0 7 1 1 7
11 13 0 9 1 3 1
12 14 0 7 1 4 1
5 11 0 7 1 1 6
18 17 0 3 1 8 1
9 10 4 8 2 2 3
3 9 0 8 1 0 4
0 5 0 8 1 0 7
6 8 0 7 1 1 7
5 7 0 7 1 1 6
2 11 3 9 2 0 8
