1 0 2 0 2 0 3 0
1 0 3 0 2 0 7 0
1 0 3 0 2 0 7 0
2 2 1 0 1 2 2 0
2 2 1 0 1 2 2 0
2 2 1 0 1 2 3 0
3 2 1 2 1 4 2 0
3 2 1 2 0 4 1 0
4 2 1 2 0 5 1 0
5 2 0 4 0 9 0 0
####
1 0 0 4 0 6 4 0 8 0
2 0 0 4 0 6 4 0 8 0
2 1 0 4 0 6 4 0 12 0
4 3 1 3 0 3 7 0 2 1
5 3 1 3 0 3 7 0 3 1
5 4 1 3 0 3 7 0 3 1
7 6 2 2 3 1 6 3 1 1
####
4 7 0 5 1 2 2
1 3 0 6 1 0 7
6 8 0 3 1 4 2
5 6 0 5 1 2 3
1 4 0 6 1 0 7
8 9 0 2 1 5 1
1 5 0 6 1 0 7
0 6 3 5 2 0 3
2 3 0 6 1 0 7
3 7 0 5 1 2 2
2 5 0 6 1 0 7
0 8 5 4 3 0 3
2 4 0 6 1 0 7
7 9 1 3 2 4 1
