1 0 3 0 2 0 7 0
1 0 3 0 3 0 6 0
1 0 2 0 2 0 8 0
2 1 0 0 0 1 0 1
2 1 2 0 2 1 7 0
3 2 1 1 1 3 2 0
4 2 1 2 1 5 2 0
5 2 1 2 0 6 1 0
4 2 1 2 0 5 1 0
5 2 0 2 0 6 0 0
6 1 0 2 0 7 0 1
3 2 1 1 1 3 3 0
####
1 0 0 5 0 8 4 0 5 0
2 0 0 5 0 8 4 0 7 0
2 1 0 5 0 8 4 0 6 0
11 5 2 0 2 0 5 2 0 0
8 6 3 0 4 0 5 1 0 0
9 7 4 0 6 0 5 3 0 0
####
4 11 0 4 1 1 7
6 7 0 4 1 5 2
11 6 0 4 1 3 3
2 9 6 5 4 0 8
4 5 0 4 1 1 7
8 9 0 4 1 5 1
1 5 2 5 2 0 6
0 11 2 5 2 0 7
1 6 4 5 3 0 6
7 10 0 3 1 6 1
1 7 6 5 4 0 6
0 3 0 5 1 0 7
0 8 4 5 3 0 7
2 4 0 5 1 0 8
5 8 0 4 1 3 2
