1 0 3 0 3 0 7 0
1 0 2 0 3 0 8 0
1 0 2 0 1 0 3 0
2 1 2 0 2 1 7 0
3 2 1 1 1 3 2 0
4 2 1 2 0 4 1 0
3 2 1 1 1 3 3 0
5 2 1 2 0 6 1 0
4 2 1 2 1 4 2 0
5 2 0 2 0 6 0 0
6 1 0 2 0 7 0 1
####
1 0 0 5 0 7 4 0 7 0
2 0 0 5 0 7 4 0 4 0
2 1 0 5 0 7 4 0 5 0
6 4 2 0 1 0 5 0 0 0
8 5 3 0 3 0 5 2 0 0
9 7 4 0 5 0 5 4 0 0
####
2 7 5 5 4 0 3
5 9 0 4 1 4 1
1 3 0 4 1 0 8
6 8 0 4 1 3 3
2 9 5 5 4 0 3
4 5 0 4 1 3 2
0 6 1 5 2 0 7
1 8 3 5 3 0 8
0 5 3 5 3 0 7
0 4 1 5 2 0 7
7 10 0 3 1 6 1
8 7 0 4 1 4 2
3 6 0 3 1 1 7
3 4 0 3 1 1 7
