1 0 3 0 3 0 4 0
1 0 2 0 1 0 6 0
1 0 3 0 3 0 9 0
2 1 2 0 2 1 7 0
3 2 1 1 1 3 4 0
2 1 0 0 0 1 0 1
5 2 1 2 1 6 2 0
6 2 1 2 0 7 1 0
7 1 0 2 0 8 0 1
3 2 1 1 0 2 1 0
4 2 1 2 1 5 3 0
4 2 0 2 0 4 0 0
####
1 0 0 6 0 8 4 0 7 0
2 0 0 6 0 8 4 0 8 0
2 1 0 6 0 8 4 0 9 0
5 3 1 0 0 0 5 0 0 0
9 4 2 0 2 0 5 2 0 0
11 10 3 0 4 0 5 1 0 0
####
7 8 0 2 1 7 1
4 10 0 4 1 3 4
6 7 0 2 1 6 2
2 9 2 5 2 0 9
10 6 0 3 1 5 3
0 7 7 4 5 0 4
1 4 2 5 2 0 6
0 6 6 4 4 0 4
3 9 0 4 1 1 7
2 3 0 5 1 0 9
0 10 4 5 3 0 4
9 11 0 4 1 2 1
2 5 0 5 1 0 9
1 11 4 5 3 0 6
3 4 0 4 1 1 7
