1 0 4 0 4 0 9 0
1 0 3 0 2 0 4 0
1 0 3 0 3 0 9 0
2 2 1 0 1 2 3 0
3 2 1 2 1 3 2 0
2 2 1 0 0 2 1 0
3 1 0 2 0 3 0 1
4 2 1 2 0 5 1 0
3 2 1 2 0 4 1 0
5 1 0 2 0 6 0 1
4 2 0 2 0 5 0 0
2 2 1 0 1 2 2 0
####
1 0 0 4 0 8 4 0 4 0
2 0 0 4 0 8 4 0 6 0
2 1 0 4 0 8 4 0 4 0
5 3 1 0 0 0 6 0 0 0
11 3 1 0 0 0 6 0 0 0
11 5 1 0 0 0 6 0 0 0
6 4 2 0 3 0 6 2 0 0
8 4 2 0 3 0 6 2 0 0
8 6 2 0 3 0 6 2 0 0
10 7 3 0 6 0 5 4 0 0
####
4 7 0 5 1 3 2
5 6 0 6 1 2 1
11 8 0 6 1 2 2
2 11 0 6 1 0 9
8 10 0 5 1 4 1
1 8 3 6 2 0 4
0 11 0 6 1 0 9
0 5 0 6 1 0 9
0 4 3 6 2 0 9
2 5 0 6 1 0 9
1 7 6 5 3 0 4
1 10 6 5 3 0 4
2 3 0 6 1 0 9
0 3 0 6 1 0 9
3 4 0 6 1 2 3
7 9 0 3 1 5 1
