1 0 3 0 1 0 6 0
1 0 3 0 3 0 9 0
1 0 3 0 3 0 8 0
2 1 1 0 2 1 8 0
4 2 1 2 1 5 4 0
5 2 1 2 1 6 3 0
4 2 1 2 1 4 3 0
5 2 1 2 1 5 2 0
6 2 1 2 1 7 2 0
7 2 1 3 0 10 1 0
8 2 0 2 0 11 0 0
3 2 2 1 2 3 7 0
2 1 0 0 0 1 0 1
####
1 0 0 7 0 9 4 0 12 0
2 0 0 7 0 9 4 0 11 0
2 1 0 7 0 9 4 0 15 0
6 4 3 4 3 4 6 4 5 1
7 5 4 3 5 2 6 6 3 1
####
2 7 5 5 4 0 8
1 3 0 5 1 0 9
6 7 0 4 1 4 3
11 4 0 3 1 3 7
11 6 0 3 1 3 7
4 5 0 4 1 5 4
2 8 7 4 5 0 8
2 11 2 4 2 0 8
3 11 0 3 1 1 8
0 12 0 5 1 0 6
9 10 0 2 1 10 1
1 5 5 5 4 0 9
8 9 0 2 1 7 2
1 6 3 5 3 0 9
0 10 9 4 7 0 6
0 4 3 5 3 0 6
5 8 0 3 1 6 3
7 9 1 3 2 5 2
