1 0 3 0 3 0 6 0
1 0 2 0 2 0 6 0
1 0 3 0 3 0 8 0
2 2 2 0 1 2 3 0
2 2 1 0 1 2 2 0
3 2 1 3 0 5 1 0
4 2 0 2 0 6 0 0
2 2 1 0 1 2 2 0
3 2 1 2 0 4 1 0
4 1 0 2 0 5 0 1
3 1 0 2 0 3 0 1
####
1 0 0 3 0 6 5 0 3 0
2 0 0 3 0 6 5 0 3 0
2 1 0 3 0 6 5 0 4 0
4 3 1 2 0 3 8 0 2 1
7 3 1 0 0 0 6 0 0 0
7 4 1 0 0 0 6 0 0 0
8 5 2 0 3 0 6 1 0 0
10 5 2 0 3 0 6 2 0 0
10 8 2 0 3 0 6 1 0 0
9 6 3 0 6 0 5 3 0 0
####
2 7 0 6 1 0 8
4 5 0 6 1 2 2
5 6 0 5 1 5 1
3 10 0 6 1 2 3
1 4 0 6 1 0 6
8 9 0 5 1 4 1
0 6 6 5 3 0 6
2 3 0 6 1 0 8
1 7 0 6 1 0 6
0 3 0 6 1 0 6
0 8 3 6 2 0 6
7 8 0 6 1 2 2
2 4 0 6 1 0 8
3 5 0 6 1 2 3
