1 0 3 0 4 0 9 0
1 0 3 0 2 0 5 0
1 0 2 0 2 0 5 0
2 1 2 0 2 1 8 0
3 2 1 1 1 2 4 0
3 2 1 1 1 3 2 0
4 2 1 2 0 5 1 0
4 2 1 2 1 3 3 0
6 2 1 2 0 7 1 0
5 2 0 2 0 6 0 0
7 1 0 2 0 8 0 1
5 2 1 2 1 5 2 0
####
1 0 0 6 0 8 4 0 7 0
2 0 0 6 0 8 4 0 6 0
2 1 0 6 0 8 4 0 3 0
5 4 2 0 1 0 5 2 0 0
7 6 3 0 3 0 5 4 0 0
11 9 4 0 5 0 5 6 0 0
####
4 7 0 4 1 2 4
6 9 0 4 1 5 1
5 6 0 4 1 3 2
11 8 0 3 1 5 2
2 8 7 4 5 0 5
8 10 0 2 1 7 1
0 7 3 5 3 0 9
2 5 1 5 2 0 5
1 6 3 5 3 0 5
1 9 5 5 4 0 5
0 4 1 5 2 0 9
7 11 0 4 1 3 3
0 3 0 4 1 0 9
1 11 5 5 4 0 5
3 4 0 3 1 1 8
3 5 0 3 1 1 8
