1 0 2 0 2 0 4 0
1 0 3 0 3 0 5 0
1 0 2 0 2 0 6 0
1 0 1 0 1 0 4 0
2 1 2 0 1 1 4 0
3 2 1 1 1 3 2 0
3 2 1 2 1 4 2 0
4 2 1 2 0 4 1 0
2 2 1 0 1 2 3 0
4 2 1 2 0 5 1 0
3 2 0 1 0 2 0 0
5 1 0 2 0 5 0 1
5 1 0 2 0 6 0 1
####
2 0 0 4 0 7 6 0 5 0
2 1 0 4 0 7 6 0 5 0
3 0 0 4 0 7 6 0 6 0
3 2 0 4 0 7 6 0 5 0
6 5 2 0 2 0 7 0 0 0
10 5 2 0 2 0 7 2 0 0
9 7 3 0 5 0 6 2 0 0
12 11 4 0 7 0 6 4 0 0
####
4 10 0 5 1 1 4
6 9 0 5 1 4 2
2 6 2 7 2 0 6
0 9 5 6 3 0 4
8 6 0 5 1 2 3
4 5 0 5 1 1 4
5 7 0 5 1 3 2
1 4 0 6 1 0 5
3 8 0 6 1 0 4
1 7 5 6 3 0 5
1 10 2 7 2 0 5
7 11 0 4 1 4 1
2 5 2 7 2 0 6
0 8 0 6 1 0 4
9 12 0 4 1 5 1
