1 0 3 0 3 0 11 0
1 0 3 0 4 0 7 0
1 0 2 0 3 0 12 0
6 2 2 2 3 7 6 0
2 1 2 0 2 1 11 0
3 2 1 1 1 3 9 0
3 2 1 1 1 3 6 0
7 2 1 4 2 9 5 0
8 2 2 4 2 10 4 0
9 2 2 2 0 11 2 0
4 2 1 2 1 4 8 0
10 1 0 2 0 12 0 1
5 2 1 2 2 5 7 0
10 2 0 2 0 12 0 0
9 1 0 2 0 11 0 1
####
1 0 0 9 0 10 5 0 12 0
2 0 0 9 0 10 5 0 17 0
2 1 0 9 0 10 5 0 13 0
6 5 2 7 1 7 7 0 9 1
14 9 8 0 8 0 5 14 0 0
13 11 9 0 10 0 5 16 0 0
####
1 3 5 4 5 0 7
8 9 0 3 1 10 4
0 10 3 4 3 0 11
2 12 4 4 4 0 12
3 7 0 2 1 7 6
8 14 0 3 1 10 4
6 7 3 3 4 3 6
10 12 0 2 1 4 8
9 11 0 4 1 11 2
12 3 0 2 1 5 7
4 5 0 3 1 1 11
1 13 10 5 9 0 7
0 5 1 5 2 0 11
1 9 8 5 8 0 7
9 13 0 4 1 11 2
5 10 0 3 1 3 9
4 6 0 3 1 1 11
3 8 1 2 2 7 6
0 6 1 5 2 0 11
7 8 0 2 1 9 5
2 4 0 4 1 0 12
