1 0 3 0 3 0 7 0
1 0 2 0 2 0 6 0
1 0 3 0 1 0 5 0
1 0 2 0 3 0 7 0
2 2 1 0 1 2 2 0
2 1 0 0 0 1 0 1
5 2 1 3 0 7 1 0
2 2 2 0 1 2 5 0
6 2 0 2 0 9 0 0
3 2 1 1 0 3 1 0
3 1 0 2 0 3 0 1
4 1 0 2 0 4 0 1
3 2 1 2 1 4 3 0
2 1 1 0 1 1 2 0
4 2 1 2 1 5 2 0
####
1 0 0 5 0 10 5 0 8 0
2 0 0 5 0 10 5 0 5 0
2 1 0 5 0 10 5 0 3 0
3 0 0 5 0 10 5 0 10 0
3 1 0 5 0 10 5 0 8 0
3 2 0 5 0 10 5 0 5 0
7 4 1 4 0 6 9 0 4 1
13 5 1 0 0 0 8 0 0 0
12 10 2 0 4 0 7 2 0 0
12 9 2 0 4 0 7 0 0 0
14 11 3 0 7 0 6 2 0 0
####
6 8 0 2 1 7 1
1 12 4 7 2 0 6
4 6 5 5 3 2 2
7 12 0 7 1 2 5
0 14 7 6 3 0 7
12 14 0 5 1 4 3
2 8 10 5 5 0 5
0 7 0 8 1 0 7
14 6 0 3 1 5 2
2 13 0 8 1 0 5
9 11 0 5 1 3 1
13 9 0 7 1 1 2
7 10 0 7 1 2 5
0 4 0 8 1 0 7
1 9 4 7 2 0 6
3 7 0 8 1 0 7
2 5 0 8 1 0 5
3 4 0 8 1 0 7
