1 0 4 0 2 0 6 0
1 0 2 0 2 0 4 0
1 0 3 0 4 0 9 0
2 1 2 0 2 1 8 0
3 2 1 1 1 2 5 0
2 1 0 0 0 1 0 1
5 2 1 2 1 5 3 0
6 2 1 2 1 6 2 0
3 2 1 1 0 3 1 0
7 2 1 2 0 8 1 0
8 2 0 2 0 9 0 0
4 2 1 2 1 4 4 0
4 1 0 2 0 4 0 1
####
1 0 0 7 0 9 4 0 5 0
2 0 0 7 0 9 4 0 10 0
2 1 0 7 0 9 4 0 7 0
8 4 2 0 2 0 5 2 0 0
12 11 3 0 4 0 5 4 0 0
####
4 11 0 4 1 2 5
2 6 6 4 4 0 9
6 7 0 2 1 5 3
8 12 0 4 1 3 1
0 7 7 4 5 0 6
9 10 0 2 1 8 1
3 8 0 4 1 1 8
1 8 2 5 2 0 4
0 11 4 5 3 0 6
2 3 0 5 1 0 9
0 10 9 4 7 0 6
0 5 0 5 1 0 6
1 9 8 4 6 0 4
3 4 0 4 1 1 8
2 4 2 5 2 0 9
11 6 0 3 1 4 4
7 9 0 2 1 6 2
