1 0 3 0 4 0 9 0
1 0 2 0 2 0 5 0
1 0 3 0 2 0 3 0
2 1 1 0 1 1 5 0
2 2 1 0 1 2 2 0
3 2 1 1 1 3 4 0
4 2 1 2 2 4 3 0
5 2 2 2 0 5 2 0
3 2 1 2 0 3 1 0
4 2 0 2 0 4 0 0
6 1 0 2 0 6 0 1
6 1 0 2 0 6 0 1
####
1 0 0 5 0 7 5 0 7 0
2 0 0 3 0 4 5 0 4 0
4 3 1 0 0 0 5 0 0 0
8 5 2 0 2 0 5 2 0 0
9 6 3 0 4 0 5 4 0 0
11 10 5 0 7 0 5 8 0 0
####
6 7 0 3 1 4 3
2 9 4 5 3 0 3
4 8 0 4 1 2 2
5 6 0 4 1 3 4
2 8 2 5 2 0 3
0 7 6 4 4 0 9
8 9 0 4 1 3 1
1 5 2 5 2 0 5
1 6 4 5 3 0 5
7 10 0 3 1 5 2
0 4 0 5 1 0 9
7 11 0 3 1 5 2
0 3 0 5 1 0 9
2 4 0 5 1 0 3
3 5 0 4 1 1 5
