1 0 3 0 2 0 7 0
1 0 2 0 2 0 5 0
2 1 2 0 1 1 4 0
1 0 3 0 3 0 7 0
2 1 0 0 0 1 0 1
2 2 1 0 1 2 2 0
3 2 1 2 1 4 2 0
4 2 1 4 0 7 1 0
2 2 1 0 0 2 1 0
2 2 1 0 1 2 3 0
5 1 0 2 0 8 0 1
3 2 0 3 0 5 0 0
####
1 0 0 4 0 8 4 0 6 0
3 0 0 4 0 8 4 0 8 0
3 1 0 4 0 8 4 0 6 0
4 2 1 0 0 0 8 0 0 0
5 2 0 3 0 3 6 0 3 0
8 2 0 1 0 0 7 0 0 0
8 5 1 0 0 0 8 0 0 0
9 2 1 3 0 3 9 0 4 1
9 4 1 0 0 0 8 0 0 0
9 5 1 3 0 3 9 0 3 1
9 8 1 0 0 0 8 0 0 0
11 6 2 0 5 0 5 3 0 0
####
2 6 0 7 1 1 4
6 7 0 3 1 4 2
8 11 0 7 1 2 1
5 7 2 6 2 2 2
2 11 0 7 1 1 4
3 8 0 8 1 0 7
1 5 0 8 1 0 5
1 8 0 8 1 0 5
3 9 0 8 1 0 7
7 10 0 2 1 7 1
0 4 0 8 1 0 7
0 9 0 8 1 0 7
9 6 0 7 1 2 3
0 2 0 8 1 0 7
3 5 0 8 1 0 7
