1 0 3 0 2 0 5 0
1 0 3 0 4 0 15 0
1 0 2 0 1 0 4 0
1 0 2 0 1 0 6 0
1 0 3 0 4 0 9 0
1 0 3 0 2 0 4 0
2 1 0 0 0 1 0 1
2 1 2 0 2 1 8 0
3 2 1 1 1 3 4 0
2 1 2 0 2 1 6 0
4 2 1 2 1 5 3 0
3 2 1 1 1 3 3 0
5 2 1 2 1 6 2 0
2 1 0 0 0 1 0 1
4 2 1 2 1 5 2 0
3 2 1 1 1 3 2 0
6 2 1 2 0 8 1 0
4 2 1 2 0 4 1 0
3 2 1 1 0 3 1 0
5 2 0 2 0 6 0 0
5 2 1 2 0 6 1 0
4 1 0 2 0 4 0 1
7 1 0 2 0 9 0 1
6 2 0 2 0 8 0 0
####
1 0 0 6 0 17 7 0 8 0
2 1 0 5 0 15 8 0 5 0
3 0 0 6 0 17 7 0 7 0
3 1 0 6 0 17 7 0 9 0
4 0 0 6 0 17 7 0 4 0
4 1 0 6 0 17 7 0 6 0
4 2 0 5 0 15 8 0 6 0
4 3 0 6 0 17 7 0 5 0
5 1 0 5 0 15 8 0 3 0
5 2 0 5 0 15 8 0 2 0
5 3 0 4 0 12 9 0 2 0
5 4 0 5 0 15 8 0 4 0
11 8 2 0 4 0 10 1 0 0
15 8 2 0 4 0 10 2 0 0
15 11 2 0 4 0 10 1 0 0
18 8 2 0 4 0 10 1 0 0
18 11 2 0 4 0 10 0 0 0
18 15 2 0 4 0 10 1 0 0
14 10 3 0 8 0 10 3 0 0
17 10 3 0 8 0 10 4 0 0
17 14 3 0 8 0 10 3 0 0
21 10 3 0 8 0 10 3 0 0
21 14 3 0 8 0 10 2 0 0
21 17 3 0 8 0 10 3 0 0
19 12 4 0 12 0 9 6 0 0
20 12 4 0 12 0 9 5 0 0
20 19 4 0 12 0 9 5 0 0
23 16 5 0 15 0 8 7 0 0
####
0 10 8 10 3 0 5
11 14 0 8 1 3 3
12 16 0 5 1 6 2
9 18 0 8 1 1 6
1 11 4 10 2 0 15
5 23 15 8 5 0 4
4 9 0 10 1 0 9
7 15 0 8 1 1 8
10 12 0 7 1 5 3
8 10 0 8 1 3 4
16 22 0 3 1 8 1
2 13 0 10 1 0 4
9 11 0 8 1 1 6
17 19 0 7 1 4 1
5 17 8 10 3 0 4
4 16 15 8 5 0 9
0 12 12 9 4 0 5
5 15 4 10 2 0 4
3 19 12 9 4 0 6
14 20 0 7 1 5 2
18 21 0 8 1 3 1
4 20 12 9 4 0 9
2 14 8 10 3 0 4
15 17 0 8 1 3 2
20 23 0 5 1 6 1
3 8 4 10 2 0 6
1 18 4 10 2 0 15
0 6 0 10 1 0 5
1 7 0 10 1 0 15
7 8 0 8 1 1 8
