1 0 3 0 3 0 7 0
1 0 4 0 3 0 5 0
1 0 3 0 3 0 9 0
2 2 1 0 1 2 3 0
2 2 1 0 1 2 2 0
3 2 1 2 1 4 2 0
3 2 0 2 0 3 0 0
4 2 1 2 0 5 1 0
5 1 0 2 0 6 0 1
3 2 1 2 0 3 1 0
4 1 0 2 0 4 0 1
2 2 1 0 0 2 1 0
####
1 0 0 4 0 8 4 0 5 0
2 0 0 4 0 8 4 0 6 0
2 1 0 4 0 8 4 0 5 0
4 3 1 0 0 0 6 0 0 0
11 3 1 0 0 0 6 0 0 0
11 4 1 0 0 0 6 0 0 0
9 5 2 0 3 0 6 2 0 0
9 6 2 0 3 0 6 2 0 0
6 5 2 0 3 0 6 1 0 0
10 7 3 0 6 0 5 4 0 0
####
3 5 0 6 1 2 3
4 9 0 6 1 2 2
5 7 0 5 1 4 2
2 11 0 6 1 0 9
9 10 0 5 1 3 1
1 5 3 6 2 0 5
2 3 0 6 1 0 9
1 6 3 6 2 0 5
0 4 0 6 1 0 7
0 9 3 6 2 0 7
0 3 0 6 1 0 7
1 11 0 6 1 0 5
7 8 0 3 1 5 1
2 4 0 6 1 0 9
11 6 0 6 1 2 1
1 7 6 5 3 0 5
