1 0 3 0 4 0 10 0
1 0 4 0 2 0 7 0
1 0 2 0 3 0 8 0
1 0 4 0 6 0 15 0
2 1 3 0 3 1 14 0
2 1 1 0 0 1 1 0
3 2 1 1 0 3 1 0
3 2 1 1 2 2 8 0
6 2 1 2 1 6 2 0
8 2 1 4 0 14 1 0
3 2 1 1 2 3 7 0
4 2 0 3 0 6 0 0
4 2 2 2 2 4 7 0
4 2 2 2 1 4 6 0
5 2 0 2 0 6 0 0
5 2 1 4 1 8 4 0
9 1 0 2 0 15 0 1
6 2 1 2 1 9 3 0
5 2 1 2 1 5 3 0
7 2 1 2 1 11 2 0
2 1 0 0 0 1 0 1
####
1 0 0 8 0 16 5 0 9 0
2 0 0 8 0 16 5 0 13 0
2 1 0 8 0 16 5 0 8 0
3 0 0 8 0 16 5 0 18 0
3 1 0 8 0 16 5 0 13 0
3 2 0 8 0 16 5 0 17 0
5 4 0 2 0 3 6 0 1 0
20 5 1 0 0 0 7 0 0 0
7 6 2 0 3 0 7 2 0 0
10 6 2 0 3 0 7 2 0 0
10 7 2 6 3 10 8 2 12 1
12 11 3 0 6 0 7 1 0 0
13 11 3 0 6 0 7 4 0 0
13 12 3 5 6 7 8 4 10 1
15 14 4 0 9 0 7 4 0 0
18 14 4 0 9 0 7 6 0 0
18 15 4 4 9 4 8 2 5 1
17 8 5 3 12 2 7 4 3 1
####
4 7 0 6 1 1 14
7 12 0 6 1 2 8
8 9 1 3 2 6 2
3 7 3 7 2 0 15
18 8 0 5 1 5 3
1 20 0 7 1 0 7
1 14 9 7 4 0 7
0 17 12 6 5 0 10
1 5 0 7 1 0 7
2 13 6 7 3 0 8
4 10 0 6 1 1 14
17 19 0 3 1 9 3
5 11 3 6 2 1 1
6 11 0 6 1 3 1
10 13 0 6 1 3 7
13 15 0 6 1 4 6
2 10 3 7 2 0 8
0 12 6 7 3 0 10
12 18 0 6 1 4 7
9 16 0 2 1 14 1
1 19 14 5 6 0 7
15 17 0 5 1 8 4
12 15 0 6 1 4 7
19 9 0 2 1 11 2
4 6 0 6 1 1 14
13 14 0 6 1 4 6
3 8 12 6 5 0 15
0 6 3 7 2 0 10
3 18 9 7 4 0 15
3 4 0 7 1 0 15
