1 0 3 0 2 0 6 0
1 0 4 0 5 0 10 0
2 1 2 0 1 1 5 0
1 0 2 0 3 0 9 0
2 2 2 0 2 2 8 0
2 1 0 0 0 1 0 1
3 2 1 2 1 3 4 0
6 2 1 2 0 8 1 0
4 2 1 3 1 5 3 0
4 2 1 2 0 5 1 0
3 2 1 2 1 4 2 0
7 1 0 2 0 9 0 1
5 2 1 2 1 6 2 0
5 2 0 2 0 7 0 0
####
1 0 0 6 0 10 4 0 7 0
3 0 0 6 0 10 4 0 6 0
3 1 0 6 0 10 4 0 11 0
4 2 1 5 0 7 7 0 7 1
10 6 2 0 3 0 5 2 0 0
9 8 3 0 5 0 5 5 0 0
13 12 4 0 7 0 5 8 0 0
####
1 2 0 6 1 0 10
9 13 0 4 1 5 1
4 10 0 5 1 2 8
4 6 0 5 1 2 8
1 12 7 5 4 0 10
8 12 0 4 1 5 3
6 8 0 4 1 3 4
2 8 2 5 2 1 5
12 7 0 3 1 6 2
0 7 9 4 5 0 6
1 4 0 6 1 0 10
2 13 4 5 3 1 5
0 5 0 6 1 0 6
1 9 5 5 3 0 10
3 6 3 5 2 0 9
0 10 3 5 2 0 6
7 11 0 2 1 8 1
3 4 0 6 1 0 9
10 9 0 4 1 4 2
