1 0 3 0 2 0 8 0
1 0 3 0 4 0 8 0
1 0 2 0 1 0 2 0
6 2 1 2 0 7 1 0
2 1 2 0 2 1 7 0
3 2 1 1 1 3 4 0
7 2 0 2 0 8 0 0
3 2 1 1 0 3 1 0
4 1 0 2 0 4 0 1
2 1 0 0 0 1 0 1
4 2 1 2 1 4 3 0
5 2 1 2 1 5 2 0
####
1 0 0 6 0 8 4 0 9 0
2 0 0 6 0 8 4 0 5 0
2 1 0 6 0 8 4 0 6 0
7 5 2 0 2 0 5 0 0 0
10 8 3 0 4 0 5 2 0 0
####
4 7 0 4 1 1 7
2 6 8 4 6 0 2
10 11 0 3 1 4 3
5 10 0 4 1 3 4
4 5 0 4 1 1 7
11 3 0 2 1 5 2
0 7 2 5 2 0 8
1 4 0 5 1 0 8
1 10 4 5 3 0 8
2 3 7 4 5 0 2
0 5 2 5 2 0 8
3 6 0 2 1 7 1
0 9 0 5 1 0 8
1 11 6 4 4 0 8
7 8 0 4 1 3 1
