1 0 4 0 5 0 11 0
1 0 2 0 1 0 9 0
1 0 3 0 4 0 6 0
2 1 1 0 1 1 10 0
8 2 1 2 2 9 3 0
3 2 1 1 1 2 9 0
4 2 1 2 2 4 8 0
5 2 2 2 1 5 7 0
9 2 2 2 0 10 2 0
6 1 0 2 0 6 0 1
10 1 0 2 0 11 0 1
6 2 1 2 1 7 5 0
7 2 1 2 1 8 4 0
10 2 0 2 0 11 0 0
####
1 0 0 9 0 9 5 0 14 0
2 0 0 9 0 9 5 0 12 0
2 1 0 9 0 9 5 0 10 0
11 9 5 0 4 0 5 8 0 0
13 10 9 0 9 0 5 16 0 0
####
3 5 0 2 1 1 10
6 7 0 2 1 4 8
8 13 0 3 1 10 2
4 8 0 2 1 9 3
5 6 0 2 1 2 9
2 8 8 4 8 0 6
1 13 9 5 9 0 9
2 11 4 5 5 0 6
8 10 0 3 1 10 2
0 7 3 4 4 0 11
0 12 6 4 6 0 11
12 4 0 2 1 8 4
0 5 1 4 2 0 11
1 6 2 4 3 0 9
7 11 0 3 1 5 7
0 3 0 4 1 0 11
11 12 0 3 1 7 5
2 4 7 4 7 0 6
7 9 0 3 1 5 7
