1 0 3 0 3 0 15 0
1 0 4 0 3 0 11 0
1 0 2 0 3 0 7 0
2 1 2 0 1 1 9 0
1 0 4 0 6 0 15 0
11 2 1 2 1 14 2 0
2 1 0 0 0 1 0 1
5 2 2 2 1 5 11 0
2 1 2 0 2 1 14 0
8 2 1 3 2 10 7 0
9 2 2 2 2 12 6 0
12 2 1 2 0 15 1 0
6 2 0 2 0 6 0 0
3 2 1 1 1 3 13 0
6 2 1 2 1 7 9 0
10 2 1 2 0 13 1 0
7 2 1 3 1 9 8 0
10 2 1 2 1 13 3 0
4 2 1 2 2 4 12 0
11 1 0 2 0 14 0 1
13 2 0 3 0 16 0 0
####
1 0 0 12 0 16 5 0 18 0
2 0 0 12 0 16 5 0 15 0
2 1 0 12 0 16 5 0 11 0
4 0 0 12 0 16 5 0 22 0
4 1 0 12 0 16 5 0 18 0
4 2 0 12 0 16 5 0 15 0
8 3 0 11 0 13 4 0 16 0
14 12 5 0 6 0 6 6 0 0
17 15 9 0 11 0 6 16 0 0
19 5 10 0 13 0 6 18 0 0
####
4 7 5 5 4 0 15
8 13 0 4 1 1 14
10 17 0 3 1 12 6
4 8 0 7 1 0 15
16 9 0 2 1 9 8
4 18 4 5 3 0 15
7 12 0 3 1 5 11
1 15 11 6 9 0 11
8 9 6 4 6 1 14
10 15 0 3 1 12 6
1 6 0 7 1 0 11
15 19 0 4 1 13 1
0 3 0 7 1 0 15
1 14 6 6 5 0 11
3 20 13 4 11 1 9
1 5 13 6 10 0 11
3 16 5 4 5 1 9
17 5 0 4 1 13 3
7 14 0 3 1 5 11
5 11 0 3 1 14 2
2 10 10 5 8 0 7
9 10 0 2 1 10 7
0 12 6 6 5 0 15
4 11 15 5 11 0 15
2 17 11 6 9 0 7
14 16 0 3 1 7 9
0 13 3 5 2 0 15
18 7 0 2 1 4 12
11 20 0 2 1 15 1
13 18 0 2 1 3 13
