1 0 3 0 3 0 11 0
1 0 3 0 4 0 15 0
1 0 2 0 2 0 3 0
1 0 3 0 2 0 4 0
2 1 3 0 3 1 14 0
3 2 2 1 4 3 9 0
2 1 0 0 0 1 0 1
4 1 3 2 2 4 8 0
5 2 1 1 1 5 3 0
5 2 1 1 1 6 2 0
7 2 1 4 0 7 1 0
3 2 1 1 1 3 2 0
3 2 0 1 0 2 0 0
5 2 0 1 0 6 0 0
8 1 0 2 0 8 0 1
6 2 1 2 0 7 1 0
4 2 1 2 0 4 1 0
6 2 1 2 1 6 2 0
7 1 0 2 0 8 0 1
5 1 0 2 0 5 0 1
####
1 0 0 7 0 15 5 0 11 0
2 0 0 6 0 13 6 0 6 0
2 1 0 6 0 13 6 0 7 0
3 0 0 4 0 7 8 0 2 0
3 1 0 4 0 7 8 0 3 0
11 5 2 0 2 0 7 2 0 0
12 5 2 0 2 0 7 2 0 0
12 11 2 0 2 0 7 2 0 0
16 7 3 0 5 0 6 4 0 0
9 8 4 0 7 0 8 4 0 0
13 8 4 0 7 0 8 4 0 0
13 9 4 0 7 0 8 4 0 0
19 8 4 0 7 0 8 6 0 0
19 9 4 0 7 0 8 6 0 0
19 13 4 0 7 0 8 6 0 0
17 15 5 0 11 0 6 6 0 0
18 10 6 0 13 0 6 8 0 0
####
11 16 0 5 1 3 2
1 17 11 6 5 0 15
3 11 2 7 2 0 4
4 12 0 5 1 1 14
2 9 7 8 4 0 3
9 15 0 6 1 6 2
15 18 0 4 1 7 1
3 16 5 6 3 0 4
3 13 7 8 4 0 4
4 5 0 5 1 1 14
17 10 0 4 1 6 2
1 4 0 6 1 0 15
0 5 2 7 2 0 11
8 17 0 6 1 5 3
16 19 0 6 1 4 1
0 8 7 8 4 0 11
4 11 0 5 1 1 14
7 9 0 6 1 4 8
5 10 8 5 4 3 9
1 12 2 7 2 0 15
5 7 0 5 1 3 9
7 13 0 6 1 4 8
0 6 0 6 1 0 11
10 14 0 3 1 7 1
2 15 11 6 5 0 3
7 8 0 6 1 4 8
