1 0 3 0 1 0 5 0
1 0 2 0 3 0 7 0
2 1 2 0 2 1 5 0
1 0 3 0 3 0 7 0
2 1 0 0 0 1 0 1
3 2 1 2 1 4 2 0
3 2 1 1 1 3 2 0
2 2 1 0 1 2 3 0
3 2 1 1 0 3 1 0
4 2 1 4 0 7 1 0
5 2 0 2 0 8 0 0
4 1 0 2 0 4 0 1
####
1 0 0 4 0 8 4 0 7 0
3 0 0 4 0 8 4 0 7 0
3 1 0 4 0 8 4 0 8 0
7 2 0 3 0 5 4 0 4 0
7 4 1 0 0 0 6 0 0 0
6 5 2 2 3 2 7 1 2 1
8 6 2 0 3 0 6 2 0 0
8 5 2 0 3 0 6 1 0 0
11 9 3 0 6 0 5 5 0 0
####
1 2 0 6 1 0 7
5 9 0 5 1 4 2
6 9 0 5 1 3 2
2 6 0 6 1 1 5
2 8 0 6 1 1 5
8 11 0 5 1 3 1
0 7 0 6 1 0 5
9 10 0 3 1 7 1
3 8 3 6 2 0 7
1 5 3 6 2 0 7
7 5 0 6 1 2 3
0 10 8 4 4 0 5
3 6 3 6 2 0 7
0 4 0 6 1 0 5
3 7 0 6 1 0 7
