1 0 3 0 3 0 8 0
1 0 3 0 2 0 8 0
1 0 3 0 4 0 10 0
7 2 1 2 1 8 3 0
2 1 2 0 1 1 9 0
3 2 1 1 1 3 7 0
3 2 0 1 0 3 0 0
8 2 1 2 1 9 2 0
4 2 1 2 1 5 6 0
9 2 1 2 0 10 1 0
5 2 1 2 1 6 5 0
10 1 0 2 0 11 0 1
6 2 1 2 1 7 4 0
####
1 0 0 9 0 9 4 0 13 0
2 0 0 9 0 9 4 0 15 0
2 1 0 9 0 9 4 0 14 0
6 5 2 0 1 0 5 2 0 0
####
2 7 7 4 7 0 10
4 6 0 3 1 1 9
4 5 0 3 1 1 9
8 10 0 2 1 5 6
1 10 4 4 4 0 8
10 12 0 2 1 6 5
12 3 0 2 1 7 4
1 8 3 4 3 0 8
9 11 0 2 1 10 1
0 5 1 5 2 0 8
2 12 5 4 5 0 10
1 6 1 5 2 0 8
0 9 8 4 8 0 8
3 7 0 2 1 8 3
0 3 6 4 6 0 8
2 4 0 4 1 0 10
5 8 0 3 1 3 7
7 9 0 2 1 9 2
