1 0 4 0 5 0 9 0
1 0 2 0 2 0 5 0
2 1 2 0 1 1 4 0
1 0 2 0 3 0 9 0
2 2 1 0 0 2 1 0
2 2 2 0 2 2 6 0
3 1 0 2 0 3 0 1
3 2 1 2 0 3 1 0
5 2 1 2 0 7 1 0
3 2 1 3 1 5 3 0
4 2 1 2 1 6 2 0
6 2 0 2 0 8 0 0
4 1 0 2 0 4 0 1
####
1 0 0 5 0 9 4 0 8 0
3 0 0 5 0 9 4 0 8 0
3 1 0 5 0 9 4 0 8 0
5 2 0 4 0 6 4 0 6 0
5 4 1 0 0 0 6 0 0 0
7 6 2 0 3 0 6 2 0 0
9 6 2 0 3 0 6 2 0 0
9 7 2 0 3 0 6 2 0 0
12 10 3 0 6 0 5 4 0 0
####
1 2 0 6 1 0 5
10 8 0 3 1 6 2
5 9 0 6 1 2 6
4 6 0 6 1 2 1
2 9 0 6 1 1 4
7 12 0 5 1 3 1
8 11 0 2 1 7 1
5 7 0 6 1 2 6
2 11 6 4 4 1 4
0 7 3 6 2 0 9
9 10 0 5 1 5 3
1 8 8 4 4 0 5
0 5 0 6 1 0 9
0 10 6 5 3 0 9
0 4 0 6 1 0 9
3 4 0 6 1 0 9
3 5 0 6 1 0 9
