1 0 4 0 4 0 10 0
1 0 4 0 5 0 8 0
2 1 2 0 2 1 9 0
5 2 1 2 1 5 2 0
3 2 1 1 0 2 1 0
3 2 1 1 2 3 7 0
5 2 1 2 1 5 2 0
6 2 1 2 0 6 1 0
6 2 1 2 0 6 1 0
4 2 2 2 2 4 6 0
7 1 0 2 0 7 0 1
7 2 0 3 0 8 0 0
####
1 0 0 6 0 8 4 0 10 0
5 4 2 4 1 5 6 2 3 1
6 3 4 0 4 0 4 6 0 0
8 7 5 0 6 0 4 8 0 0
11 10 6 0 8 0 4 11 0 0
####
5 9 0 3 1 3 7
6 8 0 4 1 5 2
0 2 0 3 1 0 10
9 3 0 3 1 4 6
8 10 0 4 1 6 1
0 7 6 4 5 0 10
1 5 1 4 2 0 8
1 8 6 4 5 0 8
2 5 0 3 1 1 9
1 6 4 4 4 0 8
1 9 3 3 3 0 8
7 11 0 4 1 6 1
0 4 1 4 2 0 10
3 7 0 4 1 5 2
0 3 4 4 4 0 10
9 6 0 3 1 4 6
2 4 0 3 1 1 9
4 11 5 4 4 2 1
