1 0 3 0 2 0 5 0
1 0 2 0 2 0 7 0
2 1 2 0 2 1 5 0
1 0 3 0 2 0 8 0
2 2 1 0 1 2 3 0
3 2 1 3 1 5 2 0
2 1 0 0 0 1 0 1
2 2 1 0 1 2 2 0
4 2 1 2 0 6 1 0
3 2 1 2 0 4 1 0
4 2 0 2 0 6 0 0
5 1 0 2 0 7 0 1
####
1 0 0 4 0 8 4 0 6 0
3 0 0 4 0 8 4 0 6 0
3 1 0 4 0 8 4 0 6 0
4 2 0 3 0 4 5 0 4 0
6 4 1 0 0 0 7 0 0 0
7 2 1 2 0 2 9 0 2 1
7 4 1 0 0 0 7 0 0 0
7 6 1 0 0 0 7 0 0 0
9 5 2 0 4 0 5 3 0 0
10 8 3 0 6 0 5 2 0 0
####
1 2 0 7 1 0 7
2 9 0 6 1 1 5
4 5 0 6 1 2 3
8 11 0 3 1 6 1
0 8 6 5 3 0 5
9 10 0 4 1 4 1
0 10 6 5 3 0 5
3 6 0 7 1 0 8
0 4 0 7 1 0 5
3 7 0 7 1 0 8
2 5 0 6 1 1 5
1 7 0 7 1 0 7
3 4 0 7 1 0 8
5 8 0 4 1 5 2
7 9 0 6 1 2 2
