1 0 4 0 4 0 6 0
1 0 3 0 5 0 9 0
4 2 1 2 1 4 3 0
2 1 3 0 2 1 8 0
3 2 1 1 0 2 1 0
3 2 1 1 0 3 1 0
4 2 0 3 0 5 0 0
5 2 1 2 1 5 2 0
6 2 1 2 0 6 1 0
7 1 0 2 0 7 0 1
3 2 1 1 1 2 4 0
####
1 0 0 6 0 8 3 0 8 0
5 4 2 1 1 0 7 2 0 1
10 4 2 0 1 0 5 2 0 0
10 5 2 0 1 0 5 2 0 0
6 2 3 0 4 0 4 1 0 0
####
2 7 0 3 1 4 3
7 8 0 2 1 5 2
3 5 0 4 1 1 8
1 3 0 3 1 0 9
4 6 0 5 1 2 1
5 6 0 5 1 3 1
3 10 0 4 1 1 8
0 7 6 3 4 0 6
1 4 1 5 2 0 9
8 9 0 2 1 6 1
0 5 1 5 2 0 6
1 10 1 5 2 0 9
0 8 7 3 5 0 6
3 4 0 4 1 1 8
0 2 4 4 3 0 6
10 2 0 5 1 2 4
