1 0 4 0 6 0 9 0
1 0 2 0 2 0 5 0
2 1 3 0 3 1 8 0
3 2 2 1 2 2 4 0
3 2 1 1 0 3 1 0
4 1 0 2 0 4 0 1
3 1 0 1 0 2 0 1
4 2 1 2 0 3 1 0
5 2 1 2 0 5 1 0
4 2 1 2 1 4 2 0
6 2 0 3 0 7 0 0
####
1 0 0 5 0 8 3 0 7 0
4 3 2 0 1 0 5 2 0 0
6 3 2 0 1 0 5 2 0 0
6 4 2 0 1 0 5 2 0 0
7 5 3 0 4 0 5 4 0 0
9 5 3 0 4 0 5 4 0 0
9 7 3 2 4 1 6 4 1 1
####
2 6 0 4 1 1 8
4 5 0 6 1 3 1
0 2 0 3 1 0 9
9 8 0 4 1 4 2
8 10 0 2 1 5 1
0 7 4 5 3 0 9
1 4 1 5 2 0 5
3 9 0 6 1 2 4
2 3 0 4 1 1 8
1 9 4 5 3 0 5
7 10 1 4 2 3 1
3 7 0 6 1 2 4
0 3 1 5 2 0 9
0 8 7 3 4 0 9
2 4 0 4 1 1 8
